	1.530	1.540	1.550	1.560	1.570
0.1	0.0000199062	0.0000231379	0.0000268722	0.0000311836	0.0000361570
0.2	0.0000795792	0.0000924986	0.0001074274	0.0001246634	0.0001445456
0.3	0.0001789452	0.0002079961	0.0002415653	0.0002803223	0.0003250293
0.4	0.0003178704	0.0003694749	0.0004291051	0.0004979497	0.0005773623
0.5	0.0004961683	0.0005767178	0.0006697937	0.0007772509	0.0009012013
0.6	0.0007135994	0.0008294462	0.0009633068	0.0011178480	0.0012961055
0.7	0.0009698715	0.0011273201	0.0013092488	0.0015192803	0.0017615380
0.8	0.0012646407	0.0014699393	0.0017071537	0.0019810051	0.0022968662
0.9	0.0015975113	0.0018568436	0.0021564858	0.0025023984	0.0029013630
1.0	0.0019680367	0.0022875133	0.0026566406	0.0030827564	0.0035742080
1.1	0.0023757202	0.0027613706	0.0032069455	0.0037212960	0.0043144889
1.2	0.0028200155	0.0032777800	0.0038066611	0.0044171563	0.0051212027
1.3	0.0033003274	0.0038360495	0.0044549823	0.0051694002	0.0059932579
1.4	0.0038160131	0.0044354314	0.0051510394	0.0059770156	0.0069294755
1.5	0.0043663830	0.0050751239	0.0058938996	0.0068389169	0.0079285917
1.6	0.0049507014	0.0057542717	0.0066825683	0.0077539471	0.0089892595
1.7	0.0055681882	0.0064719677	0.0075159910	0.0087208792	0.0101100507
1.8	0.0062180195	0.0072272544	0.0083930541	0.0097384185	0.0112894586
1.9	0.0068993290	0.0080191251	0.0093125877	0.0108052043	0.0125259003
2.0	0.0076112095	0.0088465255	0.0102733664	0.0119198121	0.0138177189
2.1	0.0083527138	0.0097083552	0.0112741117	0.0130807560	0.0151631865
2.2	0.0091228566	0.0106034695	0.0123134936	0.0142864906	0.0165605068
2.3	0.0099206154	0.0115306811	0.0133901331	0.0155354136	0.0180078176
2.4	0.0107449324	0.0124887614	0.0145026037	0.0168258684	0.0195031942
2.5	0.0115947159	0.0134764431	0.0156494337	0.0181561462	0.0210446519
2.6	0.0124688417	0.0144924211	0.0168291085	0.0195244887	0.0226301495
2.7	0.0133661549	0.0155353551	0.0180400727	0.0209290911	0.0242575919
2.8	0.0142854716	0.0166038715	0.0192807326	0.0223681042	0.0259248337
2.9	0.0152255804	0.0176965647	0.0205494580	0.0238396375	0.0276296821
3.0	0.0161852442	0.0188120001	0.0218445852	0.0253417619	0.0293699004
3.1	0.0171632019	0.0199487151	0.0231644188	0.0268725124	0.0311432112
3.2	0.0181581703	0.0211052222	0.0245072346	0.0284298910	0.0329472997
3.3	0.0191688458	0.0222800102	0.0258712817	0.0300118696	0.0347798171
3.4	0.0201939060	0.0234715468	0.0272547851	0.0316163929	0.0366383842
3.5	0.0212320120	0.0246782806	0.0286559482	0.0332413812	0.0385205942
3.6	0.0222818098	0.0258986431	0.0300729553	0.0348847333	0.0404240168
3.7	0.0233419323	0.0271310513	0.0315039740	0.0365443296	0.0423462012
3.8	0.0244110011	0.0283739091	0.0329471576	0.0382180348	0.0442846795
3.9	0.0254876286	0.0296256104	0.0344006482	0.0399037009	0.0462369704
4.0	0.0265704195	0.0308845402	0.0358625782	0.0415991701	0.0482005822
4.1	0.0276579728	0.0321490777	0.0373310738	0.0433022777	0.0501730162
4.2	0.0287488838	0.0334175977	0.0388042568	0.0450108549	0.0521517702
4.3	0.0298417457	0.0346884734	0.0402802473	0.0467227316	0.0541343419
4.4	0.0309351516	0.0359600778	0.0417571662	0.0484357395	0.0561182316
4.5	0.0320276963	0.0372307866	0.0432331373	0.0501477146	0.0581009459
4.6	0.0331179780	0.0384989795	0.0447062904	0.0518564999	0.0600800009
4.7	0.0342046003	0.0397630426	0.0461747627	0.0535599485	0.0620529248
4.8	0.0352861738	0.0410213709	0.0476367020	0.0552559259	0.0640172615
4.9	0.0363613178	0.0422723692	0.0490902683	0.0569423126	0.0659705733
5.0	0.0374286623	0.0435144554	0.0505336367	0.0586170070	0.0679104439
5.1	0.0384868493	0.0447460612	0.0519649992	0.0602779277	0.0698344813
5.2	0.0395345350	0.0459656350	0.0533825668	0.0619230160	0.0717403205
5.3	0.0405703910	0.0471716432	0.0547845721	0.0635502384	0.0736256264
5.4	0.0415931060	0.0483625722	0.0561692709	0.0651575887	0.0754880962
5.5	0.0426013877	0.0495369302	0.0575349445	0.0667430907	0.0773254624
5.6	0.0435939638	0.0506932492	0.0588799018	0.0683048002	0.0791354949
5.7	0.0445695841	0.0518300861	0.0602024808	0.0698408071	0.0809160035
5.8	0.0455270215	0.0529460251	0.0615010509	0.0713492378	0.0826648405
5.9	0.0464650738	0.0540396789	0.0627740145	0.0728282568	0.0843799028
6.0	0.0473825650	0.0551096902	0.0640198090	0.0742760692	0.0860591338
6.1	0.0482783464	0.0561547336	0.0652369082	0.0756909222	0.0877005263
6.2	0.0491512982	0.0571735168	0.0664238243	0.0770711071	0.0893021236
6.3	0.0500003309	0.0581647823	0.0675791093	0.0784149613	0.0908620221
6.4	0.0508243861	0.0591273083	0.0687013565	0.0797208695	0.0923783729
6.5	0.0516224382	0.0600599106	0.0697892020	0.0809872656	0.0938493836
6.6	0.0523934951	0.0609614436	0.0708413266	0.0822126346	0.0952733202
6.7	0.0531365995	0.0618308015	0.0718564563	0.0833955135	0.0966485083
6.8	0.0538508301	0.0626669196	0.0728333642	0.0845344932	0.0979733350
6.9	0.0545353024	0.0634687754	0.0737708719	0.0856282195	0.0992462505
7.0	0.0551891697	0.0642353897	0.0746678500	0.0866753946	0.1004657689
7.1	0.0558116240	0.0649658275	0.0755232200	0.0876747785	0.1016304702
7.2	0.0564018973	0.0656591991	0.0763359547	0.0886251898	0.1027390009
7.3	0.0569592615	0.0663146609	0.0771050797	0.0895255070	0.1037900757
7.4	0.0574830302	0.0669314164	0.0778296742	0.0903746694	0.1047824783
7.5	0.0579725588	0.0675087171	0.0785088716	0.0911716782	0.1057150624
7.6	0.0584272453	0.0680458628	0.0791418609	0.0919155974	0.1065867529
7.7	0.0588465311	0.0685422029	0.0797278869	0.0926055545	0.1073965464
7.8	0.0592299013	0.0689971367	0.0802662514	0.0932407413	0.1081435124
7.9	0.0595768857	0.0694101139	0.0807563135	0.0938204148	0.1088267937
8.0	0.0598870587	0.0697806354	0.0811974903	0.0943438975	0.1094456074
8.1	0.0601600403	0.0701082540	0.0815892576	0.0948105785	0.1099992453
8.2	0.0603954961	0.0703925741	0.0819311501	0.0952199132	0.1104870743
8.3	0.0605931377	0.0706332527	0.0822227623	0.0955714248	0.1109085374
8.4	0.0607527234	0.0708299998	0.0824637481	0.0958647038	0.1112631535
8.5	0.0608740579	0.0709825781	0.0826538219	0.0960994089	0.1115505184
8.6	0.0609569927	0.0710908039	0.0827927585	0.0962752671	0.1117703046
8.7	0.0610014264	0.0711545468	0.0828803933	0.0963920739	0.1119222617
8.8	0.0610073047	0.0711737300	0.0829166226	0.0964496934	0.1120062168
8.9	0.0609746203	0.0711483303	0.0829014033	0.0964480587	0.1120220742
9.0	0.0609034134	0.0710783785	0.0828347535	0.0963871717	0.1119698159
9.1	0.0607937708	0.0709639587	0.0827167522	0.0962671032	0.1118495014
9.2	0.0606458269	0.0708052087	0.0825475391	0.0960879927	0.1116612677
9.3	0.0604597624	0.0706023199	0.0823273148	0.0958500486	0.1114053291
9.4	0.0602358052	0.0703555368	0.0820563401	0.0955535477	0.1110819771
9.5	0.0599742295	0.0700651570	0.0817349366	0.0951988349	0.1106915805
9.6	0.0596753555	0.0697315307	0.0813634854	0.0947863236	0.1102345846
9.7	0.0593395494	0.0693550606	0.0809424275	0.0943164944	0.1097115109
9.8	0.0589672230	0.0689362014	0.0804722631	0.0937898953	0.1091229573
9.9	0.0585588330	0.0684754594	0.0799535513	0.0932071411	0.1084695970
10.0	0.0581148806	0.0679733917	0.0793869092	0.0925689129	0.1077521783
10.1	0.0576359113	0.0674306062	0.0787730118	0.0918759573	0.1069715238
10.2	0.0571225137	0.0668477604	0.0781125910	0.0911290861	0.1061285300
10.3	0.0565753197	0.0662255613	0.0774064353	0.0903291752	0.1052241665
10.4	0.0559950030	0.0655647641	0.0766553884	0.0894771643	0.1042594750
10.5	0.0553822789	0.0648661719	0.0758603493	0.0885740554	0.1032355689
10.6	0.0547379035	0.0641306349	0.0750222705	0.0876209128	0.1021536320
10.7	0.0540626727	0.0633590490	0.0741421578	0.0866188611	0.1010149176
10.8	0.0533574215	0.0625523555	0.0732210689	0.0855690851	0.0998207475
10.9	0.0526230228	0.0617115398	0.0722601125	0.0844728280	0.0985725110
11.0	0.0518603870	0.0608376302	0.0712604471	0.0833313909	0.0972716634
11.1	0.0510704604	0.0599316973	0.0702232801	0.0821461307	0.0959197250
11.2	0.0502542246	0.0589948525	0.0691498662	0.0809184598	0.0945182795
11.3	0.0494126953	0.0580282469	0.0680415065	0.0796498440	0.0930689727
11.4	0.0485469207	0.0570330699	0.0668995467	0.0783418013	0.0915735112
11.5	0.0476579813	0.0560105484	0.0657253761	0.0769959004	0.0900336604
11.6	0.0467469876	0.0549619449	0.0645204262	0.0756137592	0.0884512431
11.7	0.0458150796	0.0538885564	0.0632861687	0.0741970430	0.0868281377
11.8	0.0448634252	0.0527917128	0.0620241143	0.0727474630	0.0851662763
11.9	0.0438932187	0.0516727757	0.0607358109	0.0712667744	0.0834676430
12.0	0.0429056799	0.0505331364	0.0594228420	0.0697567743	0.0817342715
12.1	0.0419020520	0.0493742147	0.0580868250	0.0682193003	0.0799682436
12.2	0.0408836007	0.0481974572	0.0567294093	0.0666562282	0.0781716864
12.3	0.0398516125	0.0470043353	0.0553522743	0.0650694699	0.0763467708
12.4	0.0388073929	0.0457963441	0.0539571277	0.0634609715	0.0744957085
12.5	0.0377522653	0.0445750000	0.0525457035	0.0618327111	0.0726207499
12.6	0.0366875690	0.0433418392	0.0511197600	0.0601866961	0.0707241817
12.7	0.0356146579	0.0420984158	0.0496810774	0.0585249617	0.0688083243
12.8	0.0345348985	0.0408463001	0.0482314564	0.0568495678	0.0668755291
12.9	0.0334496684	0.0395870761	0.0467727152	0.0551625971	0.0649281759
13.0	0.0323603545	0.0383223405	0.0453066878	0.0534661522	0.0629686699
13.1	0.0312683513	0.0370536998	0.0438352219	0.0517623534	0.0609994394
13.2	0.0301750592	0.0357827688	0.0423601761	0.0500533361	0.0590229322
13.3	0.0290818824	0.0345111684	0.0408834179	0.0483412477	0.0570416132
13.4	0.0279902277	0.0332405236	0.0394068214	0.0466282458	0.0550579610
13.5	0.0269015018	0.0319724614	0.0379322647	0.0449164945	0.0530744651
13.6	0.0258171106	0.0307086085	0.0364616277	0.0432081625	0.0510936225
13.7	0.0247384562	0.0294505895	0.0349967896	0.0415054199	0.0491179347
13.8	0.0236669358	0.0282000248	0.0335396263	0.0398104351	0.0471499045
13.9	0.0226039396	0.0269585279	0.0320920083	0.0381253727	0.0451920325
14.0	0.0215508491	0.0257277041	0.0306557976	0.0364523899	0.0432468141
14.1	0.0205090350	0.0245091474	0.0292328460	0.0347936342	0.0413167358
14.2	0.0194798553	0.0233044391	0.0278249918	0.0331512400	0.0394042724
14.3	0.0184646540	0.0221151455	0.0264340579	0.0315273261	0.0375118828
14.4	0.0174647585	0.0209428153	0.0250618492	0.0299239925	0.0356420075
14.5	0.0164814785	0.0197889780	0.0237101495	0.0283433176	0.0337970645
14.6	0.0155161034	0.0186551417	0.0223807201	0.0267873554	0.0319794463
14.7	0.0145699014	0.0175427906	0.0210752963	0.0252581323	0.0301915163
14.8	0.0136441171	0.0164533834	0.0197955855	0.0237576446	0.0284356056
14.9	0.0127399697	0.0153883509	0.0185432647	0.0222878554	0.0267140094
15.0	0.0118586519	0.0143490942	0.0173199780	0.0208506916	0.0250289837
15.1	0.0110013275	0.0133369825	0.0161273344	0.0194480418	0.0233827422
15.2	0.0101691303	0.0123533513	0.0149669052	0.0180817524	0.0217774528
15.3	0.0093631619	0.0113995004	0.0138402220	0.0167536262	0.0202152343
15.4	0.0085844909	0.0104766920	0.0127487741	0.0154654184	0.0186981535
15.5	0.0078341504	0.0095861490	0.0116940067	0.0142188352	0.0172282217
15.6	0.0071131375	0.0087290528	0.0106773187	0.0130155303	0.0158073921
15.7	0.0064224109	0.0079065420	0.0097000601	0.0118571028	0.0144375561
15.8	0.0057628904	0.0071197108	0.0087635309	0.0107450949	0.0131205411
15.9	0.0051354547	0.0063696068	0.0078689782	0.0096809893	0.0118581073
16.0	0.0045409407	0.0056572301	0.0070175950	0.0086662069	0.0106519449
16.1	0.0039801421	0.0049835311	0.0062105179	0.0077021048	0.0095036716
16.2	0.0034538083	0.0043494098	0.0054488258	0.0067899742	0.0084148300
16.3	0.0029626430	0.0037557141	0.0047335380	0.0059310381	0.0073868849
16.4	0.0025073034	0.0032032384	0.0040656127	0.0051264497	0.0064212215
16.5	0.0020883993	0.0026927227	0.0034459456	0.0043772905	0.0055191426
16.6	0.0017064919	0.0022248511	0.0028753682	0.0036845686	0.0046818669
16.7	0.0013620932	0.0018002511	0.0023546469	0.0030492169	0.0039105269
16.8	0.0010556652	0.0014194926	0.0018844818	0.0024720920	0.0032061671
16.9	0.0007876191	0.0010830869	0.0014655053	0.0019539727	0.0025697420
17.0	0.0005583146	0.0007914859	0.0010982813	0.0014955585	0.0020021151
17.1	0.0003680598	0.0005450815	0.0007833044	0.0010974688	0.0015040570
17.2	0.0002171102	0.0003442051	0.0005209989	0.0007602419	0.0010762446
17.3	0.0001056687	0.0001891267	0.0003117184	0.0004843338	0.0007192594
17.4	0.0000338850	0.0000800551	0.0001557451	0.0002701181	0.0004335870
17.5	0.0000018556	0.0000171370	0.0000532894	0.0001178845	0.0002196161
17.6	0.0000096236	0.0000004571	0.0000044894	0.0000278393	0.0000776382
17.7	0.0000571785	0.0000300378	0.0000094111	0.0000001045	0.0000078464
17.8	0.0001444564	0.0001058393	0.0000680476	0.0000347175	0.0000103358
17.9	0.0002713400	0.0002277597	0.0001803201	0.0001316315	0.0000851031
18.0	0.0004376588	0.0003956348	0.0003460769	0.0002907152	0.0002320464
18.1	0.0006431893	0.0006092388	0.0005650946	0.0005117533	0.0004509657
18.2	0.0008876555	0.0008682845	0.0008370778	0.0007944466	0.0007415628
18.3	0.0011707290	0.0011724236	0.0011616601	0.0011384124	0.0011034425
18.4	0.0014920300	0.0015212473	0.0015384040	0.0015431857	0.0015361123
18.5	0.0018511274	0.0019142872	0.0019668024	0.0020082191	0.0020389842
18.6	0.0022475395	0.0023510154	0.0024462785	0.0025328843	0.0026113749
18.7	0.0026807351	0.0028308461	0.0029761875	0.0031164730	0.0032525073
18.8	0.0031501338	0.0033531357	0.0035558173	0.0037581978	0.0039615116
18.9	0.0036551074	0.0039171844	0.0041843893	0.0044571937	0.0047374269
19.0	0.0041949802	0.0045222370	0.0048610601	0.0052125193	0.0055792028
19.1	0.0047690306	0.0051674841	0.0055849225	0.0060231583	0.0064857007
19.2	0.0053764919	0.0058520630	0.0063550070	0.0068880213	0.0074556961
19.3	0.0060165534	0.0065750597	0.0071702833	0.0078059473	0.0084878803
19.4	0.0066883615	0.0073355095	0.0080296617	0.0087757055	0.0095808628
19.5	0.0073910215	0.0081323992	0.0089319953	0.0097959976	0.0107331731
19.6	0.0081235982	0.0089646678	0.0098760808	0.0108654592	0.0119432635
19.7	0.0088851177	0.0098312087	0.0108606615	0.0119826625	0.0132095112
19.8	0.0096745687	0.0107308712	0.0118844280	0.0131461181	0.0145302211
19.9	0.0104909040	0.0116624621	0.0129460211	0.0143542774	0.0159036283
20.0	0.0113330422	0.0126247473	0.0140440335	0.0156055353	0.0173279009
20.1	0.0121998686	0.0136164539	0.0151770116	0.0168982319	0.0188011430
20.2	0.0130902376	0.0146362722	0.0163434582	0.0182306558	0.0203213975
20.3	0.0140029741	0.0156828569	0.0175418342	0.0196010461	0.0218866491
20.4	0.0149368746	0.0167548297	0.0187705612	0.0210075953	0.0234948273
20.5	0.0158907099	0.0178507811	0.0200280238	0.0224484520	0.0251438099
20.6	0.0168632260	0.0189692723	0.0213125715	0.0239217235	0.0268314256
20.7	0.0178531462	0.0201088372	0.0226225217	0.0254254786	0.0285554578
20.8	0.0188591730	0.0212679847	0.0239561616	0.0269577504	0.0303136476
20.9	0.0198799894	0.0224452007	0.0253117509	0.0285165392	0.0321036973
21.0	0.0209142614	0.0236389500	0.0266875241	0.0300998153	0.0339232734
21.1	0.0219606395	0.0248476788	0.0280816933	0.0317055220	0.0357700105
21.2	0.0230177602	0.0260698164	0.0294924502	0.0333315782	0.0376415141
21.3	0.0240842485	0.0273037778	0.0309179688	0.0349758819	0.0395353646
21.4	0.0251587194	0.0285479655	0.0323564081	0.0366363123	0.0414491202
21.5	0.0262397797	0.0298007718	0.0338059145	0.0383107334	0.0433803206
21.6	0.0273260299	0.0310605810	0.0352646239	0.0399969966	0.0453264903
21.7	0.0284160664	0.0323257714	0.0367306648	0.0416929437	0.0472851420
21.8	0.0295084827	0.0335947176	0.0382021605	0.0433964095	0.0492537798
21.9	0.0306018718	0.0348657925	0.0396772315	0.0451052252	0.0512299028
22.0	0.0316948277	0.0361373694	0.0411539981	0.0468172208	0.0532110083
22.1	0.0327859475	0.0374078244	0.0426305826	0.0485302281	0.0551945950
22.2	0.0338738329	0.0386755381	0.0441051121	0.0502420834	0.0571781662
22.3	0.0349570922	0.0399388976	0.0455757205	0.0519506302	0.0591592332
22.4	0.0360343418	0.0411962991	0.0470405508	0.0536537221	0.0611353181
22.5	0.0371042083	0.0424461493	0.0484977581	0.0553492255	0.0631039572
22.6	0.0381653299	0.0436868677	0.0499455108	0.0570350218	0.0650627038
22.7	0.0392163582	0.0449168884	0.0513819937	0.0587090104	0.0670091313
22.8	0.0402559601	0.0461346620	0.0528054099	0.0603691112	0.0689408360
22.9	0.0412828187	0.0473386577	0.0542139830	0.0620132666	0.0708554400
23.0	0.0422956359	0.0485273649	0.0556059589	0.0636394448	0.0727505940
23.1	0.0432931331	0.0496992949	0.0569796084	0.0652456410	0.0746239799
23.2	0.0442740532	0.0508529831	0.0583332287	0.0668298809	0.0764733133
23.3	0.0452371619	0.0519869901	0.0596651458	0.0683902219	0.0782963463
23.4	0.0461812493	0.0530999040	0.0609737161	0.0699247561	0.0800908701
23.5	0.0471051312	0.0541903415	0.0622573282	0.0714316117	0.0818547167
23.6	0.0480076504	0.0552569498	0.0635144051	0.0729089556	0.0835857621
23.7	0.0488876783	0.0562984080	0.0647434055	0.0743549950	0.0852819276
23.8	0.0497441159	0.0573134285	0.0659428257	0.0757679797	0.0869411830
23.9	0.0505758953	0.0583007587	0.0671112012	0.0771462033	0.0885615477
24.0	0.0513819807	0.0592591820	0.0682471082	0.0784880058	0.0901410931
24.1	0.0521613697	0.0601875196	0.0693491654	0.0797917746	0.0916779447
24.2	0.0529130942	0.0610846312	0.0704160350	0.0810559465	0.0931702835
24.3	0.0536362220	0.0619494167	0.0714464244	0.0822790092	0.0946163482
24.4	0.0543298570	0.0627808173	0.0724390873	0.0834595026	0.0960144363
24.5	0.0549931411	0.0635778165	0.0733928254	0.0845960206	0.0973629063
24.6	0.0556252545	0.0643394410	0.0743064890	0.0856872122	0.0986601786
24.7	0.0562254166	0.0650647622	0.0751789789	0.0867317827	0.0999047376
24.8	0.0567928872	0.0657528968	0.0760092466	0.0877284952	0.1010951323
24.9	0.0573269672	0.0664030077	0.0767962962	0.0886761717	0.1022299782
25.0	0.0578269991	0.0670143051	0.0775391848	0.0895736940	0.1033079580
25.1	0.0582923678	0.0675860470	0.0782370236	0.0904200048	0.1043278233
25.2	0.0587225015	0.0681175403	0.0788889788	0.0912141087	0.1052883949
25.3	0.0591168718	0.0686081412	0.0794942723	0.0919550732	0.1061885646
25.4	0.0594749950	0.0690572559	0.0800521825	0.0926420293	0.1070272955
25.5	0.0597964317	0.0694643414	0.0805620451	0.0932741725	0.1078036229
25.6	0.0600807880	0.0698289058	0.0810232534	0.0938507633	0.1085166556
25.7	0.0603277155	0.0701505089	0.0814352592	0.0943711278	0.1091655759
25.8	0.0605369120	0.0704287625	0.0817975731	0.0948346588	0.1097496408
25.9	0.0607081212	0.0706633311	0.0821097650	0.0952408155	0.1102681820
26.0	0.0608411338	0.0708539319	0.0823714646	0.0955891247	0.1107206073
26.1	0.0609357870	0.0710003351	0.0825823616	0.0958791807	0.1111064001
26.2	0.0609919651	0.0711023643	0.0827422061	0.0961106460	0.1114251203
26.3	0.0610095992	0.0711598967	0.0828508087	0.0962832513	0.1116764047
26.4	0.0609886680	0.0711728629	0.0829080406	0.0963967959	0.1118599669
26.5	0.0609291970	0.0711412474	0.0829138343	0.0964511478	0.1119755980
26.6	0.0608312588	0.0710650882	0.0828681828	0.0964462437	0.1120231663
26.7	0.0606949734	0.0709444770	0.0827711401	0.0963820895	0.1120026177
26.8	0.0605205074	0.0707795592	0.0826228212	0.0962587596	0.1119139755
26.9	0.0603080742	0.0705705334	0.0824234018	0.0960763975	0.1117573407
27.0	0.0600579340	0.0703176517	0.0821731183	0.0958352152	0.1115328916
27.1	0.0597703931	0.0700212189	0.0818722673	0.0955354933	0.1112408838
27.2	0.0594458036	0.0696815927	0.0815212058	0.0951775808	0.1108816502
27.3	0.0590845635	0.0692991830	0.0811203503	0.0947618943	0.1104556003
27.4	0.0586871158	0.0688744517	0.0806701769	0.0942889185	0.1099632204
27.5	0.0582539482	0.0684079122	0.0801712206	0.0937592049	0.1094050729
27.6	0.0577855928	0.0679001288	0.0796240751	0.0931733721	0.1087817959
27.7	0.0572826252	0.0673517162	0.0790293916	0.0925321048	0.1080941027
27.8	0.0567456639	0.0667633391	0.0783878790	0.0918361532	0.1073427816
27.9	0.0561753702	0.0661357110	0.0777003027	0.0910863326	0.1065286946
28.0	0.0555724468	0.0654695940	0.0769674840	0.0902835225	0.1056527775
28.1	0.0549376372	0.0647657978	0.0761902993	0.0894286660	0.1047160385
28.2	0.0542717255	0.0640251790	0.0753696795	0.0885227688	0.1037195577
28.3	0.0535755347	0.0632486398	0.0745066087	0.0875668981	0.1026644863
28.4	0.0528499264	0.0624371279	0.0736021235	0.0865621823	0.1015520452
28.5	0.0520957996	0.0615916345	0.0726573119	0.0855098092	0.1003835246
28.6	0.0513140897	0.0607131941	0.0716733122	0.0844110254	0.0991602826
28.7	0.0505057678	0.0598028829	0.0706513120	0.0832671348	0.0978837437
28.8	0.0496718391	0.0588618180	0.0695925468	0.0820794978	0.0965553982
28.9	0.0488133423	0.0578911558	0.0684982989	0.0808495295	0.0951768005
29.0	0.0479313480	0.0568920912	0.0673698960	0.0795786986	0.0937495676
29.1	0.0470269577	0.0558658560	0.0662087099	0.0782685261	0.0922753781
29.2	0.0461013026	0.0548137176	0.0650161548	0.0769205833	0.0907559701
29.3	0.0451555422	0.0537369778	0.0637936862	0.0755364909	0.0891931400
29.4	0.0441908630	0.0526369708	0.0625427991	0.0741179168	0.0875887404
29.5	0.0432084769	0.0515150626	0.0612650265	0.0726665746	0.0859446788
29.6	0.0422096204	0.0503726485	0.0599619376	0.0711842217	0.0842629152
29.7	0.0411955524	0.0492111523	0.0586351360	0.0696726578	0.0825454605
29.8	0.0401675532	0.0480320239	0.0572862584	0.0681337224	0.0807943743
29.9	0.0391269227	0.0468367383	0.0559169720	0.0665692935	0.0790117631
30.0	0.0380749790	0.0456267936	0.0545289733	0.0649812849	0.0771997775
30.1	0.0370130568	0.0444037090	0.0531239859	0.0633716445	0.0753606105
30.2	0.0359425056	0.0431690235	0.0517037582	0.0617423520	0.0734964948
30.3	0.0348646883	0.0419242934	0.0502700619	0.0600954166	0.0716097007
30.4	0.0337809793	0.0406710910	0.0488246894	0.0584328748	0.0697025330
30.5	0.0326927628	0.0394110024	0.0473694522	0.0567567878	0.0677773290
30.6	0.0316014313	0.0381456257	0.0459061780	0.0550692395	0.0658364558
30.7	0.0305083834	0.0368765685	0.0444367093	0.0533723335	0.0638823070
30.8	0.0294150225	0.0356054468	0.0429629004	0.0516681911	0.0619173005
30.9	0.0283227547	0.0343338821	0.0414866154	0.0499589482	0.0599438754
31.0	0.0272329870	0.0330634998	0.0400097262	0.0482467532	0.0579644890
31.1	0.0261471257	0.0317959269	0.0385341094	0.0465337637	0.0559816139
31.2	0.0250665742	0.0305327902	0.0370616445	0.0448221446	0.0539977350
31.3	0.0239927314	0.0292757136	0.0355942112	0.0431140644	0.0520153461
31.4	0.0229269900	0.0280263168	0.0341336872	0.0414116932	0.0500369470
31.5	0.0218707342	0.0267862122	0.0326819454	0.0397171994	0.0480650404
31.6	0.0208253381	0.0255570036	0.0312408516	0.0380327472	0.0461021282
31.7	0.0197921640	0.0243402835	0.0298122620	0.0363604935	0.0441507088
31.8	0.0187725601	0.0231376312	0.0283980209	0.0347025848	0.0422132731
31.9	0.0177678593	0.0219506106	0.0269999576	0.0330611551	0.0402923019
32.0	0.0167793767	0.0207807680	0.0256198847	0.0314383220	0.0383902618
32.1	0.0158084082	0.0196296299	0.0242595950	0.0298361844	0.0365096023
32.2	0.0148562287	0.0184987012	0.0229208592	0.0282568195	0.0346527524
32.3	0.0139240899	0.0173894627	0.0216054236	0.0267022798	0.0328221169
32.4	0.0130132193	0.0163033694	0.0203150072	0.0251745902	0.0310200730
32.5	0.0121248176	0.0152418480	0.0190512997	0.0236757451	0.0292489674
32.6	0.0112600577	0.0142062952	0.0178159591	0.0222077058	0.0275111124
32.7	0.0104200826	0.0131980758	0.0166106088	0.0207723972	0.0258087827
32.8	0.0096060041	0.0122185204	0.0154368358	0.0193717054	0.0241442120
32.9	0.0088189008	0.0112689235	0.0142961883	0.0180074748	0.0225195901
33.0	0.0080598169	0.0103505421	0.0131901731	0.0166815054	0.0209370589
33.1	0.0073297606	0.0094645933	0.0121202536	0.0153955499	0.0193987098
33.2	0.0066297025	0.0086122527	0.0110878480	0.0141513115	0.0179065805
33.3	0.0059605742	0.0077946529	0.0100943265	0.0129504411	0.0164626514
33.4	0.0053232674	0.0070128815	0.0091410097	0.0117945348	0.0150688432
33.5	0.0047186316	0.0062679797	0.0082291664	0.0106851314	0.0137270135
33.6	0.0041474741	0.0055609407	0.0073600122	0.0096237102	0.0124389539
33.7	0.0036105576	0.0048927080	0.0065347067	0.0086116888	0.0112063878
33.8	0.0031085999	0.0042641744	0.0057543528	0.0076504208	0.0100309668
33.9	0.0026422727	0.0036761804	0.0050199941	0.0067411934	0.0089142687
34.0	0.0022122001	0.0031295129	0.0043326141	0.0058852260	0.0078577951
34.1	0.0018189583	0.0026249042	0.0036931342	0.0050836679	0.0068629683
34.2	0.0014630745	0.0021630305	0.0031024121	0.0043375965	0.0059311298
34.3	0.0011450258	0.0017445113	0.0025612412	0.0036480158	0.0050635378
34.4	0.0008652391	0.0013699085	0.0020703486	0.0030158546	0.0042613651
34.5	0.0006240899	0.0010397251	0.0016303945	0.0024419652	0.0035256973
34.6	0.0004219019	0.0007544046	0.0012419710	0.0019271221	0.0028575311
34.7	0.0002589469	0.0005143306	0.0009056010	0.0014720203	0.0022577726
34.8	0.0001354437	0.0003198259	0.0006217377	0.0010772748	0.0017272358
34.9	0.0000515583	0.0001711521	0.0003907635	0.0007434195	0.0012666412
35.0	0.0000074035	0.0000685093	0.0002129900	0.0004709057	0.0008766150
35.1	0.0000030385	0.0000120354	0.0000886568	0.0002601024	0.0005576875
35.2	0.0000384694	0.0000018067	0.0000179317	0.0001112949	0.0003102927
35.3	0.0001136484	0.0000378367	0.0000009100	0.0000246847	0.0001347673
35.4	0.0002284744	0.0001200770	0.0000376148	0.0000003891	0.0000313503
35.5	0.0003827933	0.0002484170	0.0001279964	0.0000384410	0.0000001825
35.6	0.0005763976	0.0004226840	0.0002719330	0.0001387888	0.0000413063
35.7	0.0008090273	0.0006426435	0.0004692305	0.0003012967	0.0001546659
35.8	0.0010803699	0.0009079998	0.0007196228	0.0005257445	0.0003401067
35.9	0.0013900613	0.0012183961	0.0010227724	0.0008118287	0.0005973764
36.0	0.0017376857	0.0015734152	0.0013782707	0.0011591619	0.0009261247
36.1	0.0021227771	0.0019725804	0.0017856390	0.0015672744	0.0013259044
36.2	0.0025448191	0.0024153558	0.0022443289	0.0020356145	0.0017961719
36.3	0.0030032463	0.0029011473	0.0027537233	0.0025635495	0.0023362880
36.4	0.0034974449	0.0034293035	0.0033131374	0.0031503666	0.0029455191
36.5	0.0040267536	0.0039991168	0.0039218195	0.0037952740	0.0036230386
36.6	0.0045904648	0.0046098244	0.0045789527	0.0044974026	0.0043679278
36.7	0.0051878252	0.0052606092	0.0052836556	0.0052558067	0.0051791776
36.8	0.0058180376	0.0059506015	0.0060349839	0.0060694661	0.0060556902
36.9	0.0064802612	0.0066788800	0.0068319321	0.0069372872	0.0069962811
37.0	0.0071736138	0.0074444733	0.0076734345	0.0078581052	0.0079996804
37.1	0.0078971723	0.0082463613	0.0085583673	0.0088306857	0.0090645354
37.2	0.0086499745	0.0090834766	0.0094855501	0.0098537263	0.0101894126
37.3	0.0094310204	0.0099547064	0.0104537478	0.0109258594	0.0113728000
37.4	0.0102392735	0.0108588939	0.0114616721	0.0120456536	0.0126131093
37.5	0.0110736627	0.0117948400	0.0125079841	0.0132116162	0.0139086788
37.6	0.0119330833	0.0127613053	0.0135912958	0.0144221954	0.0152577758
37.7	0.0128163990	0.0137570116	0.0147101723	0.0156757830	0.0166585993
37.8	0.0137224433	0.0147806439	0.0158631339	0.0169707163	0.0181092827
37.9	0.0146500215	0.0158308524	0.0170486584	0.0183052809	0.0196078971
38.0	0.0155979118	0.0169062543	0.0182651831	0.0196777134	0.0211524539
38.1	0.0165648676	0.0180054359	0.0195111075	0.0210862039	0.0227409079
38.2	0.0175496190	0.0191269543	0.0207847951	0.0225288985	0.0243711605
38.3	0.0185508746	0.0202693401	0.0220845761	0.0240039023	0.0260410630
38.4	0.0195673232	0.0214310986	0.0234087498	0.0255092821	0.0277484195
38.5	0.0205976359	0.0226107127	0.0247555868	0.0270430691	0.0294909903
38.6	0.0216404675	0.0238066446	0.0261233317	0.0286032619	0.0312664953
38.7	0.0226944586	0.0250173378	0.0275102053	0.0301878292	0.0330726173
38.8	0.0237582378	0.0262412197	0.0289144074	0.0317947130	0.0349070054
38.9	0.0248304226	0.0274767032	0.0303341189	0.0334218308	0.0367672781
39.0	0.0259096222	0.0287221895	0.0317675047	0.0350670795	0.0386510272
39.1	0.0269944389	0.0299760694	0.0332127158	0.0367283376	0.0405558207
39.2	0.0280834702	0.0312367264	0.0346678924	0.0384034680	0.0424792065
39.3	0.0291753101	0.0325025382	0.0361311656	0.0400903218	0.0444187158
39.4	0.0302685517	0.0337718789	0.0376006605	0.0417867401	0.0463718664
39.5	0.0313617885	0.0350431213	0.0390744985	0.0434905576	0.0483361658
39.6	0.0324536164	0.0363146392	0.0405507996	0.0451996053	0.0503091153
39.7	0.0335426356	0.0375848089	0.0420276851	0.0469117132	0.0522882125
39.8	0.0346274520	0.0388520120	0.0435032797	0.0486247132	0.0542709550
39.9	0.0357066796	0.0401146367	0.0449757144	0.0503364421	0.0562548436
40.0	0.0367789416	0.0413710805	0.0464431281	0.0520447438	0.0582373855
40.1	0.0378428724	0.0426197518	0.0479036707	0.0537474726	0.0602160973
40.2	0.0388971195	0.0438590720	0.0493555049	0.0554424955	0.0621885084
40.3	0.0399403448	0.0450874773	0.0507968086	0.0571276950	0.0641521638
40.4	0.0409712265	0.0463034211	0.0522257771	0.0588009716	0.0661046271
40.5	0.0419884604	0.0475053749	0.0536406253	0.0604602461	0.0680434837
40.6	0.0429907618	0.0486918313	0.0550395899	0.0621034625	0.0699663433
40.7	0.0439768670	0.0498613048	0.0564209312	0.0637285903	0.0718708429
40.8	0.0449455346	0.0510123342	0.0577829354	0.0653336265	0.0737546496
40.9	0.0458955470	0.0521434839	0.0591239164	0.0669165983	0.0756154629
41.0	0.0468257120	0.0532533458	0.0604422181	0.0684755651	0.0774510177
41.1	0.0477348642	0.0543405407	0.0617362157	0.0700086208	0.0792590867
41.2	0.0486218661	0.0554037204	0.0630043179	0.0715138958	0.0810374825
41.3	0.0494856094	0.0564415683	0.0642449686	0.0729895591	0.0827840604
41.4	0.0503250167	0.0574528017	0.0654566486	0.0744338203	0.0844967204
41.5	0.0511390423	0.0584361730	0.0666378771	0.0758449314	0.0861734094
41.6	0.0519266734	0.0593904707	0.0677872137	0.0772211887	0.0878121233
41.7	0.0526869314	0.0603145213	0.0689032593	0.0785609346	0.0894109093
41.8	0.0534188730	0.0612071901	0.0699846583	0.0798625593	0.0909678674
41.9	0.0541215911	0.0620673826	0.0710300995	0.0811245023	0.0924811526
42.0	0.0547942158	0.0628940460	0.0720383174	0.0823452542	0.0939489763
42.1	0.0554359156	0.0636861695	0.0730080942	0.0835233578	0.0953696086
42.2	0.0560458978	0.0644427862	0.0739382600	0.0846574101	0.0967413794
42.3	0.0566234098	0.0651629737	0.0748276948	0.0857460630	0.0980626802
42.4	0.0571677400	0.0658458550	0.0756753295	0.0867880251	0.0993319652
42.5	0.0576782180	0.0664905997	0.0764801464	0.0877820627	0.1005477532
42.6	0.0581542158	0.0670964244	0.0772411809	0.0887270010	0.1017086287
42.7	0.0585951483	0.0676625942	0.0779575219	0.0896217252	0.1028132430
42.8	0.0590004738	0.0681884225	0.0786283132	0.0904651813	0.1038603153
42.9	0.0593696949	0.0686732726	0.0792527538	0.0912563775	0.1048486342
43.0	0.0597023587	0.0691165577	0.0798300990	0.0919943846	0.1057770584
43.1	0.0599980574	0.0695177420	0.0803596609	0.0926783374	0.1066445175
43.2	0.0602564286	0.0698763407	0.0808408092	0.0933074346	0.1074500132
43.3	0.0604771560	0.0701919207	0.0812729719	0.0938809406	0.1081926200
43.4	0.0606599694	0.0704641014	0.0816556354	0.0943981851	0.1088714858
43.5	0.0608046450	0.0706925544	0.0819883453	0.0948585645	0.1094858328
43.6	0.0609110058	0.0708770044	0.0822707070	0.0952615417	0.1100349580
43.7	0.0609789218	0.0710172290	0.0825023855	0.0956066473	0.1105182335
43.8	0.0610083099	0.0711130593	0.0826831062	0.0958934794	0.1109351075
43.9	0.0609991341	0.0711643798	0.0828126551	0.0961217040	0.1112851042
44.0	0.0609514058	0.0711711288	0.0828908785	0.0962910558	0.1115678247
44.1	0.0608651832	0.0711332981	0.0829176840	0.0964013378	0.1117829468
44.2	0.0607405717	0.0710509334	0.0828930397	0.0964524218	0.1119302254
44.3	0.0605777239	0.0709241337	0.0828169748	0.0964442484	0.1120094929
44.4	0.0603768390	0.0707530519	0.0826895794	0.0963768271	0.1120206590
44.5	0.0601381629	0.0705378940	0.0825110044	0.0962502363	0.1119637110
44.6	0.0598619877	0.0702789196	0.0822814615	0.0960646232	0.1118387137
44.7	0.0595486518	0.0699764408	0.0820012227	0.0958202036	0.1116458095
44.8	0.0591985391	0.0696308226	0.0816706203	0.0955172619	0.1113852181
44.9	0.0588120790	0.0692424822	0.0812900465	0.0951561507	0.1110572362
45.0	0.0583897457	0.0688118888	0.0808599534	0.0947372906	0.1106622379
45.1	0.0579320578	0.0683395628	0.0803808517	0.0942611698	0.1102006736
45.2	0.0574395775	0.0678260756	0.0798533113	0.0937283437	0.1096730705
45.3	0.0569129105	0.0672720490	0.0792779601	0.0931394344	0.1090800313
45.4	0.0563527051	0.0666781544	0.0786554833	0.0924951303	0.1084222346
45.5	0.0557596514	0.0660451121	0.0779866234	0.0917961851	0.1077004337
45.6	0.0551344806	0.0653736911	0.0772721790	0.0910434178	0.1069154565
45.7	0.0544779644	0.0646647076	0.0765130041	0.0902377114	0.1060682043
45.8	0.0537909141	0.0639190244	0.0757100074	0.0893800125	0.1051596519
45.9	0.0530741797	0.0631375505	0.0748641514	0.0884713300	0.1041908459
46.0	0.0523286488	0.0623212393	0.0739764513	0.0875127349	0.1031629046
46.1	0.0515552459	0.0614710884	0.0730479744	0.0865053585	0.1020770165
46.2	0.0507549313	0.0605881381	0.0720798385	0.0854503921	0.1009344398
46.3	0.0499286999	0.0596734703	0.0710732112	0.0843490854	0.0997365010
46.4	0.0490775802	0.0587282078	0.0700293086	0.0832027456	0.0984845939
46.5	0.0482026334	0.0577535123	0.0689493941	0.0820127360	0.0971801782
46.6	0.0473049516	0.0567505841	0.0678347769	0.0807804747	0.0958247788
46.7	0.0463856572	0.0557206598	0.0666868110	0.0795074334	0.0944199837
46.8	0.0454459011	0.0546650119	0.0655068935	0.0781951359	0.0929674430
46.9	0.0444868616	0.0535849466	0.0642964633	0.0768451562	0.0914688672
47.0	0.0435097433	0.0524818029	0.0630569993	0.0754591178	0.0899260259
47.1	0.0425157752	0.0513569507	0.0617900192	0.0740386909	0.0883407456
47.2	0.0415062094	0.0502117896	0.0604970777	0.0725855918	0.0867149086
47.3	0.0404823200	0.0490477469	0.0591797646	0.0711015802	0.0850504506
47.4	0.0394454011	0.0478662764	0.0578397031	0.0695884580	0.0833493591
47.5	0.0383967654	0.0466688562	0.0564785483	0.0680480670	0.0816136714
47.6	0.0373377426	0.0454569875	0.0550979851	0.0664822871	0.0798454722
47.7	0.0362696780	0.0442321924	0.0536997260	0.0648930341	0.0780468920
47.8	0.0351939305	0.0429960124	0.0522855097	0.0632822577	0.0762201043
47.9	0.0341118713	0.0417500061	0.0508570986	0.0616519393	0.0743673237
48.0	0.0330248816	0.0404957480	0.0494162769	0.0600040897	0.0724908032
48.1	0.0319343517	0.0392348259	0.0479648486	0.0583407467	0.0705928318
48.2	0.0308416785	0.0379688392	0.0465046349	0.0566639729	0.0686757322
48.3	0.0297482642	0.0366993971	0.0450374727	0.0549758534	0.0667418578
48.4	0.0286555141	0.0354281162	0.0435652116	0.0532784928	0.0647935903
48.5	0.0275648352	0.0341566187	0.0420897121	0.0515740132	0.0628333365
48.6	0.0264776342	0.0328865306	0.0406128432	0.0498645514	0.0608635262
48.7	0.0253953156	0.0316194788	0.0391364797	0.0481522562	0.0588866084
48.8	0.0243192799	0.0303570897	0.0376625005	0.0464392859	0.0569050491
48.9	0.0232509219	0.0291009871	0.0361927853	0.0447278054	0.0549213278
49.0	0.0221916284	0.0278527895	0.0347292129	0.0430199836	0.0529379344
49.1	0.0211427770	0.0266141083	0.0332736586	0.0413179905	0.0509573666
49.2	0.0201057337	0.0253865460	0.0318279913	0.0396239943	0.0489821259
49.3	0.0190818512	0.0241716932	0.0303940714	0.0379401589	0.0470147151
49.4	0.0180724673	0.0229711274	0.0289737485	0.0362686407	0.0450576347
49.5	0.0170789026	0.0217864099	0.0275688582	0.0346115857	0.0431133793
49.6	0.0161024592	0.0206190845	0.0261812202	0.0329711268	0.0411844350
49.7	0.0151444184	0.0194706748	0.0248126358	0.0313493808	0.0392732753
49.8	0.0142060393	0.0183426825	0.0234648850	0.0297484456	0.0373823583
49.9	0.0132885570	0.0172365850	0.0221397242	0.0281703969	0.0355141227
50.0	0.0123931804	0.0161538333	0.0208388841	0.0266172859	0.0336709852
