z[um]	w[um]	pcm(0:si, 1:cpcm, 2:apcm)
0.0000000000 0.3000000000 5
0.1000000000 0.3000000000 5
0.2000000000 0.3000000000 5
0.3000000000 0.3000000000 5
0.4000000000 0.3000000000 5
0.5000000000 0.3000000000 5
0.6000000000 0.3000000000 5
0.7000000000 0.3000000000 5
0.8000000000 0.3000000000 5
0.9000000000 0.3000000000 5
1.0000000000 0.3000000000 5
1.1000000000 0.3000000000 5
1.2000000000 0.3000000000 5
1.3000000000 0.3000000000 5
1.4000000000 0.3000000000 5
1.5000000000 0.3000000000 5
1.6000000000 0.3000000000 5
1.7000000000 0.3000000000 5
1.8000000000 0.3000000000 5
1.9000000000 0.3000000000 5
2.0000000000 0.3000000000 5
2.1000000000 0.3000000000 5
2.2000000000 0.3000000000 5
2.3000000000 0.3000000000 5
2.4000000000 0.3000000000 5
2.5000000000 0.3000000000 5
2.6000000000 0.3000000000 5
2.7000000000 0.3000000000 5
2.8000000000 0.3000000000 5
2.9000000000 0.3000000000 5
3.0000000000 0.3000000000 5
3.1000000000 0.3000000000 5
3.2000000000 0.3000000000 5
3.3000000000 0.3000000000 5
3.4000000000 0.3000000000 5
3.5000000000 0.3000000000 5
3.6000000000 0.3000000000 5
3.7000000000 0.3000000000 5
3.8000000000 0.3000000000 5
3.9000000000 0.3000000000 5
4.0000000000 0.3000000000 5
4.1000000000 0.3000000000 5
4.2000000000 0.3000000000 5
4.3000000000 0.3000000000 5
4.4000000000 0.3000000000 5
4.5000000000 0.3000000000 5
4.6000000000 0.3000000000 5
4.7000000000 0.3000000000 5
4.8000000000 0.3000000000 5
4.9000000000 0.3000000000 5
5.0000000000 0.3000000000 5
5.1000000000 0.3000000000 5
5.2000000000 0.3000000000 5
5.3000000000 0.3000000000 5
5.4000000000 0.3000000000 5
5.5000000000 0.3000000000 5
5.6000000000 0.3000000000 5
5.7000000000 0.3000000000 5
5.8000000000 0.3000000000 5
5.9000000000 0.3000000000 5
6.0000000000 0.3000000000 5
6.1000000000 0.3000000000 5
6.2000000000 0.3000000000 5
6.3000000000 0.3000000000 5
6.4000000000 0.3000000000 5
6.5000000000 0.3000000000 5
6.6000000000 0.3000000000 5
6.7000000000 0.3000000000 5
6.8000000000 0.3000000000 5
6.9000000000 0.3000000000 5
7.0000000000 0.3000000000 5
7.1000000000 0.3000000000 5
7.2000000000 0.3000000000 5
7.3000000000 0.3000000000 5
7.4000000000 0.3000000000 5
7.5000000000 0.3000000000 5
7.6000000000 0.3000000000 5
7.7000000000 0.3000000000 5
7.8000000000 0.3000000000 5
7.9000000000 0.3000000000 5
8.0000000000 0.3000000000 5
8.1000000000 0.3000000000 5
8.2000000000 0.3000000000 5
8.3000000000 0.3000000000 5
8.4000000000 0.3000000000 5
8.5000000000 0.3000000000 5
8.6000000000 0.3000000000 5
8.7000000000 0.3000000000 5
8.8000000000 0.3000000000 5
8.9000000000 0.3000000000 5
9.0000000000 0.3000000000 5
9.1000000000 0.3000000000 5
9.2000000000 0.3000000000 5
9.3000000000 0.3000000000 5
9.4000000000 0.3000000000 5
9.5000000000 0.3000000000 5
9.6000000000 0.3000000000 5
9.7000000000 0.3000000000 5
9.8000000000 0.3000000000 5
9.9000000000 0.3000000000 5
10.0000000000 0.3000000000 5
10.1000000000 0.3000000000 5
10.2000000000 0.3000000000 5
10.3000000000 0.3000000000 5
10.4000000000 0.3000000000 5
10.5000000000 0.3000000000 5
10.6000000000 0.3000000000 5
10.7000000000 0.3000000000 5
10.8000000000 0.3000000000 5
10.9000000000 0.3000000000 5
11.0000000000 0.3000000000 5
11.1000000000 0.3000000000 5
11.2000000000 0.3000000000 5
11.3000000000 0.3000000000 5
11.4000000000 0.3000000000 5
11.5000000000 0.3000000000 5
11.6000000000 0.3000000000 5
11.7000000000 0.3000000000 5
11.8000000000 0.3000000000 5
11.9000000000 0.3000000000 5
12.0000000000 0.3000000000 5
12.1000000000 0.3000000000 5
12.2000000000 0.3000000000 5
12.3000000000 0.3000000000 5
12.4000000000 0.3000000000 5
12.5000000000 0.3000000000 5
12.6000000000 0.3000000000 5
12.7000000000 0.3000000000 5
12.8000000000 0.3000000000 5
12.9000000000 0.3000000000 5
13.0000000000 0.3000000000 5
13.1000000000 0.3000000000 5
13.2000000000 0.3000000000 5
13.3000000000 0.3000000000 5
13.4000000000 0.3000000000 5
13.5000000000 0.3000000000 5
13.6000000000 0.3000000000 5
13.7000000000 0.3000000000 5
13.8000000000 0.3000000000 5
13.9000000000 0.3000000000 5
14.0000000000 0.3000000000 5
14.1000000000 0.3000000000 5
14.2000000000 0.3000000000 5
14.3000000000 0.3000000000 5
14.4000000000 0.3000000000 5
14.5000000000 0.3000000000 5
14.6000000000 0.3000000000 5
14.7000000000 0.3000000000 5
14.8000000000 0.3000000000 5
14.9000000000 0.3000000000 5
15.0000000000 0.3000000000 5
15.1000000000 0.3000000000 5
15.2000000000 0.3000000000 5
15.3000000000 0.3000000000 5
15.4000000000 0.3000000000 5
15.5000000000 0.3000000000 5
15.6000000000 0.3000000000 5
15.7000000000 0.3000000000 5
15.8000000000 0.3000000000 5
15.9000000000 0.3000000000 5
16.0000000000 0.3000000000 5
16.1000000000 0.3000000000 5
16.2000000000 0.3000000000 5
16.3000000000 0.3000000000 5
16.4000000000 0.3000000000 5
16.5000000000 0.3000000000 5
16.6000000000 0.3000000000 5
16.7000000000 0.3000000000 5
16.8000000000 0.3000000000 5
16.9000000000 0.3000000000 5
17.0000000000 0.3000000000 5
17.1000000000 0.3000000000 5
17.2000000000 0.3000000000 5
17.3000000000 0.3000000000 5
17.4000000000 0.3000000000 5
17.5000000000 0.3000000000 5
17.6000000000 0.3000000000 5
17.7000000000 0.3000000000 5
17.8000000000 0.3000000000 5
17.9000000000 0.3000000000 5
18.0000000000 0.3000000000 5
18.1000000000 0.3000000000 5
18.2000000000 0.3000000000 5
18.3000000000 0.3000000000 5
18.4000000000 0.3000000000 5
18.5000000000 0.3000000000 5
18.6000000000 0.3000000000 5
18.7000000000 0.3000000000 5
18.8000000000 0.3000000000 5
18.9000000000 0.3000000000 5
19.0000000000 0.3000000000 5
19.1000000000 0.3000000000 5
19.2000000000 0.3000000000 5
19.3000000000 0.3000000000 5
19.4000000000 0.3000000000 5
19.5000000000 0.3000000000 5
19.6000000000 0.3000000000 5
19.7000000000 0.3000000000 5
19.8000000000 0.3000000000 5
19.9000000000 0.3000000000 5
20.0000000000 0.3000000000 5
20.1000000000 0.3000000000 5
20.2000000000 0.3000000000 5
20.3000000000 0.3000000000 5
20.4000000000 0.3000000000 5
20.5000000000 0.3000000000 5
20.6000000000 0.3000000000 5
20.7000000000 0.3000000000 5
20.8000000000 0.3000000000 5
20.9000000000 0.3000000000 5
21.0000000000 0.3000000000 5
21.1000000000 0.3000000000 5
21.2000000000 0.3000000000 5
21.3000000000 0.3000000000 5
21.4000000000 0.3000000000 5
21.5000000000 0.3000000000 5
21.6000000000 0.3000000000 5
21.7000000000 0.3000000000 5
21.8000000000 0.3000000000 5
21.9000000000 0.3000000000 5
22.0000000000 0.3000000000 5
22.1000000000 0.3000000000 5
22.2000000000 0.3000000000 5
22.3000000000 0.3000000000 5
22.4000000000 0.3000000000 5
22.5000000000 0.3000000000 5
22.6000000000 0.3000000000 3
22.7000000000 0.3000000000 3
22.8000000000 0.3000000000 3
22.9000000000 0.3000000000 3
23.0000000000 0.3000000000 3
23.1000000000 0.3000000000 3
23.2000000000 0.3000000000 3
23.3000000000 0.3000000000 3
23.4000000000 0.3000000000 3
23.5000000000 0.3000000000 3
23.6000000000 0.3000000000 3
23.7000000000 0.3000000000 3
23.8000000000 0.3000000000 3
23.9000000000 0.3000000000 3
24.0000000000 0.3000000000 3
24.1000000000 0.3000000000 3
24.2000000000 0.3000000000 3
24.3000000000 0.3000000000 3
24.4000000000 0.3000000000 3
24.5000000000 0.3000000000 3
24.6000000000 0.3000000000 3
24.7000000000 0.3000000000 3
24.8000000000 0.3000000000 3
24.9000000000 0.3000000000 3
25.0000000000 0.3000000000 3
25.1000000000 0.3000000000 3
25.2000000000 0.3000000000 3
25.3000000000 0.3000000000 3
25.4000000000 0.3000000000 3
25.5000000000 0.3000000000 3
25.6000000000 0.3000000000 3
25.7000000000 0.3000000000 3
25.8000000000 0.3000000000 3
25.9000000000 0.3000000000 3
26.0000000000 0.3000000000 3
26.1000000000 0.3000000000 3
26.2000000000 0.3000000000 3
26.3000000000 0.3000000000 3
26.4000000000 0.3000000000 3
26.5000000000 0.3000000000 3
26.6000000000 0.3000000000 3
26.7000000000 0.3000000000 3
26.8000000000 0.3000000000 3
26.9000000000 0.3000000000 3
27.0000000000 0.3000000000 3
27.1000000000 0.3000000000 3
27.2000000000 0.3000000000 3
27.3000000000 0.3000000000 3
27.4000000000 0.3000000000 3
27.5000000000 0.3000000000 3
27.6000000000 0.3000000000 3
27.7000000000 0.3000000000 3
27.8000000000 0.3000000000 3
27.9000000000 0.3000000000 3
28.0000000000 0.3000000000 3
28.1000000000 0.3000000000 3
28.2000000000 0.3000000000 3
28.3000000000 0.3000000000 3
28.4000000000 0.3000000000 3
28.5000000000 0.3000000000 3
28.6000000000 0.3000000000 3
28.7000000000 0.3000000000 3
28.8000000000 0.3000000000 3
28.9000000000 0.3000000000 3
29.0000000000 0.3000000000 3
29.1000000000 0.3000000000 3
29.2000000000 0.3000000000 3
29.3000000000 0.3000000000 3
29.4000000000 0.3000000000 3
29.5000000000 0.3000000000 3
29.6000000000 0.3000000000 3
29.7000000000 0.3000000000 3
29.8000000000 0.3000000000 3
29.9000000000 0.3000000000 3
30.0000000000 0.3000000000 3
30.1000000000 0.3000000000 3
30.2000000000 0.3000000000 3
30.3000000000 0.3000000000 3
30.4000000000 0.3000000000 3
30.5000000000 0.3000000000 3
30.6000000000 0.3000000000 3
30.7000000000 0.3000000000 3
30.8000000000 0.3000000000 3
30.9000000000 0.3000000000 3
31.0000000000 0.3000000000 3
31.1000000000 0.3000000000 3
31.2000000000 0.3000000000 3
31.3000000000 0.3000000000 3
31.4000000000 0.3000000000 3
31.5000000000 0.3000000000 3
31.6000000000 0.3000000000 3
31.7000000000 0.3000000000 3
31.8000000000 0.3000000000 3
31.9000000000 0.3000000000 3
32.0000000000 0.3000000000 3
32.1000000000 0.3000000000 3
32.2000000000 0.3000000000 3
32.3000000000 0.3000000000 3
32.4000000000 0.3000000000 3
32.5000000000 0.3000000000 3
32.6000000000 0.3000000000 3
32.7000000000 0.3000000000 3
32.8000000000 0.3000000000 3
32.9000000000 0.3000000000 3
33.0000000000 0.3000000000 3
33.1000000000 0.3000000000 3
33.2000000000 0.3000000000 3
33.3000000000 0.3000000000 3
33.4000000000 0.3000000000 3
33.5000000000 0.3000000000 3
33.6000000000 0.3000000000 3
33.7000000000 0.3000000000 3
33.8000000000 0.3000000000 3
33.9000000000 0.3000000000 3
34.0000000000 0.3000000000 3
34.1000000000 0.3000000000 3
34.2000000000 0.3000000000 3
34.3000000000 0.3000000000 3
34.4000000000 0.3000000000 3
34.5000000000 0.3000000000 3
34.6000000000 0.3000000000 3
34.7000000000 0.3000000000 3
34.8000000000 0.3000000000 3
34.9000000000 0.3000000000 3
35.0000000000 0.3000000000 3
35.1000000000 0.3000000000 5
35.2000000000 0.3000000000 5
35.3000000000 0.3000000000 5
35.4000000000 0.3000000000 5
35.5000000000 0.3000000000 5
35.6000000000 0.3000000000 5
35.7000000000 0.3000000000 5
35.8000000000 0.3000000000 5
35.9000000000 0.3000000000 5
36.0000000000 0.3000000000 5
36.1000000000 0.3000000000 5
36.2000000000 0.3000000000 5
36.3000000000 0.3000000000 5
36.4000000000 0.3000000000 5
36.5000000000 0.3000000000 5
36.6000000000 0.3000000000 5
36.7000000000 0.3000000000 5
36.8000000000 0.3000000000 5
36.9000000000 0.3000000000 5
37.0000000000 0.3000000000 5
37.1000000000 0.3000000000 5
37.2000000000 0.3000000000 5
37.3000000000 0.3000000000 5
37.4000000000 0.3000000000 5
37.5000000000 0.3000000000 5
37.6000000000 0.3000000000 5
37.7000000000 0.3000000000 5
37.8000000000 0.3000000000 5
37.9000000000 0.3000000000 5
38.0000000000 0.3000000000 5
38.1000000000 0.3000000000 5
38.2000000000 0.3000000000 5
38.3000000000 0.3000000000 5
38.4000000000 0.3000000000 5
38.5000000000 0.3000000000 5
38.6000000000 0.3000000000 5
38.7000000000 0.3000000000 5
38.8000000000 0.3000000000 5
38.9000000000 0.3000000000 5
39.0000000000 0.3000000000 5
39.1000000000 0.3000000000 5
39.2000000000 0.3000000000 5
39.3000000000 0.3000000000 5
39.4000000000 0.3000000000 5
39.5000000000 0.3000000000 5
39.6000000000 0.3000000000 5
39.7000000000 0.3000000000 5
39.8000000000 0.3000000000 5
39.9000000000 0.3000000000 5
40.0000000000 0.3000000000 5
40.1000000000 0.3000000000 5
40.2000000000 0.3000000000 5
40.3000000000 0.3000000000 5
40.4000000000 0.3000000000 5
40.5000000000 0.3000000000 5
40.6000000000 0.3000000000 5
40.7000000000 0.3000000000 5
40.8000000000 0.3000000000 5
40.9000000000 0.3000000000 5
41.0000000000 0.3000000000 5
41.1000000000 0.3000000000 5
41.2000000000 0.3000000000 5
41.3000000000 0.3000000000 5
41.4000000000 0.3000000000 5
41.5000000000 0.3000000000 5
41.6000000000 0.3000000000 5
41.7000000000 0.3000000000 5
41.8000000000 0.3000000000 5
41.9000000000 0.3000000000 5
42.0000000000 0.3000000000 5
42.1000000000 0.3000000000 5
42.2000000000 0.3000000000 5
42.3000000000 0.3000000000 5
42.4000000000 0.3000000000 5
42.5000000000 0.3000000000 5
42.6000000000 0.3000000000 5
42.7000000000 0.3000000000 5
42.8000000000 0.3000000000 5
42.9000000000 0.3000000000 5
43.0000000000 0.3000000000 5
43.1000000000 0.3000000000 5
43.2000000000 0.3000000000 5
43.3000000000 0.3000000000 5
43.4000000000 0.3000000000 5
43.5000000000 0.3000000000 5
43.6000000000 0.3000000000 5
43.7000000000 0.3000000000 5
43.8000000000 0.3000000000 5
43.9000000000 0.3000000000 5
44.0000000000 0.3000000000 5
44.1000000000 0.3000000000 5
44.2000000000 0.3000000000 5
44.3000000000 0.3000000000 5
44.4000000000 0.3000000000 5
44.5000000000 0.3000000000 5
44.6000000000 0.3000000000 5
44.7000000000 0.3000000000 5
44.8000000000 0.3000000000 5
44.9000000000 0.3000000000 5
45.0000000000 0.3000000000 5
45.1000000000 0.3000000000 5
45.2000000000 0.3000000000 5
45.3000000000 0.3000000000 5
45.4000000000 0.3000000000 5
45.5000000000 0.3000000000 5
45.6000000000 0.3000000000 5
45.7000000000 0.3000000000 5
45.8000000000 0.3000000000 5
45.9000000000 0.3000000000 5
46.0000000000 0.3000000000 5
46.1000000000 0.3000000000 5
46.2000000000 0.3000000000 5
46.3000000000 0.3000000000 5
46.4000000000 0.3000000000 5
46.5000000000 0.3000000000 5
46.6000000000 0.3000000000 5
46.7000000000 0.3000000000 5
46.8000000000 0.3000000000 5
46.9000000000 0.3000000000 5
47.0000000000 0.3000000000 5
47.1000000000 0.3000000000 5
47.2000000000 0.3000000000 5
47.3000000000 0.3000000000 5
47.4000000000 0.3000000000 5
47.5000000000 0.3000000000 5
47.6000000000 0.3000000000 5
47.7000000000 0.3000000000 5
47.8000000000 0.3000000000 5
47.9000000000 0.3000000000 5
48.0000000000 0.3000000000 5
48.1000000000 0.3000000000 5
48.2000000000 0.3000000000 5
48.3000000000 0.3000000000 5
48.4000000000 0.3000000000 5
48.5000000000 0.3000000000 5
48.6000000000 0.3000000000 5
48.7000000000 0.3000000000 5
48.8000000000 0.3000000000 5
48.9000000000 0.3000000000 5
49.0000000000 0.3000000000 5
49.1000000000 0.3000000000 5
49.2000000000 0.3000000000 5
49.3000000000 0.3000000000 5
49.4000000000 0.3000000000 5
49.5000000000 0.3000000000 5
49.6000000000 0.3000000000 5
49.7000000000 0.3000000000 5
49.8000000000 0.3000000000 5
49.9000000000 0.3000000000 5
50.0000000000 0.3000000000 5
50.1000000000 0.3000000000 5
50.2000000000 0.3000000000 5
50.3000000000 0.3000000000 5
50.4000000000 0.3000000000 5
50.5000000000 0.3000000000 5
50.6000000000 0.3000000000 5
50.7000000000 0.3000000000 5
50.8000000000 0.3000000000 5
50.9000000000 0.3000000000 5
51.0000000000 0.3000000000 5
51.1000000000 0.3000000000 5
51.2000000000 0.3000000000 5
51.3000000000 0.3000000000 5
51.4000000000 0.3000000000 5
51.5000000000 0.3000000000 5
51.6000000000 0.3000000000 5
51.7000000000 0.3000000000 5
51.8000000000 0.3000000000 5
51.9000000000 0.3000000000 5
52.0000000000 0.3000000000 5
52.1000000000 0.3000000000 5
52.2000000000 0.3000000000 5
52.3000000000 0.3000000000 5
52.4000000000 0.3000000000 5
52.5000000000 0.3000000000 5
52.6000000000 0.3000000000 5
52.7000000000 0.3000000000 5
52.8000000000 0.3000000000 5
52.9000000000 0.3000000000 5
53.0000000000 0.3000000000 5
53.1000000000 0.3000000000 5
53.2000000000 0.3000000000 5
53.3000000000 0.3000000000 5
53.4000000000 0.3000000000 5
53.5000000000 0.3000000000 5
53.6000000000 0.3000000000 5
53.7000000000 0.3000000000 5
53.8000000000 0.3000000000 5
53.9000000000 0.3000000000 5
54.0000000000 0.3000000000 5
54.1000000000 0.3000000000 5
54.2000000000 0.3000000000 5
54.3000000000 0.3000000000 5
54.4000000000 0.3000000000 5
54.5000000000 0.3000000000 5
54.6000000000 0.3000000000 5
54.7000000000 0.3000000000 5
54.8000000000 0.3000000000 5
54.9000000000 0.3000000000 5
55.0000000000 0.3000000000 5
55.1000000000 0.3000000000 5
55.2000000000 0.3000000000 5
55.3000000000 0.3000000000 5
55.4000000000 0.3000000000 5
55.5000000000 0.3000000000 5
55.6000000000 0.3000000000 5
55.7000000000 0.3000000000 5
55.8000000000 0.3000000000 5
55.9000000000 0.3000000000 5
56.0000000000 0.3000000000 5
56.1000000000 0.3000000000 5
56.2000000000 0.3000000000 5
56.3000000000 0.3000000000 5
56.4000000000 0.3000000000 5
56.5000000000 0.3000000000 5
56.6000000000 0.3000000000 5
56.7000000000 0.3000000000 5
56.8000000000 0.3000000000 5
56.9000000000 0.3000000000 5
57.0000000000 0.3000000000 5
57.1000000000 0.3000000000 5
57.2000000000 0.3000000000 5
57.3000000000 0.3000000000 5
57.4000000000 0.3000000000 5
57.5000000000 0.3000000000 5
57.6000000000 0.3000000000 5
57.7000000000 0.3000000000 5
57.8000000000 0.3000000000 5
57.9000000000 0.3000000000 5
58.0000000000 0.3000000000 5
58.1000000000 0.3000000000 5
58.2000000000 0.3000000000 5
58.3000000000 0.3000000000 5
58.4000000000 0.3000000000 5
58.5000000000 0.3000000000 5
58.6000000000 0.3000000000 5
58.7000000000 0.3000000000 5
58.8000000000 0.3000000000 5
58.9000000000 0.3000000000 5
59.0000000000 0.3000000000 5
59.1000000000 0.3000000000 5
59.2000000000 0.3000000000 5
59.3000000000 0.3000000000 5
59.4000000000 0.3000000000 5
59.5000000000 0.3000000000 5
59.6000000000 0.3000000000 5
59.7000000000 0.3000000000 5
59.8000000000 0.3000000000 5
59.9000000000 0.3000000000 5
60.0000000000 0.3000000000 5
60.1000000000 0.3000000000 5
60.2000000000 0.3000000000 5
60.3000000000 0.3000000000 5
60.4000000000 0.3000000000 5
60.5000000000 0.3000000000 5
60.6000000000 0.3000000000 5
60.7000000000 0.3000000000 5
60.8000000000 0.3000000000 5
60.9000000000 0.3000000000 5
61.0000000000 0.3000000000 5
61.1000000000 0.3000000000 5
61.2000000000 0.3000000000 5
61.3000000000 0.3000000000 5
61.4000000000 0.3000000000 5
61.5000000000 0.3000000000 5
61.6000000000 0.3000000000 5
61.7000000000 0.3000000000 5
61.8000000000 0.3000000000 5
61.9000000000 0.3000000000 5
62.0000000000 0.3000000000 5
62.1000000000 0.3000000000 5
62.2000000000 0.3000000000 5
62.3000000000 0.3000000000 5
62.4000000000 0.3000000000 5
62.5000000000 0.3000000000 5
62.6000000000 0.3000000000 5
62.7000000000 0.3000000000 5
62.8000000000 0.3000000000 5
62.9000000000 0.3000000000 5
63.0000000000 0.3000000000 5
63.1000000000 0.3000000000 5
63.2000000000 0.3000000000 5
63.3000000000 0.3000000000 5
63.4000000000 0.3000000000 5
63.5000000000 0.3000000000 5
63.6000000000 0.3000000000 5
63.7000000000 0.3000000000 5
63.8000000000 0.3000000000 5
63.9000000000 0.3000000000 5
64.0000000000 0.3000000000 5
64.1000000000 0.3000000000 5
64.2000000000 0.3000000000 5
64.3000000000 0.3000000000 5
64.4000000000 0.3000000000 5
64.5000000000 0.3000000000 5
64.6000000000 0.3000000000 5
64.7000000000 0.3000000000 5
64.8000000000 0.3000000000 5
64.9000000000 0.3000000000 5
65.0000000000 0.3000000000 5
65.1000000000 0.3000000000 5
65.2000000000 0.3000000000 5
65.3000000000 0.3000000000 5
65.4000000000 0.3000000000 5
65.5000000000 0.3000000000 5
65.6000000000 0.3000000000 5
65.7000000000 0.3000000000 5
65.8000000000 0.3000000000 5
65.9000000000 0.3000000000 5
66.0000000000 0.3000000000 5
66.1000000000 0.3000000000 5
66.2000000000 0.3000000000 5
66.3000000000 0.3000000000 5
66.4000000000 0.3000000000 5
66.5000000000 0.3000000000 5
66.6000000000 0.3000000000 5
66.7000000000 0.3000000000 5
66.8000000000 0.3000000000 5
66.9000000000 0.3000000000 5
67.0000000000 0.3000000000 5
67.1000000000 0.3000000000 5
67.2000000000 0.3000000000 5
67.3000000000 0.3000000000 5
67.4000000000 0.3000000000 5
67.5000000000 0.3000000000 5
67.6000000000 0.3000000000 5
67.7000000000 0.3000000000 5
67.8000000000 0.3000000000 5
67.9000000000 0.3000000000 5
68.0000000000 0.3000000000 5
68.1000000000 0.3000000000 5
68.2000000000 0.3000000000 5
68.3000000000 0.3000000000 5
68.4000000000 0.3000000000 5
68.5000000000 0.3000000000 5
68.6000000000 0.3000000000 5
68.7000000000 0.3000000000 5
68.8000000000 0.3000000000 5
68.9000000000 0.3000000000 5
69.0000000000 0.3000000000 5
69.1000000000 0.3000000000 5
69.2000000000 0.3000000000 5
69.3000000000 0.3000000000 5
69.4000000000 0.3000000000 5
69.5000000000 0.3000000000 5
69.6000000000 0.3000000000 5
69.7000000000 0.3000000000 5
69.8000000000 0.3000000000 5
69.9000000000 0.3000000000 5
70.0000000000 0.3000000000 5
70.1000000000 0.3000000000 5
70.2000000000 0.3000000000 5
70.3000000000 0.3000000000 5
70.4000000000 0.3000000000 5
70.5000000000 0.3000000000 5
70.6000000000 0.3000000000 5
70.7000000000 0.3000000000 5
70.8000000000 0.3000000000 5
70.9000000000 0.3000000000 5
71.0000000000 0.3000000000 5
71.1000000000 0.3000000000 5
71.2000000000 0.3000000000 5
71.3000000000 0.3000000000 5
71.4000000000 0.3000000000 5
71.5000000000 0.3000000000 5
71.6000000000 0.3000000000 5
71.7000000000 0.3000000000 5
71.8000000000 0.3000000000 5
71.9000000000 0.3000000000 5
72.0000000000 0.3000000000 5
72.1000000000 0.3000000000 5
72.2000000000 0.3000000000 5
72.3000000000 0.3000000000 5
72.4000000000 0.3000000000 5
72.5000000000 0.3000000000 5
72.6000000000 0.3000000000 5
72.7000000000 0.3000000000 5
72.8000000000 0.3000000000 5
72.9000000000 0.3000000000 5
73.0000000000 0.3000000000 5
73.1000000000 0.3000000000 4
73.2000000000 0.3000000000 4
73.3000000000 0.3000000000 4
73.4000000000 0.3000000000 4
73.5000000000 0.3000000000 4
73.6000000000 0.3000000000 4
73.7000000000 0.3000000000 4
73.8000000000 0.3000000000 4
73.9000000000 0.3000000000 4
74.0000000000 0.3000000000 4
74.1000000000 0.3000000000 4
74.2000000000 0.3000000000 4
74.3000000000 0.3000000000 4
74.4000000000 0.3000000000 4
74.5000000000 0.3000000000 4
74.6000000000 0.3000000000 4
74.7000000000 0.3000000000 4
74.8000000000 0.3000000000 4
74.9000000000 0.3000000000 4
75.0000000000 0.3000000000 4
75.1000000000 0.3000000000 4
75.2000000000 0.3000000000 4
75.3000000000 0.3000000000 4
75.4000000000 0.3000000000 4
75.5000000000 0.3000000000 4
75.6000000000 0.3000000000 4
75.7000000000 0.3000000000 4
75.8000000000 0.3000000000 4
75.9000000000 0.3000000000 4
76.0000000000 0.3000000000 4
76.1000000000 0.3000000000 4
76.2000000000 0.3000000000 4
76.3000000000 0.3000000000 4
76.4000000000 0.3000000000 4
76.5000000000 0.3000000000 4
76.6000000000 0.3000000000 4
76.7000000000 0.3000000000 4
76.8000000000 0.3000000000 4
76.9000000000 0.3000000000 4
77.0000000000 0.3000000000 4
77.1000000000 0.3000000000 4
77.2000000000 0.3000000000 4
77.3000000000 0.3000000000 4
77.4000000000 0.3000000000 4
77.5000000000 0.3000000000 4
77.6000000000 0.3000000000 4
77.7000000000 0.3000000000 4
77.8000000000 0.3000000000 4
77.9000000000 0.3000000000 4
78.0000000000 0.3000000000 4
78.1000000000 0.3000000000 4
78.2000000000 0.3000000000 4
78.3000000000 0.3000000000 4
78.4000000000 0.3000000000 4
78.5000000000 0.3000000000 4
78.6000000000 0.3000000000 4
78.7000000000 0.3000000000 4
78.8000000000 0.3000000000 4
78.9000000000 0.3000000000 4
79.0000000000 0.3000000000 4
79.1000000000 0.3000000000 4
79.2000000000 0.3000000000 4
79.3000000000 0.3000000000 4
79.4000000000 0.3000000000 4
79.5000000000 0.3000000000 4
79.6000000000 0.3000000000 4
79.7000000000 0.3000000000 4
79.8000000000 0.3000000000 4
79.9000000000 0.3000000000 4
80.0000000000 0.3000000000 4
80.1000000000 0.3000000000 4
80.2000000000 0.3000000000 4
80.3000000000 0.3000000000 4
80.4000000000 0.3000000000 4
80.5000000000 0.3000000000 4
80.6000000000 0.3000000000 4
80.7000000000 0.3000000000 4
80.8000000000 0.3000000000 4
80.9000000000 0.3000000000 4
81.0000000000 0.3000000000 4
81.1000000000 0.3000000000 4
81.2000000000 0.3000000000 4
81.3000000000 0.3000000000 4
81.4000000000 0.3000000000 4
81.5000000000 0.3000000000 4
81.6000000000 0.3000000000 4
81.7000000000 0.3000000000 4
81.8000000000 0.3000000000 4
81.9000000000 0.3000000000 4
82.0000000000 0.3000000000 4
82.1000000000 0.3000000000 4
82.2000000000 0.3000000000 4
82.3000000000 0.3000000000 4
82.4000000000 0.3000000000 4
82.5000000000 0.3000000000 4
82.6000000000 0.3000000000 4
82.7000000000 0.3000000000 4
82.8000000000 0.3000000000 4
82.9000000000 0.3000000000 4
83.0000000000 0.3000000000 4
83.1000000000 0.3000000000 4
83.2000000000 0.3000000000 4
83.3000000000 0.3000000000 4
83.4000000000 0.3000000000 4
83.5000000000 0.3000000000 4
83.6000000000 0.3000000000 4
83.7000000000 0.3000000000 4
83.8000000000 0.3000000000 4
83.9000000000 0.3000000000 4
84.0000000000 0.3000000000 4
84.1000000000 0.3000000000 4
84.2000000000 0.3000000000 4
84.3000000000 0.3000000000 4
84.4000000000 0.3000000000 4
84.5000000000 0.3000000000 4
84.6000000000 0.3000000000 4
84.7000000000 0.3000000000 4
84.8000000000 0.3000000000 4
84.9000000000 0.3000000000 4
85.0000000000 0.3000000000 4
85.1000000000 0.3000000000 4
85.2000000000 0.3000000000 4
85.3000000000 0.3000000000 4
85.4000000000 0.3000000000 4
85.5000000000 0.3000000000 4
85.6000000000 0.3000000000 4
85.7000000000 0.3000000000 4
85.8000000000 0.3000000000 4
85.9000000000 0.3000000000 4
86.0000000000 0.3000000000 4
86.1000000000 0.3000000000 4
86.2000000000 0.3000000000 4
86.3000000000 0.3000000000 4
86.4000000000 0.3000000000 4
86.5000000000 0.3000000000 4
86.6000000000 0.3000000000 4
86.7000000000 0.3000000000 4
86.8000000000 0.3000000000 4
86.9000000000 0.3000000000 4
87.0000000000 0.3000000000 4
87.1000000000 0.3000000000 4
87.2000000000 0.3000000000 4
87.3000000000 0.3000000000 4
87.4000000000 0.3000000000 4
87.5000000000 0.3000000000 4
87.6000000000 0.3000000000 4
87.7000000000 0.3000000000 4
87.8000000000 0.3000000000 4
87.9000000000 0.3000000000 4
88.0000000000 0.3000000000 4
88.1000000000 0.3000000000 4
88.2000000000 0.3000000000 4
88.3000000000 0.3000000000 4
88.4000000000 0.3000000000 4
88.5000000000 0.3000000000 4
88.6000000000 0.3000000000 4
88.7000000000 0.3000000000 4
88.8000000000 0.3000000000 4
88.9000000000 0.3000000000 4
89.0000000000 0.3000000000 4
89.1000000000 0.3000000000 4
89.2000000000 0.3000000000 4
89.3000000000 0.3000000000 4
89.4000000000 0.3000000000 4
89.5000000000 0.3000000000 4
89.6000000000 0.3000000000 4
89.7000000000 0.3000000000 4
89.8000000000 0.3000000000 4
89.9000000000 0.3000000000 4
90.0000000000 0.3000000000 4
90.1000000000 0.3000000000 4
90.2000000000 0.3000000000 4
90.3000000000 0.3000000000 4
90.4000000000 0.3000000000 4
90.5000000000 0.3000000000 4
90.6000000000 0.3000000000 3
90.7000000000 0.3000000000 1
90.8000000000 0.3000000000 1
90.9000000000 0.3000000000 1
91.0000000000 0.3000000000 1
91.1000000000 0.3000000000 1
91.2000000000 0.3000000000 1
91.3000000000 0.3000000000 1
91.4000000000 0.3000000000 1
91.5000000000 0.3000000000 1
91.6000000000 0.3000000000 1
91.7000000000 0.3000000000 1
91.8000000000 0.3000000000 1
91.9000000000 0.3000000000 1
92.0000000000 0.3000000000 1
92.1000000000 0.3000000000 1
92.2000000000 0.3000000000 1
92.3000000000 0.3000000000 1
92.4000000000 0.3000000000 1
92.5000000000 0.3000000000 1
92.6000000000 0.3000000000 1
92.7000000000 0.3000000000 1
92.8000000000 0.3000000000 1
92.9000000000 0.3000000000 1
93.0000000000 0.3000000000 1
93.1000000000 0.3000000000 1
93.2000000000 0.3000000000 1
93.3000000000 0.3000000000 1
93.4000000000 0.3000000000 1
93.5000000000 0.3000000000 1
93.6000000000 0.3000000000 1
93.7000000000 0.3000000000 1
93.8000000000 0.3000000000 1
93.9000000000 0.3000000000 1
94.0000000000 0.3000000000 1
94.1000000000 0.3000000000 1
94.2000000000 0.3000000000 1
94.3000000000 0.3000000000 1
94.4000000000 0.3000000000 1
94.5000000000 0.3000000000 1
94.6000000000 0.3000000000 1
94.7000000000 0.3000000000 1
94.8000000000 0.3000000000 1
94.9000000000 0.3000000000 1
95.0000000000 0.3000000000 1
95.1000000000 0.3000000000 1
95.2000000000 0.3000000000 1
95.3000000000 0.3000000000 1
95.4000000000 0.3000000000 1
95.5000000000 0.3000000000 1
95.6000000000 0.3000000000 1
95.7000000000 0.3000000000 1
95.8000000000 0.3000000000 1
95.9000000000 0.3000000000 1
96.0000000000 0.3000000000 1
96.1000000000 0.3000000000 1
96.2000000000 0.3000000000 1
96.3000000000 0.3000000000 1
96.4000000000 0.3000000000 1
96.5000000000 0.3000000000 1
96.6000000000 0.3000000000 1
96.7000000000 0.3000000000 1
96.8000000000 0.3000000000 1
96.9000000000 0.3000000000 1
97.0000000000 0.3000000000 1
97.1000000000 0.3000000000 1
97.2000000000 0.3000000000 1
97.3000000000 0.3000000000 1
97.4000000000 0.3000000000 1
97.5000000000 0.3000000000 1
97.6000000000 0.3000000000 1
97.7000000000 0.3000000000 1
97.8000000000 0.3000000000 1
97.9000000000 0.3000000000 1
98.0000000000 0.3000000000 1
98.1000000000 0.3000000000 1
98.2000000000 0.3000000000 1
98.3000000000 0.3000000000 1
98.4000000000 0.3000000000 1
98.5000000000 0.3000000000 1
98.6000000000 0.3000000000 1
98.7000000000 0.3000000000 1
98.8000000000 0.3000000000 1
98.9000000000 0.3000000000 1
99.0000000000 0.3000000000 1
99.1000000000 0.3000000000 1
99.2000000000 0.3000000000 1
99.3000000000 0.3000000000 1
99.4000000000 0.3000000000 1
99.5000000000 0.3000000000 1
99.6000000000 0.3000000000 1
99.7000000000 0.3000000000 1
99.8000000000 0.3000000000 1
99.9000000000 0.3000000000 1
100.0000000000 0.3000000000 1
100.1000000000 0.3000000000 1
100.2000000000 0.3000000000 1
100.3000000000 0.3000000000 1
100.4000000000 0.3000000000 1
100.5000000000 0.3000000000 1
100.6000000000 0.3000000000 1
100.7000000000 0.3000000000 1
100.8000000000 0.3000000000 1
100.9000000000 0.3000000000 1
101.0000000000 0.3000000000 1
101.1000000000 0.3000000000 1
101.2000000000 0.3000000000 1
101.3000000000 0.3000000000 1
101.4000000000 0.3000000000 1
101.5000000000 0.3000000000 1
101.6000000000 0.3000000000 1
101.7000000000 0.3000000000 1
101.8000000000 0.3000000000 1
101.9000000000 0.3000000000 1
102.0000000000 0.3000000000 1
102.1000000000 0.3000000000 1
102.2000000000 0.3000000000 1
102.3000000000 0.3000000000 1
102.4000000000 0.3000000000 1
102.5000000000 0.3000000000 1
102.6000000000 0.3000000000 1
102.7000000000 0.3000000000 1
102.8000000000 0.3000000000 1
102.9000000000 0.3000000000 1
103.0000000000 0.3000000000 1
103.1000000000 0.3000000000 1
103.2000000000 0.3000000000 1
103.3000000000 0.3000000000 1
103.4000000000 0.3000000000 1
103.5000000000 0.3000000000 1
103.6000000000 0.3000000000 1
103.7000000000 0.3000000000 1
103.8000000000 0.3000000000 1
103.9000000000 0.3000000000 1
104.0000000000 0.3000000000 1
104.1000000000 0.3000000000 1
104.2000000000 0.3000000000 1
104.3000000000 0.3000000000 1
104.4000000000 0.3000000000 1
104.5000000000 0.3000000000 1
104.6000000000 0.3000000000 1
104.7000000000 0.3000000000 1
104.8000000000 0.3000000000 1
104.9000000000 0.3000000000 1
105.0000000000 0.3000000000 1
105.1000000000 0.3000000000 1
105.2000000000 0.3000000000 1
105.3000000000 0.3000000000 1
105.4000000000 0.3000000000 1
105.5000000000 0.3000000000 1
105.6000000000 0.3000000000 1
105.7000000000 0.3000000000 1
105.8000000000 0.3000000000 1
105.9000000000 0.3000000000 1
106.0000000000 0.3000000000 1
106.1000000000 0.3000000000 1
106.2000000000 0.3000000000 1
106.3000000000 0.3000000000 1
106.4000000000 0.3000000000 1
106.5000000000 0.3000000000 1
106.6000000000 0.3000000000 1
106.7000000000 0.3000000000 1
106.8000000000 0.3000000000 1
106.9000000000 0.3000000000 1
107.0000000000 0.3000000000 1
107.1000000000 0.3000000000 1
107.2000000000 0.3000000000 1
107.3000000000 0.3000000000 1
107.4000000000 0.3000000000 1
107.5000000000 0.3000000000 1
107.6000000000 0.3000000000 1
107.7000000000 0.3000000000 1
107.8000000000 0.3000000000 1
107.9000000000 0.3000000000 1
108.0000000000 0.3000000000 1
108.1000000000 0.3000000000 5
108.2000000000 0.3000000000 5
108.3000000000 0.3000000000 5
108.4000000000 0.3000000000 5
108.5000000000 0.3000000000 5
108.6000000000 0.3000000000 5
108.7000000000 0.3000000000 5
108.8000000000 0.3000000000 5
108.9000000000 0.3000000000 5
109.0000000000 0.3000000000 5
109.1000000000 0.3000000000 5
109.2000000000 0.3000000000 5
109.3000000000 0.3000000000 5
109.4000000000 0.3000000000 5
109.5000000000 0.3000000000 5
109.6000000000 0.3000000000 5
109.7000000000 0.3000000000 5
109.8000000000 0.3000000000 5
109.9000000000 0.3000000000 5
110.0000000000 0.3000000000 5
110.1000000000 0.3000000000 5
110.2000000000 0.3000000000 5
110.3000000000 0.3000000000 5
110.4000000000 0.3000000000 5
110.5000000000 0.3000000000 5
110.6000000000 0.3000000000 5
110.7000000000 0.3000000000 5
110.8000000000 0.3000000000 5
110.9000000000 0.3000000000 5
111.0000000000 0.3000000000 5
111.1000000000 0.3000000000 5
111.2000000000 0.3000000000 5
111.3000000000 0.3000000000 5
111.4000000000 0.3000000000 5
111.5000000000 0.3000000000 5
111.6000000000 0.3000000000 5
111.7000000000 0.3000000000 5
111.8000000000 0.3000000000 5
111.9000000000 0.3000000000 5
112.0000000000 0.3000000000 5
112.1000000000 0.3000000000 5
112.2000000000 0.3000000000 5
112.3000000000 0.3000000000 5
112.4000000000 0.3000000000 5
112.5000000000 0.3000000000 5
112.6000000000 0.3000000000 5
112.7000000000 0.3000000000 5
112.8000000000 0.3000000000 5
112.9000000000 0.3000000000 5
113.0000000000 0.3000000000 5
113.1000000000 0.3000000000 5
113.2000000000 0.3000000000 5
113.3000000000 0.3000000000 5
113.4000000000 0.3000000000 5
113.5000000000 0.3000000000 5
113.6000000000 0.3000000000 5
113.7000000000 0.3000000000 5
113.8000000000 0.3000000000 5
113.9000000000 0.3000000000 5
114.0000000000 0.3000000000 5
114.1000000000 0.3000000000 5
114.2000000000 0.3000000000 5
114.3000000000 0.3000000000 5
114.4000000000 0.3000000000 5
114.5000000000 0.3000000000 5
114.6000000000 0.3000000000 5
114.7000000000 0.3000000000 5
114.8000000000 0.3000000000 5
114.9000000000 0.3000000000 5
115.0000000000 0.3000000000 5
115.1000000000 0.3000000000 5
115.2000000000 0.3000000000 5
115.3000000000 0.3000000000 5
115.4000000000 0.3000000000 5
115.5000000000 0.3000000000 5
115.6000000000 0.3000000000 5
115.7000000000 0.3000000000 5
115.8000000000 0.3000000000 5
115.9000000000 0.3000000000 5
116.0000000000 0.3000000000 5
116.1000000000 0.3000000000 5
116.2000000000 0.3000000000 5
116.3000000000 0.3000000000 5
116.4000000000 0.3000000000 5
116.5000000000 0.3000000000 5
116.6000000000 0.3000000000 5
116.7000000000 0.3000000000 5
116.8000000000 0.3000000000 5
116.9000000000 0.3000000000 5
117.0000000000 0.3000000000 5
117.1000000000 0.3000000000 5
117.2000000000 0.3000000000 5
117.3000000000 0.3000000000 5
117.4000000000 0.3000000000 5
117.5000000000 0.3000000000 5
117.6000000000 0.3000000000 5
117.7000000000 0.3000000000 5
117.8000000000 0.3000000000 5
117.9000000000 0.3000000000 5
118.0000000000 0.3000000000 5
118.1000000000 0.3000000000 5
118.2000000000 0.3000000000 5
118.3000000000 0.3000000000 5
118.4000000000 0.3000000000 5
118.5000000000 0.3000000000 5
118.6000000000 0.3000000000 5
118.7000000000 0.3000000000 5
118.8000000000 0.3000000000 5
118.9000000000 0.3000000000 5
119.0000000000 0.3000000000 5
119.1000000000 0.3000000000 5
119.2000000000 0.3000000000 5
119.3000000000 0.3000000000 5
119.4000000000 0.3000000000 5
119.5000000000 0.3000000000 5
119.6000000000 0.3000000000 5
119.7000000000 0.3000000000 5
119.8000000000 0.3000000000 5
119.9000000000 0.3000000000 5
120.0000000000 0.3000000000 5
120.1000000000 0.3000000000 5
120.2000000000 0.3000000000 5
120.3000000000 0.3000000000 5
120.4000000000 0.3000000000 5
120.5000000000 0.3000000000 5
120.6000000000 0.3000000000 5
120.7000000000 0.3000000000 5
120.8000000000 0.3000000000 5
120.9000000000 0.3000000000 5
121.0000000000 0.3000000000 5
121.1000000000 0.3000000000 5
121.2000000000 0.3000000000 5
121.3000000000 0.3000000000 5
121.4000000000 0.3000000000 5
121.5000000000 0.3000000000 5
121.6000000000 0.3000000000 5
121.7000000000 0.3000000000 5
121.8000000000 0.3000000000 5
121.9000000000 0.3000000000 5
122.0000000000 0.3000000000 5
122.1000000000 0.3000000000 5
122.2000000000 0.3000000000 5
122.3000000000 0.3000000000 5
122.4000000000 0.3000000000 5
122.5000000000 0.3000000000 5
122.6000000000 0.3000000000 5
122.7000000000 0.3000000000 5
122.8000000000 0.3000000000 5
122.9000000000 0.3000000000 5
123.0000000000 0.3000000000 5
123.1000000000 0.3000000000 5
123.2000000000 0.3000000000 5
123.3000000000 0.3000000000 5
123.4000000000 0.3000000000 5
123.5000000000 0.3000000000 5
123.6000000000 0.3000000000 5
123.7000000000 0.3000000000 5
123.8000000000 0.3000000000 5
123.9000000000 0.3000000000 5
124.0000000000 0.3000000000 5
124.1000000000 0.3000000000 5
124.2000000000 0.3000000000 5
124.3000000000 0.3000000000 5
124.4000000000 0.3000000000 5
124.5000000000 0.3000000000 5
124.6000000000 0.3000000000 5
124.7000000000 0.3000000000 5
124.8000000000 0.3000000000 5
124.9000000000 0.3000000000 5
125.0000000000 0.3000000000 5
125.1000000000 0.3000000000 5
125.2000000000 0.3000000000 5
125.3000000000 0.3000000000 5
125.4000000000 0.3000000000 5
125.5000000000 0.3000000000 5
125.6000000000 0.3000000000 5
125.7000000000 0.3000000000 5
125.8000000000 0.3000000000 5
125.9000000000 0.3000000000 5
126.0000000000 0.3000000000 5
126.1000000000 0.3000000000 5
126.2000000000 0.3000000000 5
126.3000000000 0.3000000000 5
126.4000000000 0.3000000000 5
126.5000000000 0.3000000000 5
126.6000000000 0.3000000000 5
126.7000000000 0.3000000000 5
126.8000000000 0.3000000000 5
126.9000000000 0.3000000000 5
127.0000000000 0.3000000000 5
127.1000000000 0.3000000000 5
127.2000000000 0.3000000000 5
127.3000000000 0.3000000000 5
127.4000000000 0.3000000000 5
127.5000000000 0.3000000000 5
127.6000000000 0.3000000000 5
127.7000000000 0.3000000000 5
127.8000000000 0.3000000000 5
127.9000000000 0.3000000000 5
128.0000000000 0.3000000000 5
128.1000000000 0.3000000000 5
128.2000000000 0.3000000000 5
128.3000000000 0.3000000000 5
128.4000000000 0.3000000000 5
128.5000000000 0.3000000000 5
128.6000000000 0.3000000000 5
128.7000000000 0.3000000000 5
128.8000000000 0.3000000000 5
128.9000000000 0.3000000000 5
129.0000000000 0.3000000000 5
129.1000000000 0.3000000000 5
129.2000000000 0.3000000000 5
129.3000000000 0.3000000000 5
129.4000000000 0.3000000000 5
129.5000000000 0.3000000000 5
129.6000000000 0.3000000000 5
129.7000000000 0.3000000000 5
129.8000000000 0.3000000000 5
129.9000000000 0.3000000000 5
130.0000000000 0.3000000000 5
130.1000000000 0.3000000000 5
130.2000000000 0.3000000000 5
130.3000000000 0.3000000000 5
130.4000000000 0.3000000000 5
130.5000000000 0.3000000000 5
130.6000000000 0.3000000000 5
130.7000000000 0.3000000000 5
130.8000000000 0.3000000000 5
130.9000000000 0.3000000000 5
131.0000000000 0.3000000000 5
131.1000000000 0.3000000000 5
131.2000000000 0.3000000000 5
131.3000000000 0.3000000000 5
131.4000000000 0.3000000000 5
131.5000000000 0.3000000000 5
131.6000000000 0.3000000000 5
131.7000000000 0.3000000000 5
131.8000000000 0.3000000000 5
131.9000000000 0.3000000000 5
132.0000000000 0.3000000000 5
132.1000000000 0.3000000000 5
132.2000000000 0.3000000000 5
132.3000000000 0.3000000000 5
132.4000000000 0.3000000000 5
132.5000000000 0.3000000000 5
132.6000000000 0.3000000000 5
132.7000000000 0.3000000000 5
132.8000000000 0.3000000000 5
132.9000000000 0.3000000000 5
133.0000000000 0.3000000000 5
133.1000000000 0.3000000000 5
133.2000000000 0.3000000000 5
133.3000000000 0.3000000000 5
133.4000000000 0.3000000000 5
133.5000000000 0.3000000000 5
133.6000000000 0.3000000000 5
133.7000000000 0.3000000000 5
133.8000000000 0.3000000000 5
133.9000000000 0.3000000000 5
134.0000000000 0.3000000000 5
134.1000000000 0.3000000000 5
134.2000000000 0.3000000000 5
134.3000000000 0.3000000000 5
134.4000000000 0.3000000000 5
134.5000000000 0.3000000000 5
134.6000000000 0.3000000000 5
134.7000000000 0.3000000000 5
134.8000000000 0.3000000000 5
134.9000000000 0.3000000000 5
135.0000000000 0.3000000000 5
135.1000000000 0.3000000000 5
135.2000000000 0.3000000000 5
135.3000000000 0.3000000000 5
135.4000000000 0.3000000000 5
135.5000000000 0.3000000000 5
135.6000000000 0.3000000000 5
135.7000000000 0.3000000000 5
135.8000000000 0.3000000000 5
135.9000000000 0.3000000000 5
136.0000000000 0.3000000000 5
136.1000000000 0.3000000000 5
136.2000000000 0.3000000000 5
136.3000000000 0.3000000000 5
136.4000000000 0.3000000000 5
136.5000000000 0.3000000000 5
136.6000000000 0.3000000000 5
136.7000000000 0.3000000000 5
136.8000000000 0.3000000000 5
136.9000000000 0.3000000000 5
137.0000000000 0.3000000000 5
137.1000000000 0.3000000000 5
137.2000000000 0.3000000000 5
137.3000000000 0.3000000000 5
137.4000000000 0.3000000000 5
137.5000000000 0.3000000000 5
137.6000000000 0.3000000000 5
137.7000000000 0.3000000000 5
137.8000000000 0.3000000000 5
137.9000000000 0.3000000000 5
138.0000000000 0.3000000000 5
138.1000000000 0.3000000000 5
138.2000000000 0.3000000000 5
138.3000000000 0.3000000000 5
138.4000000000 0.3000000000 5
138.5000000000 0.3000000000 5
138.6000000000 0.3000000000 5
138.7000000000 0.3000000000 5
138.8000000000 0.3000000000 5
138.9000000000 0.3000000000 5
139.0000000000 0.3000000000 5
139.1000000000 0.3000000000 5
139.2000000000 0.3000000000 5
139.3000000000 0.3000000000 5
139.4000000000 0.3000000000 5
139.5000000000 0.3000000000 5
139.6000000000 0.3000000000 5
139.7000000000 0.3000000000 5
139.8000000000 0.3000000000 5
139.9000000000 0.3000000000 5
140.0000000000 0.3000000000 5
140.1000000000 0.3000000000 5
140.2000000000 0.3000000000 5
140.3000000000 0.3000000000 5
140.4000000000 0.3000000000 5
140.5000000000 0.3000000000 5
140.6000000000 0.3000000000 5
140.7000000000 0.3000000000 5
140.8000000000 0.3000000000 5
140.9000000000 0.3000000000 5
141.0000000000 0.3000000000 5
141.1000000000 0.3000000000 5
141.2000000000 0.3000000000 5
141.3000000000 0.3000000000 5
141.4000000000 0.3000000000 5
141.5000000000 0.3000000000 5
141.6000000000 0.3000000000 5
141.7000000000 0.3000000000 5
141.8000000000 0.3000000000 5
141.9000000000 0.3000000000 5
142.0000000000 0.3000000000 5
142.1000000000 0.3000000000 5
142.2000000000 0.3000000000 5
142.3000000000 0.3000000000 5
142.4000000000 0.3000000000 5
142.5000000000 0.3000000000 5
142.6000000000 0.3000000000 5
142.7000000000 0.3000000000 5
142.8000000000 0.3000000000 5
142.9000000000 0.3000000000 5
143.0000000000 0.3000000000 5
143.1000000000 0.3000000000 5
143.2000000000 0.3000000000 5
143.3000000000 0.3000000000 5
143.4000000000 0.3000000000 5
143.5000000000 0.3000000000 5
143.6000000000 0.3000000000 5
143.7000000000 0.3000000000 5
143.8000000000 0.3000000000 5
143.9000000000 0.3000000000 5
144.0000000000 0.3000000000 5
144.1000000000 0.3000000000 5
144.2000000000 0.3000000000 5
144.3000000000 0.3000000000 5
144.4000000000 0.3000000000 5
144.5000000000 0.3000000000 5
144.6000000000 0.3000000000 5
144.7000000000 0.3000000000 5
144.8000000000 0.3000000000 5
144.9000000000 0.3000000000 5
145.0000000000 0.3000000000 5
145.1000000000 0.3000000000 5
145.2000000000 0.3000000000 5
145.3000000000 0.3000000000 5
145.4000000000 0.3000000000 5
145.5000000000 0.3000000000 5
145.6000000000 0.3000000000 5
145.7000000000 0.3000000000 5
145.8000000000 0.3000000000 5
145.9000000000 0.3000000000 5
146.0000000000 0.3000000000 5
146.1000000000 0.3000000000 1
146.2000000000 0.3000000000 1
146.3000000000 0.3000000000 1
146.4000000000 0.3000000000 1
146.5000000000 0.3000000000 1
146.6000000000 0.3000000000 1
146.7000000000 0.3000000000 1
146.8000000000 0.3000000000 1
146.9000000000 0.3000000000 1
147.0000000000 0.3000000000 1
147.1000000000 0.3000000000 1
147.2000000000 0.3000000000 1
147.3000000000 0.3000000000 1
147.4000000000 0.3000000000 1
147.5000000000 0.3000000000 1
147.6000000000 0.3000000000 1
147.7000000000 0.3000000000 1
147.8000000000 0.3000000000 1
147.9000000000 0.3000000000 1
148.0000000000 0.3000000000 1
148.1000000000 0.3000000000 1
148.2000000000 0.3000000000 1
148.3000000000 0.3000000000 1
148.4000000000 0.3000000000 1
148.5000000000 0.3000000000 1
148.6000000000 0.3000000000 1
148.7000000000 0.3000000000 1
148.8000000000 0.3000000000 1
148.9000000000 0.3000000000 1
149.0000000000 0.3000000000 1
149.1000000000 0.3000000000 1
149.2000000000 0.3000000000 1
149.3000000000 0.3000000000 1
149.4000000000 0.3000000000 1
149.5000000000 0.3000000000 1
149.6000000000 0.3000000000 1
149.7000000000 0.3000000000 1
149.8000000000 0.3000000000 1
149.9000000000 0.3000000000 1
150.0000000000 0.3000000000 1
150.1000000000 0.3000000000 1
150.2000000000 0.3000000000 1
150.3000000000 0.3000000000 1
150.4000000000 0.3000000000 1
150.5000000000 0.3000000000 1
150.6000000000 0.3000000000 1
150.7000000000 0.3000000000 1
150.8000000000 0.3000000000 1
150.9000000000 0.3000000000 1
151.0000000000 0.3000000000 1
151.1000000000 0.3000000000 1
151.2000000000 0.3000000000 1
151.3000000000 0.3000000000 1
151.4000000000 0.3000000000 1
151.5000000000 0.3000000000 1
151.6000000000 0.3000000000 1
151.7000000000 0.3000000000 1
151.8000000000 0.3000000000 1
151.9000000000 0.3000000000 1
152.0000000000 0.3000000000 1
152.1000000000 0.3000000000 1
152.2000000000 0.3000000000 1
152.3000000000 0.3000000000 1
152.4000000000 0.3000000000 1
152.5000000000 0.3000000000 1
152.6000000000 0.3000000000 1
152.7000000000 0.3000000000 1
152.8000000000 0.3000000000 1
152.9000000000 0.3000000000 1
153.0000000000 0.3000000000 1
153.1000000000 0.3000000000 1
153.2000000000 0.3000000000 1
153.3000000000 0.3000000000 1
153.4000000000 0.3000000000 1
153.5000000000 0.3000000000 1
153.6000000000 0.3000000000 1
153.7000000000 0.3000000000 1
153.8000000000 0.3000000000 1
153.9000000000 0.3000000000 1
154.0000000000 0.3000000000 1
154.1000000000 0.3000000000 1
154.2000000000 0.3000000000 1
154.3000000000 0.3000000000 1
154.4000000000 0.3000000000 1
154.5000000000 0.3000000000 1
154.6000000000 0.3000000000 1
154.7000000000 0.3000000000 1
154.8000000000 0.3000000000 1
154.9000000000 0.3000000000 1
155.0000000000 0.3000000000 1
155.1000000000 0.3000000000 1
155.2000000000 0.3000000000 1
155.3000000000 0.3000000000 1
155.4000000000 0.3000000000 1
155.5000000000 0.3000000000 1
155.6000000000 0.3000000000 1
155.7000000000 0.3000000000 1
155.8000000000 0.3000000000 1
155.9000000000 0.3000000000 1
156.0000000000 0.3000000000 1
156.1000000000 0.3000000000 1
156.2000000000 0.3000000000 1
156.3000000000 0.3000000000 1
156.4000000000 0.3000000000 1
156.5000000000 0.3000000000 1
156.6000000000 0.3000000000 1
156.7000000000 0.3000000000 1
156.8000000000 0.3000000000 1
156.9000000000 0.3000000000 1
157.0000000000 0.3000000000 1
157.1000000000 0.3000000000 1
157.2000000000 0.3000000000 1
157.3000000000 0.3000000000 1
157.4000000000 0.3000000000 1
157.5000000000 0.3000000000 1
157.6000000000 0.3000000000 1
157.7000000000 0.3000000000 1
157.8000000000 0.3000000000 1
157.9000000000 0.3000000000 1
158.0000000000 0.3000000000 1
158.1000000000 0.3000000000 1
158.2000000000 0.3000000000 1
158.3000000000 0.3000000000 1
158.4000000000 0.3000000000 1
158.5000000000 0.3000000000 1
158.6000000000 0.3000000000 5
158.7000000000 0.3000000000 5
158.8000000000 0.3000000000 5
158.9000000000 0.3000000000 5
159.0000000000 0.3000000000 5
159.1000000000 0.3000000000 5
159.2000000000 0.3000000000 5
159.3000000000 0.3000000000 5
159.4000000000 0.3000000000 5
159.5000000000 0.3000000000 5
159.6000000000 0.3000000000 5
159.7000000000 0.3000000000 5
159.8000000000 0.3000000000 5
159.9000000000 0.3000000000 5
160.0000000000 0.3000000000 5
160.1000000000 0.3000000000 5
160.2000000000 0.3000000000 5
160.3000000000 0.3000000000 5
160.4000000000 0.3000000000 5
160.5000000000 0.3000000000 5
160.6000000000 0.3000000000 5
160.7000000000 0.3000000000 5
160.8000000000 0.3000000000 5
160.9000000000 0.3000000000 5
161.0000000000 0.3000000000 5
161.1000000000 0.3000000000 5
161.2000000000 0.3000000000 5
161.3000000000 0.3000000000 5
161.4000000000 0.3000000000 5
161.5000000000 0.3000000000 5
161.6000000000 0.3000000000 5
161.7000000000 0.3000000000 5
161.8000000000 0.3000000000 5
161.9000000000 0.3000000000 5
162.0000000000 0.3000000000 5
162.1000000000 0.3000000000 5
162.2000000000 0.3000000000 5
162.3000000000 0.3000000000 5
162.4000000000 0.3000000000 5
162.5000000000 0.3000000000 5
162.6000000000 0.3000000000 5
162.7000000000 0.3000000000 5
162.8000000000 0.3000000000 5
162.9000000000 0.3000000000 5
163.0000000000 0.3000000000 5
163.1000000000 0.3000000000 5
163.2000000000 0.3000000000 5
163.3000000000 0.3000000000 5
163.4000000000 0.3000000000 5
163.5000000000 0.3000000000 5
163.6000000000 0.3000000000 5
163.7000000000 0.3000000000 5
163.8000000000 0.3000000000 5
163.9000000000 0.3000000000 5
164.0000000000 0.3000000000 5
164.1000000000 0.3000000000 5
164.2000000000 0.3000000000 5
164.3000000000 0.3000000000 5
164.4000000000 0.3000000000 5
164.5000000000 0.3000000000 5
164.6000000000 0.3000000000 5
164.7000000000 0.3000000000 5
164.8000000000 0.3000000000 5
164.9000000000 0.3000000000 5
165.0000000000 0.3000000000 5
165.1000000000 0.3000000000 5
165.2000000000 0.3000000000 5
165.3000000000 0.3000000000 5
165.4000000000 0.3000000000 5
165.5000000000 0.3000000000 5
165.6000000000 0.3000000000 5
165.7000000000 0.3000000000 5
165.8000000000 0.3000000000 5
165.9000000000 0.3000000000 5
166.0000000000 0.3000000000 5
166.1000000000 0.3000000000 5
166.2000000000 0.3000000000 5
166.3000000000 0.3000000000 5
166.4000000000 0.3000000000 5
166.5000000000 0.3000000000 5
166.6000000000 0.3000000000 5
166.7000000000 0.3000000000 5
166.8000000000 0.3000000000 5
166.9000000000 0.3000000000 5
167.0000000000 0.3000000000 5
167.1000000000 0.3000000000 5
167.2000000000 0.3000000000 5
167.3000000000 0.3000000000 5
167.4000000000 0.3000000000 5
167.5000000000 0.3000000000 5
167.6000000000 0.3000000000 5
167.7000000000 0.3000000000 5
167.8000000000 0.3000000000 5
167.9000000000 0.3000000000 5
168.0000000000 0.3000000000 5
168.1000000000 0.3000000000 5
168.2000000000 0.3000000000 5
168.3000000000 0.3000000000 5
168.4000000000 0.3000000000 5
168.5000000000 0.3000000000 5
168.6000000000 0.3000000000 5
168.7000000000 0.3000000000 5
168.8000000000 0.3000000000 5
168.9000000000 0.3000000000 5
169.0000000000 0.3000000000 5
169.1000000000 0.3000000000 5
169.2000000000 0.3000000000 5
169.3000000000 0.3000000000 5
169.4000000000 0.3000000000 5
169.5000000000 0.3000000000 5
169.6000000000 0.3000000000 5
169.7000000000 0.3000000000 5
169.8000000000 0.3000000000 5
169.9000000000 0.3000000000 5
170.0000000000 0.3000000000 5
170.1000000000 0.3000000000 5
170.2000000000 0.3000000000 5
170.3000000000 0.3000000000 5
170.4000000000 0.3000000000 5
170.5000000000 0.3000000000 5
170.6000000000 0.3000000000 5
170.7000000000 0.3000000000 5
170.8000000000 0.3000000000 5
170.9000000000 0.3000000000 5
171.0000000000 0.3000000000 5
171.1000000000 0.3000000000 5
171.2000000000 0.3000000000 5
171.3000000000 0.3000000000 5
171.4000000000 0.3000000000 5
171.5000000000 0.3000000000 5
171.6000000000 0.3000000000 5
171.7000000000 0.3000000000 5
171.8000000000 0.3000000000 5
171.9000000000 0.3000000000 5
172.0000000000 0.3000000000 5
172.1000000000 0.3000000000 5
172.2000000000 0.3000000000 5
172.3000000000 0.3000000000 5
172.4000000000 0.3000000000 5
172.5000000000 0.3000000000 5
172.6000000000 0.3000000000 5
172.7000000000 0.3000000000 5
172.8000000000 0.3000000000 5
172.9000000000 0.3000000000 5
173.0000000000 0.3000000000 5
173.1000000000 0.3000000000 5
173.2000000000 0.3000000000 5
173.3000000000 0.3000000000 5
173.4000000000 0.3000000000 5
173.5000000000 0.3000000000 5
173.6000000000 0.3000000000 5
173.7000000000 0.3000000000 5
173.8000000000 0.3000000000 5
173.9000000000 0.3000000000 5
174.0000000000 0.3000000000 5
174.1000000000 0.3000000000 5
174.2000000000 0.3000000000 5
174.3000000000 0.3000000000 5
174.4000000000 0.3000000000 5
174.5000000000 0.3000000000 5
174.6000000000 0.3000000000 5
174.7000000000 0.3000000000 5
174.8000000000 0.3000000000 5
174.9000000000 0.3000000000 5
175.0000000000 0.3000000000 5
175.1000000000 0.3000000000 5
175.2000000000 0.3000000000 5
175.3000000000 0.3000000000 5
175.4000000000 0.3000000000 5
175.5000000000 0.3000000000 5
175.6000000000 0.3000000000 5
175.7000000000 0.3000000000 5
175.8000000000 0.3000000000 5
175.9000000000 0.3000000000 5
176.0000000000 0.3000000000 5
176.1000000000 0.3000000000 5
176.2000000000 0.3000000000 5
176.3000000000 0.3000000000 5
176.4000000000 0.3000000000 5
176.5000000000 0.3000000000 5
176.6000000000 0.3000000000 5
176.7000000000 0.3000000000 5
176.8000000000 0.3000000000 5
176.9000000000 0.3000000000 5
177.0000000000 0.3000000000 5
177.1000000000 0.3000000000 5
177.2000000000 0.3000000000 5
177.3000000000 0.3000000000 5
177.4000000000 0.3000000000 5
177.5000000000 0.3000000000 5
177.6000000000 0.3000000000 5
177.7000000000 0.3000000000 5
177.8000000000 0.3000000000 5
177.9000000000 0.3000000000 5
178.0000000000 0.3000000000 5
178.1000000000 0.3000000000 5
178.2000000000 0.3000000000 5
178.3000000000 0.3000000000 5
178.4000000000 0.3000000000 5
178.5000000000 0.3000000000 5
178.6000000000 0.3000000000 5
178.7000000000 0.3000000000 5
178.8000000000 0.3000000000 5
178.9000000000 0.3000000000 5
179.0000000000 0.3000000000 5
179.1000000000 0.3000000000 5
179.2000000000 0.3000000000 5
179.3000000000 0.3000000000 5
179.4000000000 0.3000000000 5
179.5000000000 0.3000000000 5
179.6000000000 0.3000000000 5
179.7000000000 0.3000000000 5
179.8000000000 0.3000000000 5
179.9000000000 0.3000000000 5
180.0000000000 0.3000000000 5
180.1000000000 0.3000000000 5
180.2000000000 0.3000000000 5
180.3000000000 0.3000000000 5
180.4000000000 0.3000000000 5
180.5000000000 0.3000000000 5
180.6000000000 0.3000000000 5
180.7000000000 0.3000000000 5
180.8000000000 0.3000000000 5
180.9000000000 0.3000000000 5
181.0000000000 0.3000000000 5
