	1.530	1.540	1.550	1.560	1.570
0.0	0.9997321507	0.9999023786	0.9995510465	0.9997864708	0.9998469395
0.1	0.9996750705	0.9998461780	0.9994958829	0.9997325281	0.9997945695
0.2	0.9995163359	0.9996897213	0.9993419152	0.9995811780	0.9996462104
0.3	0.9992559792	0.9994330397	0.9990891736	0.9993324500	0.9994018908
0.4	0.9988940535	0.9990761849	0.9987377083	0.9989863927	0.9990616575
0.5	0.9984306322	0.9986192283	0.9982875887	0.9985430734	0.9986255759
0.6	0.9978658096	0.9980622616	0.9977389038	0.9980025785	0.9980937297
0.7	0.9971997007	0.9974053964	0.9970917620	0.9973650133	0.9974662211
0.8	0.9964324409	0.9966487646	0.9963462914	0.9966305022	0.9967431706
0.9	0.9955641863	0.9957925179	0.9955026393	0.9957991883	0.9959247169
1.0	0.9945951134	0.9948368280	0.9945609725	0.9948712334	0.9950110173
1.1	0.9935254194	0.9937818865	0.9935214772	0.9938468186	0.9940022473
1.2	0.9923553218	0.9926279051	0.9923843590	0.9927261434	0.9928986005
1.3	0.9910850586	0.9913751151	0.9911498426	0.9915094262	0.9917002888
1.4	0.9897148881	0.9900237679	0.9898181722	0.9901969042	0.9904075424
1.5	0.9882450891	0.9885741344	0.9883896110	0.9887888330	0.9890206096
1.6	0.9866759605	0.9870265053	0.9868644415	0.9872854872	0.9875397566
1.7	0.9850078214	0.9853811911	0.9852429652	0.9856871596	0.9859652678
1.8	0.9832410111	0.9836385218	0.9835255028	0.9839941618	0.9842974456
1.9	0.9813758889	0.9817988467	0.9817123938	0.9822068236	0.9825366102
2.0	0.9794128342	0.9798625350	0.9798039966	0.9803254935	0.9806830998
2.1	0.9773522463	0.9778299749	0.9778006888	0.9783505379	0.9787372703
2.2	0.9751945442	0.9757015740	0.9757028662	0.9762823419	0.9766994953
2.3	0.9729401668	0.9734777592	0.9735109437	0.9741213084	0.9745701661
2.4	0.9705895726	0.9711589765	0.9712253547	0.9718678585	0.9723496917
2.5	0.9681432397	0.9687456910	0.9688465511	0.9695224315	0.9700384985
2.6	0.9656016657	0.9662383867	0.9663750031	0.9670854844	0.9676370302
2.7	0.9629653674	0.9636375663	0.9638111996	0.9645574920	0.9651457480
2.8	0.9602348810	0.9609437515	0.9611556473	0.9619389471	0.9625651302
2.9	0.9574107620	0.9581574826	0.9584088714	0.9592303600	0.9598956726
3.0	0.9544935846	0.9552793183	0.9555714150	0.9564322584	0.9571378875
3.1	0.9514839423	0.9523098360	0.9526438389	0.9535451877	0.9542923047
3.2	0.9483824471	0.9492496310	0.9496267222	0.9505697104	0.9513594706
3.3	0.9451897298	0.9460993172	0.9465206613	0.9475064065	0.9483399483
3.4	0.9419064398	0.9428595264	0.9433262703	0.9443558730	0.9452343177
3.5	0.9385332449	0.9395309083	0.9400441809	0.9411187237	0.9420431751
3.6	0.9350708311	0.9361141305	0.9366750420	0.9377955895	0.9387671334
3.7	0.9315199027	0.9326098783	0.9332195196	0.9343871180	0.9354068216
3.8	0.9278811818	0.9290188544	0.9296782971	0.9308939735	0.9319628850
3.9	0.9241554086	0.9253417790	0.9260520746	0.9273168367	0.9284359849
4.0	0.9203433407	0.9215793896	0.9223415691	0.9236564048	0.9248267986
4.1	0.9164457536	0.9177324407	0.9185475142	0.9199133909	0.9211360192
4.2	0.9124634399	0.9138017040	0.9146706601	0.9160885246	0.9173643554
4.3	0.9083972096	0.9097879676	0.9107117732	0.9121825513	0.9135125314
4.4	0.9042478897	0.9056920366	0.9066716364	0.9081962320	0.9095812869
4.5	0.9000163242	0.9015147324	0.9025510485	0.9041303438	0.9055713769
4.6	0.8957033736	0.8972568929	0.8983508241	0.8999856789	0.9014835713
4.7	0.8913099151	0.8929193719	0.8940717937	0.8957630450	0.8973186551
4.8	0.8868368425	0.8885030393	0.8897148034	0.8914632650	0.8930774281
4.9	0.8822850653	0.8840087809	0.8852807147	0.8870871769	0.8887607047
5.0	0.8776555094	0.8794374979	0.8807704042	0.8826356334	0.8843693139
5.1	0.8729491164	0.8747901073	0.8761847637	0.8781095021	0.8799040989
5.2	0.8681668434	0.8700675411	0.8715246999	0.8735096650	0.8753659171
5.3	0.8633096632	0.8652707463	0.8667911341	0.8688370185	0.8707556401
5.4	0.8583785636	0.8604006850	0.8619850024	0.8640924731	0.8660741532
5.5	0.8533745476	0.8554583339	0.8571072549	0.8592769536	0.8613223552
5.6	0.8482986329	0.8504446842	0.8521588560	0.8543913984	0.8565011587
5.7	0.8431518518	0.8453607415	0.8471407842	0.8494367594	0.8516114896
5.8	0.8379352512	0.8402075254	0.8420540316	0.8444140023	0.8466542866
5.9	0.8326498920	0.8349860692	0.8368996040	0.8393241059	0.8416305018
6.0	0.8272968492	0.8296974203	0.8316785205	0.8341680621	0.8365410999
6.1	0.8218772116	0.8243426393	0.8263918135	0.8289468757	0.8313870582
6.2	0.8163920814	0.8189228001	0.8210405281	0.8236615642	0.8261693663
6.3	0.8108425742	0.8134389897	0.8156257224	0.8183131576	0.8208890263
6.4	0.8052298188	0.8078923079	0.8101484671	0.8129026981	0.8155470521
6.5	0.7995549567	0.8022838671	0.8046098451	0.8074312402	0.8101444696
6.6	0.7938191420	0.7966147921	0.7990109516	0.8018998500	0.8046823161
6.7	0.7880235414	0.7908862199	0.7933528934	0.7963096056	0.7991616405
6.8	0.7821693337	0.7850992993	0.7876367893	0.7906615964	0.7935835030
6.9	0.7762577094	0.7792551910	0.7818637696	0.7849569230	0.7879489748
7.0	0.7702898709	0.7733550670	0.7760349756	0.7791966971	0.7822591377
7.1	0.7642670321	0.7674001106	0.7701515598	0.7733820413	0.7765150845
7.2	0.7581904178	0.7613915161	0.7642146854	0.7675140887	0.7707179182
7.3	0.7520612640	0.7553304886	0.7582255263	0.7615939829	0.7648687519
7.4	0.7458808173	0.7492182435	0.7521852668	0.7556228776	0.7589687089
7.5	0.7396503346	0.7430560069	0.7460951009	0.7496019363	0.7530189221
7.6	0.7333710832	0.7368450144	0.7399562330	0.7435323325	0.7470205340
7.7	0.7270443402	0.7305865119	0.7337698767	0.7374152489	0.7409746966
7.8	0.7206713924	0.7242817544	0.7275372552	0.7312518777	0.7348825708
7.9	0.7142535359	0.7179320063	0.7212596008	0.7250434199	0.7287453264
8.0	0.7077920761	0.7115385412	0.7149381548	0.7187910855	0.7225641420
8.1	0.7012883271	0.7051026414	0.7085741670	0.7124960928	0.7163402046
8.2	0.6947436116	0.6986255974	0.7021688957	0.7061596687	0.7100747092
8.3	0.6881592609	0.6921087085	0.6957236074	0.6997830479	0.7037688591
8.4	0.6815366140	0.6855532814	0.6892395763	0.6933674732	0.6974238651
8.5	0.6748770180	0.6789606311	0.6827180846	0.6869141947	0.6910409457
8.6	0.6681818272	0.6723320795	0.6761604216	0.6804244701	0.6846213265
8.7	0.6614524035	0.6656689563	0.6695678839	0.6738995640	0.6781662404
8.8	0.6546901154	0.6589725975	0.6629417750	0.6673407481	0.6716769268
8.9	0.6478963384	0.6522443464	0.6562834049	0.6607493005	0.6651546319
9.0	0.6410724541	0.6454855521	0.6495940903	0.6541265057	0.6586006082
9.1	0.6342198506	0.6386975703	0.6428751537	0.6474736544	0.6520161142
9.2	0.6273399214	0.6318817623	0.6361279235	0.6407920430	0.6454024143
9.3	0.6204340660	0.6250394950	0.6293537338	0.6340829736	0.6387607785
9.4	0.6135036888	0.6181721407	0.6225539241	0.6273477538	0.6320924822
9.5	0.6065501994	0.6112810767	0.6157298387	0.6205876959	0.6253988060
9.6	0.5995750121	0.6043676850	0.6088828269	0.6138041176	0.6186810351
9.7	0.5925795454	0.5974333521	0.6020142425	0.6069983405	0.6119404596
9.8	0.5855652222	0.5904794687	0.5951254435	0.6001716912	0.6051783738
9.9	0.5785334692	0.5835074295	0.5882177920	0.5933254999	0.5983960764
10.0	0.5714857163	0.5765186327	0.5812926539	0.5864611009	0.5915948695
10.1	0.5644233972	0.5695144800	0.5743513982	0.5795798317	0.5847760594
10.2	0.5573479481	0.5624963761	0.5673953974	0.5726830335	0.5779409553
10.3	0.5502608082	0.5554657286	0.5604260269	0.5657720503	0.5710908699
10.4	0.5431634187	0.5484239473	0.5534446647	0.5588482288	0.5642271184
10.5	0.5360572233	0.5413724446	0.5464526910	0.5519129184	0.5573510190
10.6	0.5289436673	0.5343126348	0.5394514884	0.5449674706	0.5504638921
10.7	0.5218241974	0.5272459336	0.5324424411	0.5380132389	0.5435670601
10.8	0.5147002617	0.5201737584	0.5254269349	0.5310515786	0.5366618475
10.9	0.5075733090	0.5130975275	0.5184063570	0.5240838462	0.5297495802
11.0	0.5004447889	0.5060186601	0.5113820954	0.5171113998	0.5228315857
11.1	0.4933161512	0.4989385759	0.5043555390	0.5101355979	0.5159091922
11.2	0.4861888459	0.4918586948	0.4973280771	0.5031578002	0.5089837292
11.3	0.4790643224	0.4847804367	0.4903010991	0.4961793663	0.5020565265
11.4	0.4719440298	0.4777052212	0.4832759944	0.4892016562	0.4951289144
11.5	0.4648294164	0.4706344673	0.4762541520	0.4822260298	0.4882022231
11.6	0.4577219290	0.4635695931	0.4692369603	0.4752538464	0.4812777827
11.7	0.4506230133	0.4565120154	0.4622258066	0.4682864648	0.4743569229
11.8	0.4435341131	0.4494631497	0.4552220773	0.4613252426	0.4674409728
11.9	0.4364566702	0.4424244096	0.4482271572	0.4543715366	0.4605312603
12.0	0.4293921240	0.4353972069	0.4412424291	0.4474267019	0.4536291124
12.1	0.4223419114	0.4283829508	0.4342692742	0.4404920917	0.4467358545
12.2	0.4153074662	0.4213830481	0.4273090712	0.4335690577	0.4398528101
12.3	0.4082902192	0.4143989027	0.4203631963	0.4266589488	0.4329813012
12.4	0.4012915977	0.4074319152	0.4134330227	0.4197631117	0.4261226471
12.5	0.3943130249	0.4004834830	0.4065199208	0.4128828902	0.4192781650
12.6	0.3873559203	0.3935549995	0.3996252574	0.4060196252	0.4124491692
12.7	0.3804216989	0.3866478543	0.3927503956	0.3991746542	0.4056369710
12.8	0.3735117709	0.3797634328	0.3858966949	0.3923493111	0.3988428786
12.9	0.3666275418	0.3729031155	0.3790655102	0.3855449259	0.3920681966
13.0	0.3597704116	0.3660682783	0.3722581923	0.3787628248	0.3853142260
13.1	0.3529417752	0.3592602921	0.3654760870	0.3720043294	0.3785822636
13.2	0.3461430212	0.3524805221	0.3587205355	0.3652707567	0.3718736023
13.3	0.3393755325	0.3457303281	0.3519928732	0.3585634191	0.3651895302
13.4	0.3326406855	0.3390110639	0.3452944306	0.3518836235	0.3585313310
13.5	0.3259398499	0.3323240771	0.3386265319	0.3452326719	0.3519002831
13.6	0.3192743887	0.3256707088	0.3319904955	0.3386118602	0.3452976599
13.7	0.3126456574	0.3190522932	0.3253876335	0.3320224787	0.3387247293
13.8	0.3060550043	0.3124701579	0.3188192515	0.3254658116	0.3321827535
13.9	0.2995037698	0.3059256229	0.3122866481	0.3189431366	0.3256729888
14.0	0.2929932863	0.2994200007	0.3057911149	0.3124557249	0.3191966851
14.1	0.2865248781	0.2929545960	0.2993339363	0.3060048406	0.3127550861
14.2	0.2800998606	0.2865307055	0.2929163889	0.2995917409	0.3063494287
14.3	0.2737195406	0.2801496176	0.2865397417	0.2932176756	0.2999809431
14.4	0.2673852158	0.2738126120	0.2802052554	0.2868838869	0.2936508522
14.5	0.2610981745	0.2675209597	0.2739141825	0.2805916090	0.2873603715
14.6	0.2548596954	0.2612759224	0.2676677668	0.2743420683	0.2811107090
14.7	0.2486710474	0.2550787526	0.2614672434	0.2681364825	0.2749030647
14.8	0.2425334890	0.2489306932	0.2553138383	0.2619760611	0.2687386307
14.9	0.2364482687	0.2428329773	0.2492087681	0.2558620045	0.2626185908
15.0	0.2304166239	0.2367868278	0.2431532398	0.2497955042	0.2565441202
15.1	0.2244397816	0.2307934571	0.2371484509	0.2437777425	0.2505163853
15.2	0.2185189573	0.2248540674	0.2311955885	0.2378098922	0.2445365436
15.3	0.2126553552	0.2189698499	0.2252958297	0.2318931161	0.2386057435
15.4	0.2068501678	0.2131419846	0.2194503409	0.2260285674	0.2327251238
15.5	0.2011045759	0.2073716403	0.2136602780	0.2202173889	0.2268958137
15.6	0.1954197481	0.2016599743	0.2079267857	0.2144607131	0.2211189326
15.7	0.1897968406	0.1960081321	0.2022509977	0.2087596618	0.2153955900
15.8	0.1842369969	0.1904172472	0.1966340361	0.2031153461	0.2097268847
15.9	0.1787413479	0.1848884410	0.1910770117	0.1975288660	0.2041139054
16.0	0.1733110113	0.1794228221	0.1855810230	0.1920013100	0.1985577298
16.1	0.1679470915	0.1740214869	0.1801471568	0.1865337553	0.1930594250
16.2	0.1626506796	0.1686855185	0.1747764875	0.1811272676	0.1876200468
16.3	0.1574228527	0.1634159871	0.1694700769	0.1757829004	0.1822406396
16.4	0.1522646740	0.1582139495	0.1642289743	0.1705016952	0.1769222366
16.5	0.1471771928	0.1530804491	0.1590542158	0.1652846812	0.1716658588
16.6	0.1421614436	0.1480165154	0.1539468247	0.1601328750	0.1664725158
16.7	0.1372184467	0.1430231639	0.1489078108	0.1550472807	0.1613432048
16.8	0.1323492073	0.1381013962	0.1439381704	0.1500288893	0.1562789107
16.9	0.1275547159	0.1332521992	0.1390388861	0.1450786788	0.1512806061
17.0	0.1228359474	0.1284765457	0.1342109266	0.1401976139	0.1463492508
17.1	0.1181938618	0.1237753932	0.1294552465	0.1353866457	0.1414857916
17.2	0.1136294030	0.1191496847	0.1247727860	0.1306467119	0.1366911626
17.3	0.1091434994	0.1146003479	0.1201644710	0.1259787362	0.1319662844
17.4	0.1047370635	0.1101282952	0.1156312127	0.1213836282	0.1273120644
17.5	0.1004109914	0.1057344234	0.1111739073	0.1168622834	0.1227293962
17.6	0.0961661629	0.1014196138	0.1067934362	0.1124155830	0.1182191600
17.7	0.0920034414	0.0971847318	0.1024906655	0.1080443934	0.1137822217
17.8	0.0879236736	0.0930306266	0.0982664459	0.1037495666	0.1094194333
17.9	0.0839276891	0.0889581314	0.0941216126	0.0995319395	0.1051316328
18.0	0.0800163008	0.0849680629	0.0900569852	0.0953923341	0.1009196434
18.1	0.0761903041	0.0810612215	0.0860733673	0.0913315570	0.0967842739
18.2	0.0724504772	0.0772383905	0.0821715465	0.0873503997	0.0927263185
18.3	0.0687975808	0.0735003368	0.0783522944	0.0834496379	0.0887465564
18.4	0.0652323577	0.0698478100	0.0746163661	0.0796300318	0.0848457518
18.5	0.0617555330	0.0662815426	0.0709645001	0.0758923259	0.0810246539
18.6	0.0583678140	0.0628022498	0.0673974187	0.0722372484	0.0772839962
18.7	0.0550698896	0.0594106296	0.0639158271	0.0686655117	0.0736244972
18.8	0.0518624306	0.0561073620	0.0605204136	0.0651778118	0.0700468597
18.9	0.0487460892	0.0528931095	0.0572118496	0.0617748285	0.0665517704
19.0	0.0457214995	0.0497685169	0.0539907893	0.0584572248	0.0631399008
19.1	0.0427892763	0.0467342107	0.0508578696	0.0552256474	0.0598119058
19.2	0.0399500163	0.0437907995	0.0478137098	0.0520807259	0.0565684246
19.3	0.0372042967	0.0409388736	0.0448589120	0.0490230733	0.0534100801
19.4	0.0345526762	0.0381790049	0.0419940602	0.0460532854	0.0503374786
19.5	0.0319956938	0.0355117471	0.0392197210	0.0431719410	0.0473512103
19.6	0.0295338698	0.0329376350	0.0365364429	0.0403796016	0.0444518486
19.7	0.0271677047	0.0304571849	0.0339447565	0.0376768113	0.0416399502
19.8	0.0248976799	0.0280708943	0.0314451741	0.0350640969	0.0389160551
19.9	0.0227242570	0.0257792416	0.0290381901	0.0325419675	0.0362806863
20.0	0.0206478781	0.0235826866	0.0267242802	0.0301109147	0.0337343500
20.1	0.0186689654	0.0214816698	0.0245039021	0.0277714122	0.0312775351
20.2	0.0167879215	0.0194766125	0.0223774947	0.0255239159	0.0289107133
20.3	0.0150051289	0.0175679169	0.0203454785	0.0233688638	0.0266343392
20.4	0.0133209501	0.0157559658	0.0184082552	0.0213066759	0.0244488499
20.5	0.0117357278	0.0140411225	0.0165662079	0.0193377541	0.0223546650
20.6	0.0102497844	0.0124237311	0.0148197009	0.0174624820	0.0203521868
20.7	0.0088634220	0.0109041158	0.0131690793	0.0156812251	0.0184417997
20.8	0.0075769226	0.0094825814	0.0116146697	0.0139943306	0.0166238706
20.9	0.0063905479	0.0081594131	0.0101567793	0.0124021272	0.0148987485
21.0	0.0053045392	0.0069348762	0.0087956963	0.0109049251	0.0132667648
21.1	0.0043191173	0.0058092163	0.0075316900	0.0095030162	0.0117282328
21.2	0.0034344826	0.0047826592	0.0063650102	0.0081966737	0.0102834480
21.3	0.0026508150	0.0038554107	0.0052958877	0.0069861521	0.0089326878
21.4	0.0019682741	0.0030276568	0.0043245337	0.0058716873	0.0076762116
21.5	0.0013869984	0.0022995636	0.0034511404	0.0048534966	0.0065142606
21.6	0.0009071064	0.0016712770	0.0026758805	0.0039317783	0.0054470581
21.7	0.0005286955	0.0011429231	0.0019989073	0.0031067121	0.0044748088
21.8	0.0002518427	0.0007146078	0.0014203545	0.0023784587	0.0035976996
21.9	0.0000766043	0.0003864170	0.0009403367	0.0017471602	0.0028158989
22.0	0.0000030161	0.0001584166	0.0005589487	0.0012129394	0.0021295567
22.1	0.0000310928	0.0000306523	0.0002762659	0.0007759006	0.0015388049
22.2	0.0001608288	0.0000031497	0.0000923443	0.0004361289	0.0010437569
22.3	0.0003921978	0.0000759143	0.0000072202	0.0001936906	0.0006445078
22.4	0.0007251526	0.0002489316	0.0000209104	0.0000486327	0.0003411343
22.5	0.0011596255	0.0005221668	0.0001334123	0.0000009838	0.0001336945
22.6	0.0016955282	0.0008955652	0.0003447036	0.0000507529	0.0000222284
22.7	0.0023327516	0.0013690518	0.0006547425	0.0001979305	0.0000067573
22.8	0.0030711662	0.0019425318	0.0010634678	0.0004424879	0.0000872842
22.9	0.0039106217	0.0026158901	0.0015707986	0.0007843773	0.0002637937
23.0	0.0048509474	0.0033889916	0.0021766346	0.0012235323	0.0005362518
23.1	0.0058919521	0.0042616814	0.0028808561	0.0017598671	0.0009046062
23.2	0.0070334239	0.0052337843	0.0036833238	0.0023932773	0.0013687862
23.3	0.0082751309	0.0063051055	0.0045838791	0.0031236394	0.0019287027
23.4	0.0096168203	0.0074754301	0.0055823440	0.0039508112	0.0025842481
23.5	0.0110582194	0.0087445233	0.0066785209	0.0048746314	0.0033352966
23.6	0.0125990349	0.0101121307	0.0078721932	0.0058949200	0.0041817039
23.7	0.0142389535	0.0115779780	0.0091631249	0.0070114782	0.0051233075
23.8	0.0159776416	0.0131417712	0.0105510607	0.0082240883	0.0061599265
23.9	0.0178147455	0.0148031967	0.0120357262	0.0095325141	0.0072913620
24.0	0.0197498917	0.0165619213	0.0136168280	0.0109365006	0.0085173966
24.1	0.0217826866	0.0184175922	0.0152940533	0.0124357742	0.0098377950
24.2	0.0239127166	0.0203698373	0.0170670706	0.0140300427	0.0112523035
24.3	0.0261395486	0.0224182651	0.0189355293	0.0157189954	0.0127606505
24.4	0.0284627297	0.0245624648	0.0208990599	0.0175023033	0.0143625465
24.5	0.0308817873	0.0268020062	0.0229572744	0.0193796187	0.0160576837
24.6	0.0333962294	0.0291364404	0.0251097656	0.0213505758	0.0178457366
24.7	0.0360055447	0.0315652991	0.0273561081	0.0234147906	0.0197263620
24.8	0.0387092024	0.0340880951	0.0296958577	0.0255718607	0.0216991987
24.9	0.0415066526	0.0367043226	0.0321285518	0.0278213659	0.0237638678
25.0	0.0443973264	0.0394134568	0.0346537095	0.0301628677	0.0259199729
