	1.530	1.540	1.550	1.560	1.570
0.0	0.9999987517	0.9999705040	0.9998306574	0.9997814224	0.9999955519
0.1	0.9997955684	0.9997693041	0.9996312376	0.9995845425	0.9998033509
0.2	0.9991858037	0.9991671879	0.9990366193	0.9989981624	0.9992272713
0.3	0.9981699538	0.9981646384	0.9980472729	0.9980227392	0.9982677556
0.4	0.9967488451	0.9967624597	0.9966639809	0.9966590332	0.9969255406
0.5	0.9949236336	0.9949617768	0.9948878370	0.9949081074	0.9952016574
0.6	0.9926958042	0.9927640340	0.9927202462	0.9927713268	0.9930974301
0.7	0.9900671692	0.9901709944	0.9901629225	0.9902503567	0.9906144747
0.8	0.9870398670	0.9871847381	0.9872178886	0.9873471625	0.9877546985
0.9	0.9836163603	0.9838076607	0.9838874734	0.9840640069	0.9845202979
1.0	0.9797994342	0.9800424711	0.9801743109	0.9804034493	0.9809137572
1.1	0.9755921936	0.9758921897	0.9760813376	0.9763683430	0.9769378465
1.2	0.9709980613	0.9713601459	0.9716117904	0.9719618333	0.9725956195
1.3	0.9660207745	0.9664499752	0.9667692042	0.9671873550	0.9678904113
1.4	0.9606643822	0.9611656165	0.9615574087	0.9620486298	0.9628258359
1.5	0.9549332419	0.9555113087	0.9559805256	0.9565496632	0.9574057832
1.6	0.9488320159	0.9494915878	0.9500429655	0.9506947415	0.9516344162
1.7	0.9423656674	0.9431112825	0.9437494241	0.9444884288	0.9455161676
1.8	0.9355394569	0.9363755112	0.9371048786	0.9379355625	0.9390557368
1.9	0.9283589374	0.9292896770	0.9301145839	0.9310412507	0.9322580857
2.0	0.9208299504	0.9218594643	0.9227840684	0.9238108673	0.9251284353
2.1	0.9129586206	0.9140908333	0.9151191292	0.9162500483	0.9176722618
2.2	0.9047513513	0.9059900160	0.9071258284	0.9083646873	0.9098952919
2.3	0.8962148193	0.8975635106	0.8988104874	0.9001609308	0.9018034989
2.4	0.8873559688	0.8888180769	0.8901796823	0.8916451734	0.8934030978
2.5	0.8781820066	0.8797607302	0.8812402390	0.8828240532	0.8847005407
2.6	0.8687003957	0.8703987363	0.8719992271	0.8737044459	0.8757025117
2.7	0.8589188494	0.8607396051	0.8624639550	0.8642934603	0.8664159219
2.8	0.8488453249	0.8507910850	0.8526419636	0.8545984320	0.8568479039
2.9	0.8384880171	0.8405611567	0.8425410207	0.8446269182	0.8470058067
3.0	0.8278553516	0.8300580263	0.8321691145	0.8343866915	0.8368971897
3.1	0.8169559780	0.8192901194	0.8215344479	0.8238857339	0.8265298168
3.2	0.8057987630	0.8082660738	0.8106454311	0.8131322309	0.8159116509
3.3	0.7943927829	0.7969947327	0.7995106758	0.8021345647	0.8050508474
3.4	0.7827473166	0.7854851379	0.7881389880	0.7909013076	0.7939557483
3.5	0.7708718375	0.7737465222	0.7765393609	0.7794412160	0.7826348751
3.6	0.7587760064	0.7617883020	0.7647209682	0.7677632227	0.7710969231
3.7	0.7464696631	0.7496200702	0.7526931563	0.7558764305	0.7593507542
3.8	0.7339628190	0.7372515879	0.7404654376	0.7437901051	0.7474053901
3.9	0.7212656483	0.7246927767	0.7280474824	0.7315136675	0.7352700058
4.0	0.7083884800	0.7119537114	0.7154491113	0.7190566870	0.7229539219
4.1	0.6953417899	0.6990446108	0.7026802879	0.7064288736	0.7104665980
4.2	0.6821361912	0.6859758305	0.6897511104	0.6936400706	0.6978176252
4.3	0.6687824269	0.6727578540	0.6766718038	0.6807002465	0.6850167186
4.4	0.6552913600	0.6594012846	0.6634527120	0.6676194878	0.6720737103
4.5	0.6416739657	0.6459168367	0.6501042892	0.6544079908	0.6589985413
4.6	0.6279413215	0.6323153272	0.6366370921	0.6410760535	0.6458012542
4.7	0.6141045991	0.6186076673	0.6230617712	0.6276340679	0.6324919852
4.8	0.6001750545	0.6048048527	0.6093890626	0.6140925120	0.6190809569
4.9	0.5861640195	0.5909179561	0.5956297794	0.6004619412	0.6055784697
5.0	0.5720828919	0.5769581171	0.5817948032	0.5867529802	0.5919948944
5.1	0.5579431267	0.5629365342	0.5678950752	0.5729763150	0.5783406640
5.2	0.5437562267	0.5488644553	0.5539415882	0.5591426842	0.5646262660
5.3	0.5295337327	0.5347531686	0.5399453773	0.5452628710	0.5508622338
5.4	0.5152872149	0.5206139942	0.5259175114	0.5313476944	0.5370591391
5.5	0.5010282628	0.5064582742	0.5118690844	0.5174080011	0.5232275835
5.6	0.4867684758	0.4922973640	0.4978112066	0.5034546569	0.5093781906
5.7	0.4725194545	0.4781426233	0.4837549957	0.4894985382	0.4955215977
5.8	0.4582927902	0.4640054069	0.4697115680	0.4755505235	0.4816684473
5.9	0.4441000565	0.4498970554	0.4556920298	0.4616214852	0.4678293798
6.0	0.4299527990	0.4358288862	0.4417074685	0.4477222806	0.4540150242
6.1	0.4158625265	0.4218121846	0.4277689437	0.4338637439	0.4402359911
6.2	0.4018407015	0.4078581947	0.4138874788	0.4200566778	0.4265028635
6.3	0.3878987306	0.3939781099	0.4000740520	0.4063118445	0.4128261893
6.4	0.3740479557	0.3801830648	0.3863395876	0.3926399579	0.3992164732
6.5	0.3602996443	0.3664841254	0.3726949475	0.3790516751	0.3856841682
6.6	0.3466649806	0.3528922809	0.3591509226	0.3655575880	0.3722396680
6.7	0.3331550564	0.3394184344	0.3457182242	0.3521682148	0.3588932990
6.8	0.3197808621	0.3260733944	0.3324074756	0.3388939925	0.3456553118
6.9	0.3065532774	0.3128678660	0.3192292036	0.3257452680	0.3325358743
7.0	0.2934830631	0.2998124426	0.3061938303	0.3127322906	0.3195450628
7.1	0.2805808516	0.2869175970	0.2933116646	0.2998652038	0.3066928553
7.2	0.2678571390	0.2741936731	0.2805928946	0.2871540371	0.2939891229
7.3	0.2553222759	0.2616508780	0.2680475788	0.2746086987	0.2814436231
7.4	0.2429864595	0.2492992732	0.2556856387	0.2622389676	0.2690659915
7.5	0.2308597249	0.2371487670	0.2435168507	0.2500544857	0.2568657349
7.6	0.2189519371	0.2252091064	0.2315508387	0.2380647506	0.2448522240
7.7	0.2072727832	0.2134898690	0.2197970658	0.2262791082	0.2330346859
7.8	0.1958317642	0.2020004561	0.2082648276	0.2147067452	0.2214221971
7.9	0.1846381871	0.1907500840	0.1969632444	0.2033566819	0.2100236769
8.0	0.1737011581	0.1797477778	0.1859012541	0.1922377658	0.1988478800
8.1	0.1630295744	0.1690023632	0.1750876049	0.1813586636	0.1879033902
8.2	0.1526321172	0.1585224601	0.1645308491	0.1707278556	0.1771986134
8.3	0.1425172449	0.1483164752	0.1542393352	0.1603536283	0.1667417718
8.4	0.1326931860	0.1383925957	0.1442212025	0.1502440681	0.1565408967
8.5	0.1231679322	0.1287587824	0.1344843737	0.1404070555	0.1466038231
8.6	0.1139492324	0.1194227632	0.1250365493	0.1308502581	0.1369381834
8.7	0.1050445859	0.1103920274	0.1158852011	0.1215811253	0.1275514013
8.8	0.0964612367	0.1016738194	0.1070375664	0.1126068823	0.1184506865
8.9	0.0882061673	0.0932751327	0.0985006424	0.1039345243	0.1096430290
9.0	0.0802860932	0.0852027045	0.0902811805	0.0955708113	0.1011351935
9.1	0.0727074573	0.0774630106	0.0823856811	0.0875222628	0.0929337147
9.2	0.0654764248	0.0700622595	0.0748203885	0.0797951523	0.0850448917
9.3	0.0585988783	0.0630063880	0.0675912855	0.0723955031	0.0774747837
9.4	0.0520804125	0.0563010562	0.0607040894	0.0653290831	0.0702292051
9.5	0.0459263302	0.0499516430	0.0541642468	0.0586014004	0.0633137209
9.6	0.0401416378	0.0439632418	0.0479769300	0.0522176992	0.0567336426
9.7	0.0347310410	0.0383406564	0.0421470320	0.0461829555	0.0504940242
9.8	0.0296989415	0.0330883972	0.0366791635	0.0405018732	0.0445996581
9.9	0.0250494328	0.0282106774	0.0315776488	0.0351788807	0.0390550715
10.0	0.0207862972	0.0237114099	0.0268465223	0.0302181271	0.0338645230
10.1	0.0169130028	0.0195942038	0.0224895258	0.0256234793	0.0290319993
10.2	0.0134327006	0.0158623620	0.0185101050	0.0213985188	0.0245612121
10.3	0.0103482217	0.0125188781	0.0149114070	0.0175465388	0.0204555952
10.4	0.0076620754	0.0095664342	0.0116962778	0.0140705419	0.0167183021
10.5	0.0053764468	0.0070073986	0.0088672602	0.0109732376	0.0133522031
10.6	0.0034931954	0.0048438243	0.0064265914	0.0082570402	0.0103598838
10.7	0.0020138530	0.0030774467	0.0043762017	0.0059240669	0.0077436422
10.8	0.0009396232	0.0017096828	0.0027177127	0.0039761363	0.0055054880
10.9	0.0002713799	0.0007416299	0.0014524359	0.0024147666	0.0036471401
11.0	0.0000096666	0.0001740645	0.0005813721	0.0012411751	0.0021700259
11.1	0.0001546963	0.0000074419	0.0001052100	0.0004562766	0.0010752799
11.2	0.0007063510	0.0002418957	0.0000243264	0.0000606827	0.0003637430
11.3	0.0016641819	0.0008772380	0.0003387851	0.0000547019	0.0000359615
11.4	0.0030274098	0.0019129589	0.0010483376	0.0004383389	0.0000921874
11.5	0.0047949257	0.0033482278	0.0021524225	0.0012112946	0.0005323774
11.6	0.0069652918	0.0051818932	0.0036501669	0.0023729665	0.0013561934
11.7	0.0095367424	0.0074124842	0.0055403861	0.0039224492	0.0025630026
11.8	0.0125071858	0.0100382115	0.0078215854	0.0058585348	0.0041518782
11.9	0.0158742054	0.0130569688	0.0104919606	0.0081797143	0.0061215999
12.0	0.0196350622	0.0164663344	0.0135493999	0.0108841782	0.0084706546
12.1	0.0237866967	0.0202635735	0.0169914854	0.0139698185	0.0111972383
12.2	0.0283257316	0.0244456399	0.0208154947	0.0174342300	0.0142992567
12.3	0.0332484744	0.0290091790	0.0250184038	0.0212747123	0.0177743273
12.4	0.0385509205	0.0339505298	0.0295968888	0.0254882718	0.0216197810
12.5	0.0442287562	0.0392657285	0.0345473288	0.0300716240	0.0258326642
12.6	0.0502773628	0.0449505114	0.0398658086	0.0350211964	0.0304097412
12.7	0.0566918196	0.0510003182	0.0455481223	0.0403331309	0.0353474965
12.8	0.0634669086	0.0574102959	0.0515897760	0.0460032868	0.0406421376
12.9	0.0705971182	0.0641753025	0.0579859915	0.0520272445	0.0462895979
13.0	0.0780766479	0.0712899112	0.0647317106	0.0584003082	0.0522855397
13.1	0.0858994133	0.0787484148	0.0718215982	0.0651175104	0.0586253578
13.2	0.0940590505	0.0865448302	0.0792500475	0.0721736151	0.0653041828
13.3	0.1025489216	0.0946729034	0.0870111835	0.0795631222	0.0723168849
13.4	0.1113621201	0.1031261140	0.0950988685	0.0872802717	0.0796580780
13.5	0.1204914766	0.1118976810	0.1035067062	0.0953190482	0.0873221235
13.6	0.1299295644	0.1209805681	0.1122280474	0.1036731857	0.0953031350
13.7	0.1396687054	0.1303674892	0.1212559947	0.1123361721	0.1035949825
13.8	0.1497009771	0.1400509141	0.1305834084	0.1213012549	0.1121912973
13.9	0.1600182180	0.1500230750	0.1402029120	0.1305614460	0.1210854770
14.0	0.1706120353	0.1602759724	0.1501068978	0.1401095272	0.1302706903
14.1	0.1814738108	0.1708013816	0.1602875332	0.1499380559	0.1397398823
14.2	0.1925947085	0.1815908593	0.1707367670	0.1600393709	0.1494857800
14.3	0.2039656815	0.1926357504	0.1814463353	0.1704055985	0.1595008981
14.4	0.2155774797	0.2039271949	0.1924077685	0.1810286583	0.1697775442
14.5	0.2274206568	0.2154561348	0.2036123977	0.1919002699	0.1803078252
14.6	0.2394855783	0.2272133220	0.2150513617	0.2030119591	0.1910836533
14.7	0.2517624297	0.2391893250	0.2267156141	0.2143550643	0.2020967518
14.8	0.2642412235	0.2513745368	0.2385959301	0.2259207440	0.2133386620
14.9	0.2769118084	0.2637591827	0.2506829143	0.2376999829	0.2248007495
15.0	0.2897638768	0.2763333280	0.2629670075	0.2496835991	0.2364742105
