0.0	0.0028449611	0.9971550389
0.2	0.0028543648	0.9971456352
0.4	0.0028678673	0.9971321327
0.6	0.0028875596	0.9971124404
0.8	0.0029158956	0.9970841044
1.0	0.0029556842	0.9970443158
1.2	0.0030100819	0.9969899181
1.4	0.0030825831	0.9969174169
1.6	0.0031770105	0.9968229895
1.8	0.0032975033	0.9967024967
2.0	0.0034485059	0.9965514941
2.2	0.0036347541	0.9963652459
2.4	0.0038612623	0.9961387377
2.6	0.0041333080	0.9958666920
2.8	0.0044564167	0.9955435833
3.0	0.0048363458	0.9951636542
3.2	0.0052790674	0.9947209326
3.4	0.0057907511	0.9942092489
3.6	0.0063777454	0.9936222546
3.8	0.0070465593	0.9929534407
4.0	0.0078038428	0.9921961572
4.2	0.0086563670	0.9913436330
4.4	0.0096110044	0.9903889956
4.6	0.0106747077	0.9893252923
4.8	0.0118544897	0.9881455103
5.0	0.0131574014	0.9868425986
5.2	0.0145905111	0.9854094889
5.4	0.0161608831	0.9838391169
5.6	0.0178755557	0.9821244443
5.8	0.0197415199	0.9802584801
6.0	0.0217656977	0.9782343023
6.2	0.0239549208	0.9760450792
6.4	0.0263159089	0.9736840911
6.6	0.0288552491	0.9711447509
6.8	0.0315793744	0.9684206256
7.0	0.0344945437	0.9655054563
7.2	0.0376068209	0.9623931791
7.4	0.0409220559	0.9590779441
7.6	0.0444458644	0.9555541356
7.8	0.0481836099	0.9518163901
8.0	0.0521403845	0.9478596155
8.2	0.0563209925	0.9436790075
8.4	0.0607299320	0.9392700680
8.6	0.0653713800	0.9346286200
8.8	0.0702491759	0.9297508241
9.0	0.0753668073	0.9246331927
9.2	0.0807273959	0.9192726041
9.4	0.0863336847	0.9136663153
9.6	0.0921880258	0.9078119742
9.8	0.0982923693	0.9017076307
10.0	0.1046482529	0.8953517471
10.2	0.1112567931	0.8887432069
10.4	0.1181186769	0.8818813231
10.6	0.1252341546	0.8747658454
10.8	0.1326030338	0.8673969662
11.0	0.1402246746	0.8597753254
11.2	0.1480979858	0.8519020142
11.4	0.1562214218	0.8437785782
11.6	0.1645929815	0.8354070185
11.8	0.1732102073	0.8267897927
12.0	0.1820701864	0.8179298136
12.2	0.1911695517	0.8088304483
12.4	0.2005044858	0.7994955142
12.6	0.2100707241	0.7899292759
12.8	0.2198635605	0.7801364395
13.0	0.2298778532	0.7701221468
13.2	0.2401080328	0.7598919672
13.4	0.2505481098	0.7494518902
13.6	0.2611916847	0.7388083153
13.8	0.2720319583	0.7279680417
14.0	0.2830617431	0.7169382569
14.2	0.2942734760	0.7057265240
14.4	0.3056592314	0.6943407686
14.6	0.3172107358	0.6827892642
14.8	0.3289193831	0.6710806169
15.0	0.3407762501	0.6592237499
15.2	0.3527721142	0.6472278858
15.4	0.3648974701	0.6351025299
15.6	0.3771425488	0.6228574512
15.8	0.3894973363	0.6105026637
16.0	0.4019515931	0.5980484069
16.2	0.4144948748	0.5855051252
16.4	0.4271165524	0.5728834476
16.6	0.4398058337	0.5601941663
16.8	0.4525517846	0.5474482154
17.0	0.4653433517	0.5346566483
17.2	0.4781693838	0.5218306162
17.4	0.4910186551	0.5089813449
17.6	0.5038798873	0.4961201127
17.8	0.5167417730	0.4832582270
18.0	0.5295929984	0.4704070016
18.2	0.5424222661	0.4575777339
18.4	0.5552183185	0.4447816815
18.6	0.5679699602	0.4320300398
18.8	0.5806660809	0.4193339191
19.0	0.5932956778	0.4067043222
19.2	0.6058478780	0.3941521220
19.4	0.6183119602	0.3816880398
19.6	0.6306773766	0.3693226234
19.8	0.6429337735	0.3570662265
20.0	0.6550710122	0.3449289878
20.2	0.6670791894	0.3329208106
20.4	0.6789486562	0.3210513438
20.6	0.6906700373	0.3093299627
20.8	0.7022342493	0.2977657507
21.0	0.7136325178	0.2863674822
21.2	0.7248563946	0.2751436054
21.4	0.7358977734	0.2641022266
21.6	0.7467489048	0.2532510952
21.8	0.7574024107	0.2425975893
22.0	0.7678512973	0.2321487027
22.2	0.7780889677	0.2219110323
22.4	0.7881092330	0.2118907670
22.6	0.7979063229	0.2020936771
22.8	0.8074748946	0.1925251054
23.0	0.8168100413	0.1831899587
23.2	0.8259072993	0.1740927007
23.4	0.8347626540	0.1652373460
23.6	0.8433725449	0.1566274551
23.8	0.8517338694	0.1482661306
24.0	0.8598439854	0.1401560146
24.2	0.8677007130	0.1322992870
24.4	0.8753023348	0.1246976652
24.6	0.8826475952	0.1173524048
24.8	0.8897356985	0.1102643015
25.0	0.8965663061	0.1034336939
25.2	0.9031395321	0.0968604679
25.4	0.9094559383	0.0905440617
25.6	0.9155165278	0.0844834722
25.8	0.9213227376	0.0786772624
26.0	0.9268764302	0.0731235698
26.2	0.9321798841	0.0678201159
26.4	0.9372357833	0.0627642167
26.6	0.9420472059	0.0579527941
26.8	0.9466176114	0.0533823886
27.0	0.9509508280	0.0490491720
27.2	0.9550510377	0.0449489623
27.4	0.9589227617	0.0410772383
27.6	0.9625708442	0.0374291558
27.8	0.9660004362	0.0339995638
28.0	0.9692169778	0.0307830222
28.2	0.9722261805	0.0277738195
28.4	0.9750340083	0.0249659917
28.6	0.9776466588	0.0223533412
28.8	0.9800705431	0.0199294569
29.0	0.9823122660	0.0176877340
29.2	0.9843786052	0.0156213948
29.4	0.9862764903	0.0137235097
29.6	0.9880129816	0.0119870184
29.8	0.9895952487	0.0104047513
30.0	0.9910305483	0.0089694517
30.2	0.9923262030	0.0076737970
30.4	0.9934895786	0.0065104214
30.6	0.9945280629	0.0054719371
30.8	0.9954490431	0.0045509569
31.0	0.9962598843	0.0037401157
31.2	0.9969679077	0.0030320923
31.4	0.9975803692	0.0024196308
31.6	0.9981044379	0.0018955621
31.8	0.9985471754	0.0014528246
32.0	0.9989155153	0.0010844847
32.2	0.9992162428	0.0007837572
32.4	0.9994559751	0.0005440249
32.6	0.9996411425	0.0003588575
32.8	0.9997779698	0.0002220302
33.0	0.9998724581	0.0001275419
33.2	0.9999303677	0.0000696323
33.4	0.9999572019	0.0000427981
33.6	0.9999581905	0.0000418095
33.8	0.9999382756	0.0000617244
34.0	0.9999020970	0.0000979030
34.2	0.9998539791	0.0001460209
34.4	0.9997979184	0.0002020816
34.6	0.9997375726	0.0002624274
34.8	0.9996762495	0.0003237505
35.0	0.9996168981	0.0003831019
35.2	0.9995621000	0.0004379000
35.4	0.9995140620	0.0004859380
35.6	0.9994746101	0.0005253899
35.8	0.9994451839	0.0005548161
36.0	0.9994268331	0.0005731669
36.2	0.9994202138	0.0005797862
