0.0	0.0463837491	0.9536162509
0.2	0.0464314541	0.9535685459
0.4	0.0465242081	0.9534757919
0.6	0.0466691639	0.9533308361
0.8	0.0468737759	0.9531262241
1.0	0.0471457757	0.9528542243
1.2	0.0474931460	0.9525068540
1.4	0.0479240944	0.9520759056
1.6	0.0484470258	0.9515529742
1.8	0.0490705141	0.9509294859
2.0	0.0498032737	0.9501967263
2.2	0.0506541294	0.9493458706
2.4	0.0516319872	0.9483680128
2.6	0.0527458034	0.9472541966
2.8	0.0540045539	0.9459954461
3.0	0.0554172038	0.9445827962
3.2	0.0569926759	0.9430073241
3.4	0.0587398198	0.9412601802
3.6	0.0606673808	0.9393326192
3.8	0.0627839694	0.9372160306
4.0	0.0650980303	0.9349019697
4.2	0.0676178126	0.9323821874
4.4	0.0703513397	0.9296486603
4.6	0.0733063802	0.9266936198
4.8	0.0764904191	0.9235095809
5.0	0.0799106302	0.9200893698
5.2	0.0835738487	0.9164261513
5.4	0.0874865453	0.9125134547
5.6	0.0916548005	0.9083451995
5.8	0.0960842806	0.9039157194
6.0	0.1007802148	0.8992197852
6.2	0.1057473731	0.8942526269
6.4	0.1109900454	0.8890099546
6.6	0.1165120226	0.8834879774
6.8	0.1223165784	0.8776834216
7.0	0.1284064529	0.8715935471
7.2	0.1347838376	0.8652161624
7.4	0.1414503617	0.8585496383
7.6	0.1484070805	0.8515929195
7.8	0.1556544650	0.8443455350
8.0	0.1631923933	0.8368076067
8.2	0.1710201437	0.8289798563
8.4	0.1791363896	0.8208636104
8.6	0.1875391957	0.8124608043
8.8	0.1962260164	0.8037739836
9.0	0.2051936960	0.7948063040
9.2	0.2144384703	0.7855615297
9.4	0.2239559701	0.7760440299
9.6	0.2337412261	0.7662587739
9.8	0.2437886768	0.7562113232
10.0	0.2540921762	0.7459078238
10.2	0.2646450047	0.7353549953
10.4	0.2754398810	0.7245601190
10.6	0.2864689757	0.7135310243
10.8	0.2977239269	0.7022760731
11.0	0.3091958564	0.6908041436
11.2	0.3208753885	0.6791246115
11.4	0.3327526694	0.6672473306
11.6	0.3448173886	0.6551826114
11.8	0.3570588013	0.6429411987
12.0	0.3694657518	0.6305342482
12.2	0.3820266991	0.6179733009
12.4	0.3947297420	0.6052702580
12.6	0.4075626472	0.5924373528
12.8	0.4205128765	0.5794871235
13.0	0.4335676164	0.5664323836
13.2	0.4467138075	0.5532861925
13.4	0.4599381750	0.5400618250
13.6	0.4732272599	0.5267727401
13.8	0.4865674507	0.5134325493
14.0	0.4999450154	0.5000549846
14.2	0.5133461338	0.4866538662
14.4	0.5267569306	0.4732430694
14.6	0.5401635078	0.4598364922
14.8	0.5535519780	0.4464480220
15.0	0.5669084971	0.4330915029
15.2	0.5802192973	0.4197807027
15.4	0.5934707192	0.4065292808
15.6	0.6066492449	0.3933507551
15.8	0.6197415286	0.3802584714
16.0	0.6327344294	0.3672655706
16.2	0.6456150406	0.3543849594
16.4	0.6583707208	0.3416292792
16.6	0.6709891228	0.3290108772
16.8	0.6834582220	0.3165417780
17.0	0.6957663440	0.3042336560
17.2	0.7079021908	0.2920978092
17.4	0.7198548667	0.2801451333
17.6	0.7316139020	0.2683860980
17.8	0.7431692762	0.2568307238
18.0	0.7545114397	0.2454885603
18.2	0.7656313339	0.2343686661
18.4	0.7765204103	0.2234795897
18.6	0.7871706478	0.2128293522
18.8	0.7975745684	0.2024254316
19.0	0.8077252517	0.1922747483
19.2	0.8176163476	0.1823836524
19.4	0.8272420869	0.1727579131
19.6	0.8365972911	0.1634027089
19.8	0.8456773800	0.1543226200
20.0	0.8544783772	0.1455216228
20.2	0.8629969146	0.1370030854
20.4	0.8712302348	0.1287697652
20.6	0.8791761916	0.1208238084
20.8	0.8868332489	0.1131667511
21.0	0.8942004779	0.1057995221
21.2	0.9012775526	0.0987224474
21.4	0.9080647432	0.0919352568
21.6	0.9145629083	0.0854370917
21.8	0.9207734852	0.0792265148
22.0	0.9266984783	0.0733015217
22.2	0.9323404466	0.0676595534
22.4	0.9377024886	0.0622975114
22.6	0.9427882269	0.0572117731
22.8	0.9476017899	0.0523982101
23.0	0.9521477938	0.0478522062
23.2	0.9564313215	0.0435686785
23.4	0.9604579014	0.0395420986
23.6	0.9642334848	0.0357665152
23.8	0.9677644215	0.0322355785
24.0	0.9710574349	0.0289425651
24.2	0.9741195961	0.0258804039
24.4	0.9769582969	0.0230417031
24.6	0.9795812220	0.0204187780
24.8	0.9819963201	0.0180036799
25.0	0.9842117752	0.0157882248
25.2	0.9862359764	0.0137640236
25.4	0.9880774880	0.0119225120
25.6	0.9897450183	0.0102549817
25.8	0.9912473889	0.0087526111
26.0	0.9925935037	0.0074064963
26.2	0.9937923172	0.0062076828
26.4	0.9948528034	0.0051471966
26.6	0.9957839248	0.0042160752
26.8	0.9965946007	0.0034053993
27.0	0.9972936772	0.0027063228
27.2	0.9978898962	0.0021101038
27.4	0.9983918658	0.0016081342
27.6	0.9988080308	0.0011919692
27.8	0.9991466437	0.0008533563
28.0	0.9994157371	0.0005842629
28.2	0.9996230963	0.0003769037
28.4	0.9997762328	0.0002237672
28.6	0.9998823592	0.0001176408
28.8	0.9999483648	0.0000516352
29.0	0.9999807925	0.0000192075
29.2	0.9999858167	0.0000141833
29.4	0.9999692230	0.0000307770
29.6	0.9999363883	0.0000636117
29.8	0.9998922631	0.0001077369
30.0	0.9998413550	0.0001586450
30.2	0.9997877136	0.0002122864
30.4	0.9997349171	0.0002650829
30.6	0.9996860600	0.0003139400
30.8	0.9996437434	0.0003562566
31.0	0.9996100657	0.0003899343
31.2	0.9995866162	0.0004133838
31.4	0.9995744693	0.0004255307
