0.0	0.0088530862	0.9911469138
0.2	0.0088418662	0.9911581338
0.4	0.0088356960	0.9911643040
0.6	0.0088326313	0.9911673687
0.8	0.0088310137	0.9911689863
1.0	0.0088294749	0.9911705251
1.2	0.0088269406	0.9911730594
1.4	0.0088226331	0.9911773669
1.6	0.0088160737	0.9911839263
1.8	0.0088070839	0.9911929161
2.0	0.0087957859	0.9912042141
2.2	0.0087826028	0.9912173972
2.4	0.0087682570	0.9912317430
2.6	0.0087537693	0.9912462307
2.8	0.0087404554	0.9912595446
3.0	0.0087299236	0.9912700764
3.2	0.0087240702	0.9912759298
3.4	0.0087250749	0.9912749251
3.6	0.0087353955	0.9912646045
3.8	0.0087577614	0.9912422386
4.0	0.0087951667	0.9912048333
4.2	0.0088508630	0.9911491370
4.4	0.0089283506	0.9910716494
4.6	0.0090313699	0.9909686301
4.8	0.0091638919	0.9908361081
5.0	0.0093301078	0.9906698922
5.2	0.0095344182	0.9904655818
5.4	0.0097814221	0.9902185779
5.6	0.0100759049	0.9899240951
5.8	0.0104228260	0.9895771740
6.0	0.0108273060	0.9891726940
6.2	0.0112946134	0.9887053866
6.4	0.0118301510	0.9881698490
6.6	0.0124394416	0.9875605584
6.8	0.0131281140	0.9868718860
7.0	0.0139018875	0.9860981125
7.2	0.0147665578	0.9852334422
7.4	0.0157279810	0.9842720190
7.6	0.0167920582	0.9832079418
7.8	0.0179647202	0.9820352798
8.0	0.0192519114	0.9807480886
8.2	0.0206595737	0.9793404263
8.4	0.0221936310	0.9778063690
8.6	0.0238599728	0.9761400272
8.8	0.0256644382	0.9743355618
9.0	0.0276128002	0.9723871998
9.2	0.0297107496	0.9702892504
9.4	0.0319638793	0.9680361207
9.6	0.0343776688	0.9656223312
9.8	0.0369574684	0.9630425316
10.0	0.0397084847	0.9602915153
10.2	0.0426357652	0.9573642348
10.4	0.0457441838	0.9542558162
10.6	0.0490384265	0.9509615735
10.8	0.0525229777	0.9474770223
11.0	0.0562021064	0.9437978936
11.2	0.0600798535	0.9399201465
11.4	0.0641600187	0.9358399813
11.6	0.0684461491	0.9315538509
11.8	0.0729415270	0.9270584730
12.0	0.0776491592	0.9223508408
12.2	0.0825717665	0.9174282335
12.4	0.0877117736	0.9122882264
12.6	0.0930713006	0.9069286994
12.8	0.0986521536	0.9013478464
13.0	0.1044558172	0.8955441828
13.2	0.1104834476	0.8895165524
13.4	0.1167358655	0.8832641345
13.6	0.1232135506	0.8767864494
13.8	0.1299166369	0.8700833631
14.0	0.1368449079	0.8631550921
14.2	0.1439977932	0.8560022068
14.4	0.1513743661	0.8486256339
14.6	0.1589733413	0.8410266587
14.8	0.1667930738	0.8332069262
15.0	0.1748315586	0.8251684414
15.2	0.1830864307	0.8169135693
15.4	0.1915549671	0.8084450329
15.6	0.2002340879	0.7997659121
15.8	0.2091203595	0.7908796405
16.0	0.2182099982	0.7817900018
16.2	0.2274988745	0.7725011255
16.4	0.2369825177	0.7630174823
16.6	0.2466561225	0.7533438775
16.8	0.2565145551	0.7434854449
17.0	0.2665523606	0.7334476394
17.2	0.2767637711	0.7232362289
17.4	0.2871427143	0.7128572857
17.6	0.2976828231	0.7023171769
17.8	0.3083774455	0.6916225545
18.0	0.3192196552	0.6807803448
18.2	0.3302022632	0.6697977368
18.4	0.3413178295	0.6586821705
18.6	0.3525586755	0.6474413245
18.8	0.3639168972	0.6360831028
19.0	0.3753843785	0.6246156215
19.2	0.3869528054	0.6130471946
19.4	0.3986136800	0.6013863200
19.6	0.4103583359	0.5896416641
19.8	0.4221779530	0.5778220470
20.0	0.4340635732	0.5659364268
20.2	0.4460061162	0.5539938838
20.4	0.4579963957	0.5420036043
20.6	0.4700251361	0.5299748639
20.8	0.4820829884	0.5179170116
21.0	0.4941605478	0.5058394522
21.2	0.5062483697	0.4937516303
21.4	0.5183369876	0.4816630124
21.6	0.5304169295	0.4695830705
21.8	0.5424787353	0.4575212647
22.0	0.5545129737	0.4454870263
22.2	0.5665102593	0.4334897407
22.4	0.5784612692	0.4215387308
22.6	0.5903567604	0.4096432396
22.8	0.6021875855	0.3978124145
23.0	0.6139447100	0.3860552900
23.2	0.6256192278	0.3743807722
23.4	0.6372023772	0.3627976228
23.6	0.6486855568	0.3513144432
23.8	0.6600603402	0.3399396598
24.0	0.6713184909	0.3286815091
24.2	0.6824519772	0.3175480228
24.4	0.6934529855	0.3065470145
24.6	0.7043139341	0.2956860659
24.8	0.7150274860	0.2849725140
25.0	0.7255865618	0.2744134382
25.2	0.7359843507	0.2640156493
25.4	0.7462143225	0.2537856775
25.6	0.7562702381	0.2437297619
25.8	0.7661461592	0.2338538408
26.0	0.7758364580	0.2241635420
26.2	0.7853358257	0.2146641743
26.4	0.7946392803	0.2053607197
26.6	0.8037421745	0.1962578255
26.8	0.8126402013	0.1873597987
27.0	0.8213294005	0.1786705995
27.2	0.8298061632	0.1701938368
27.4	0.8380672366	0.1619327634
27.6	0.8461097268	0.1538902732
27.8	0.8539311020	0.1460688980
28.0	0.8615291939	0.1384708061
28.2	0.8689021995	0.1310978005
28.4	0.8760486805	0.1239513195
28.6	0.8829675635	0.1170324365
28.8	0.8896581382	0.1103418618
29.0	0.8961200557	0.1038799443
29.2	0.9023533254	0.0976466746
29.4	0.9083583112	0.0916416888
29.6	0.9141357275	0.0858642725
29.8	0.9196866336	0.0803133664
30.0	0.9250124280	0.0749875720
30.2	0.9301148415	0.0698851585
30.4	0.9349959302	0.0650040698
30.6	0.9396580670	0.0603419330
30.8	0.9441039332	0.0558960668
31.0	0.9483365089	0.0516634911
31.2	0.9523590630	0.0476409370
31.4	0.9561751424	0.0438248576
31.6	0.9597885610	0.0402114390
31.8	0.9632033879	0.0367966121
32.0	0.9664239346	0.0335760654
32.2	0.9694547430	0.0305452570
32.4	0.9723005711	0.0276994289
32.6	0.9749663801	0.0250336199
32.8	0.9774573197	0.0225426803
33.0	0.9797787139	0.0202212861
33.2	0.9819360457	0.0180639543
33.4	0.9839349424	0.0160650576
33.6	0.9857811599	0.0142188401
33.8	0.9874805668	0.0125194332
34.0	0.9890391289	0.0109608711
34.2	0.9904628928	0.0095371072
34.4	0.9917579700	0.0082420300
34.6	0.9929305203	0.0070694797
34.8	0.9939867358	0.0060132642
35.0	0.9949328241	0.0050671759
35.2	0.9957749927	0.0042250073
35.4	0.9965194321	0.0034805679
35.6	0.9971722997	0.0028277003
35.8	0.9977397043	0.0022602957
36.0	0.9982276896	0.0017723104
36.2	0.9986422192	0.0013577808
36.4	0.9989891607	0.0010108393
36.6	0.9992742707	0.0007257293
36.8	0.9995031805	0.0004968195
37.0	0.9996813810	0.0003186190
37.2	0.9998142091	0.0001857909
37.4	0.9999068339	0.0000931661
37.6	0.9999642437	0.0000357563
37.8	0.9999912330	0.0000087670
38.0	0.9999923906	0.0000076094
38.2	0.9999720881	0.0000279119
38.4	0.9999344682	0.0000655318
38.6	0.9998834350	0.0001165650
38.8	0.9998226435	0.0001773565
39.0	0.9997554908	0.0002445092
39.2	0.9996851071	0.0003148929
39.4	0.9996143484	0.0003856516
39.6	0.9995457886	0.0004542114
39.8	0.9994817138	0.0005182862
40.0	0.9994241157	0.0005758843
40.2	0.9993746873	0.0006253127
40.4	0.9993348182	0.0006651818
40.6	0.9993055914	0.0006944086
40.8	0.9992877804	0.0007122196
41.0	0.9992818473	0.0007181527
