0.0	0.0003673450	0.9996326550
0.2	0.0003649438	0.9996350562
0.4	0.0003640761	0.9996359239
0.6	0.0003647506	0.9996352494
0.8	0.0003673628	0.9996326372
1.0	0.0003726939	0.9996273061
1.2	0.0003819085	0.9996180915
1.4	0.0003965515	0.9996034485
1.6	0.0004185433	0.9995814567
1.8	0.0004501735	0.9995498265
2.0	0.0004940938	0.9995059062
2.2	0.0005533098	0.9994466902
2.4	0.0006311708	0.9993688292
2.6	0.0007313591	0.9992686409
2.8	0.0008578780	0.9991421220
3.0	0.0010150383	0.9989849617
3.2	0.0012074442	0.9987925558
3.4	0.0014399780	0.9985600220
3.6	0.0017177830	0.9982822170
3.8	0.0020462470	0.9979537530
4.0	0.0024309833	0.9975690167
4.2	0.0028778118	0.9971221882
4.4	0.0033927389	0.9966072611
4.6	0.0039819366	0.9960180634
4.8	0.0046517215	0.9953482785
5.0	0.0054085323	0.9945914677
5.2	0.0062589071	0.9937410929
5.4	0.0072094610	0.9927905390
5.6	0.0082668619	0.9917331381
5.8	0.0094378069	0.9905621931
6.0	0.0107289987	0.9892710013
6.2	0.0121471207	0.9878528793
6.4	0.0136988132	0.9863011869
6.6	0.0153906489	0.9846093511
6.8	0.0172291089	0.9827708911
7.0	0.0192205586	0.9807794414
7.2	0.0213714281	0.9786285719
7.4	0.0236889040	0.9763110960
7.6	0.0261792600	0.9738207400
7.8	0.0288484561	0.9711515439
8.0	0.0317022438	0.9682977562
8.2	0.0347461435	0.9652538565
8.4	0.0379854229	0.9620145771
8.6	0.0414250758	0.9585749242
8.8	0.0450698019	0.9549301981
9.0	0.0489239868	0.9510760132
9.2	0.0529916835	0.9470083165
9.4	0.0572765941	0.9427234059
9.6	0.0617820535	0.9382179465
9.8	0.0665110130	0.9334889870
10.0	0.0714660257	0.9285339743
10.2	0.0766492332	0.9233507668
10.4	0.0820623530	0.9179376470
10.6	0.0877066675	0.9122933325
10.8	0.0935830142	0.9064169858
11.0	0.0996917775	0.9003082225
11.2	0.1060328817	0.8939671183
11.4	0.1126057851	0.8873942149
11.6	0.1194094765	0.8805905235
11.8	0.1264424720	0.8735575280
12.0	0.1337028143	0.8662971857
12.2	0.1411880727	0.8588119273
12.4	0.1488953454	0.8511046546
12.6	0.1568212624	0.8431787376
12.8	0.1649619907	0.8350380093
13.0	0.1733132403	0.8266867597
13.2	0.1818702723	0.8181297277
13.4	0.1906279078	0.8093720922
13.6	0.1995805386	0.8004194614
13.8	0.2087221392	0.7912778608
14.0	0.2180462798	0.7819537202
14.2	0.2275463606	0.7724536394
14.4	0.2372185583	0.7627814417
14.6	0.2470564267	0.7529435733
14.8	0.2570522998	0.7429477002
15.0	0.2671981698	0.7328018302
15.2	0.2774857055	0.7225142945
15.4	0.2879062715	0.7120937285
15.6	0.2984509485	0.7015490515
15.8	0.3091105540	0.6908894460
16.0	0.3198756641	0.6801243359
16.2	0.3307366363	0.6692633637
16.4	0.3416836317	0.6583163683
16.6	0.3527066396	0.6472933604
16.8	0.3637955005	0.6362044995
17.0	0.3749399310	0.6250600690
17.2	0.3861295479	0.6138704521
17.4	0.3973538931	0.6026461069
17.6	0.4086024583	0.5913975417
17.8	0.4198234107	0.5801765893
18.0	0.4308626710	0.5691373290
18.2	0.4417199525	0.5582800475
18.4	0.4523808656	0.5476191344
18.6	0.4627983101	0.5372016899
18.8	0.4728840585	0.5271159415
19.0	0.4827441188	0.5172558812
19.2	0.4929991594	0.5070008406
19.4	0.5035458923	0.4964541077
19.6	0.5143355903	0.4856644097
19.8	0.5253240656	0.4746759344
20.0	0.5365411897	0.4634588103
20.2	0.5479128039	0.4520871961
20.4	0.5592889427	0.4407110573
20.6	0.5706586639	0.4293413361
20.8	0.5820110536	0.4179889464
21.0	0.5933352522	0.4066647478
21.2	0.6046204805	0.3953795195
21.4	0.6158560656	0.3841439344
21.6	0.6270314663	0.3729685337
21.8	0.6381362982	0.3618637018
22.0	0.6491603588	0.3508396412
22.2	0.6600936515	0.3399063485
22.4	0.6709264088	0.3290735912
22.6	0.6816491156	0.3183508844
22.8	0.6922525308	0.3077474692
23.0	0.7027277087	0.2972722913
23.2	0.7130660184	0.2869339816
23.4	0.7232591637	0.2767408363
23.6	0.7332992003	0.2667007997
23.8	0.7431811503	0.2568188497
24.0	0.7528989344	0.2471010656
24.2	0.7624453758	0.2375546242
24.4	0.7718136983	0.2281863017
24.6	0.7809975409	0.2190024591
24.8	0.7899909694	0.2100090306
25.0	0.7987884881	0.2012115119
25.2	0.8073850491	0.1926149509
25.4	0.8157760604	0.1842239396
25.6	0.8239573928	0.1760426072
25.8	0.8319253847	0.1680746153
26.0	0.8396768458	0.1603231542
26.2	0.8472090593	0.1527909407
26.4	0.8545197820	0.1454802180
26.6	0.8616072438	0.1383927562
26.8	0.8684701447	0.1315298553
27.0	0.8751076509	0.1248923491
27.2	0.8815193893	0.1184806107
27.4	0.8877054404	0.1122945596
27.6	0.8936663300	0.1063336700
27.8	0.8994030195	0.1005969805
28.0	0.9049168944	0.0950831056
28.2	0.9102097525	0.0897902475
28.4	0.9152837896	0.0847162104
28.6	0.9201415853	0.0798584147
28.8	0.9247860868	0.0752139132
29.0	0.9292205919	0.0707794081
29.2	0.9334487312	0.0665512688
29.4	0.9374744492	0.0625255508
29.6	0.9413019848	0.0586980152
29.8	0.9449358507	0.0550641493
30.0	0.9483808124	0.0516191876
30.2	0.9516418666	0.0483581334
30.4	0.9547242189	0.0452757811
30.6	0.9576332610	0.0423667390
30.8	0.9603745178	0.0396254822
31.0	0.9629534681	0.0370465319
31.2	0.9653756593	0.0346243407
31.4	0.9676467592	0.0323532408
31.6	0.9697725318	0.0302274682
31.8	0.9717588144	0.0282411856
32.0	0.9736114929	0.0263885071
32.2	0.9753364784	0.0246635216
32.4	0.9769396835	0.0230603165
32.6	0.9784269986	0.0215730014
32.8	0.9798042688	0.0201957312
33.0	0.9810772712	0.0189227288
33.2	0.9822516924	0.0177483076
33.4	0.9833331062	0.0166668938
33.6	0.9843269532	0.0156730468
33.8	0.9852385191	0.0147614809
34.0	0.9860729157	0.0139270843
34.2	0.9868350611	0.0131649389
34.4	0.9875296617	0.0124703383
34.6	0.9881611948	0.0118388052
34.8	0.9887338920	0.0112661080
35.0	0.9892517240	0.0107482760
35.2	0.9897183861	0.0102816139
35.4	0.9901372847	0.0098627153
35.6	0.9905115255	0.0094884745
35.8	0.9908439022	0.0091560978
36.0	0.9911368867	0.0088631133
36.2	0.9913926206	0.0086073794
36.4	0.9916129077	0.0083870923
36.6	0.9917992081	0.0082007919
36.8	0.9919526326	0.0080473674
37.0	0.9920739400	0.0079260600
37.2	0.9921635341	0.0078364659
37.4	0.9922214627	0.0077785373
37.6	0.9922474180	0.0077525820
