z	w	pcm
0.0000000000 0.4500000000 0
0.1000000000 0.4500284091 0
0.2000000000 0.4500568182 0
0.3000000000 0.4500852273 0
0.4000000000 0.4501136364 0
0.5000000000 0.4501420455 0
0.6000000000 0.4501704545 0
0.7000000000 0.4501988636 0
0.8000000000 0.4502272727 0
0.9000000000 0.4502556818 0
1.0000000000 0.4502840909 0
1.1000000000 0.4503125000 0
1.2000000000 0.4503409091 0
1.3000000000 0.4503693182 0
1.4000000000 0.4503977273 0
1.5000000000 0.4504261364 0
1.6000000000 0.4504545455 0
1.7000000000 0.4504829545 0
1.8000000000 0.4505113636 0
1.9000000000 0.4505397727 0
2.0000000000 0.4505681818 0
2.1000000000 0.4505965909 0
2.2000000000 0.4506250000 0
2.3000000000 0.4506534091 0
2.4000000000 0.4506818182 0
2.5000000000 0.4507102273 0
2.6000000000 0.4507386364 0
2.7000000000 0.4507670455 0
2.8000000000 0.4507954545 0
2.9000000000 0.4508238636 0
3.0000000000 0.4508522727 0
3.1000000000 0.4508806818 0
3.2000000000 0.4509090909 0
3.3000000000 0.4509375000 0
3.4000000000 0.4509659091 0
3.5000000000 0.4509943182 0
3.6000000000 0.4510227273 0
3.7000000000 0.4510511364 0
3.8000000000 0.4510795455 0
3.9000000000 0.4511079545 0
4.0000000000 0.4511363636 0
4.1000000000 0.4511647727 0
4.2000000000 0.4511931818 0
4.3000000000 0.4512215909 0
4.4000000000 0.4512500000 0
4.5000000000 0.4512784091 0
4.6000000000 0.4513068182 0
4.7000000000 0.4513352273 0
4.8000000000 0.4513636364 0
4.9000000000 0.4513920455 0
5.0000000000 0.4514204545 0
5.1000000000 0.4514488636 0
5.2000000000 0.4514772727 0
5.3000000000 0.4515056818 0
5.4000000000 0.4515340909 0
5.5000000000 0.4515625000 0
5.6000000000 0.4515909091 0
5.7000000000 0.4516193182 0
5.8000000000 0.4516477273 0
5.9000000000 0.4516761364 0
6.0000000000 0.4517045455 0
6.1000000000 0.4517329545 0
6.2000000000 0.4517613636 0
6.3000000000 0.4517897727 0
6.4000000000 0.4518181818 0
6.5000000000 0.4518465909 0
6.6000000000 0.4518750000 0
6.7000000000 0.4519034091 0
6.8000000000 0.4519318182 0
6.9000000000 0.4519602273 0
7.0000000000 0.4519886364 0
7.1000000000 0.4520170455 0
7.2000000000 0.4520454545 0
7.3000000000 0.4520738636 0
7.4000000000 0.4521022727 0
7.5000000000 0.4521306818 0
7.6000000000 0.4521590909 0
7.7000000000 0.4521875000 0
7.8000000000 0.4522159091 0
7.9000000000 0.4522443182 0
8.0000000000 0.4522727273 0
8.1000000000 0.4523011364 0
8.2000000000 0.4523295455 0
8.3000000000 0.4523579545 0
8.4000000000 0.4523863636 0
8.5000000000 0.4524147727 0
8.6000000000 0.4524431818 0
8.7000000000 0.4524715909 0
8.8000000000 0.4525000000 0
8.9000000000 0.4525284091 0
9.0000000000 0.4525568182 0
9.1000000000 0.4525852273 0
9.2000000000 0.4526136364 0
9.3000000000 0.4526420455 0
9.4000000000 0.4526704545 0
9.5000000000 0.4526988636 0
9.6000000000 0.4527272727 0
9.7000000000 0.4527556818 0
9.8000000000 0.4527840909 0
9.9000000000 0.4528125000 0
10.0000000000 0.4528409091 0
10.1000000000 0.4528693182 0
10.2000000000 0.4528977273 0
10.3000000000 0.4529261364 0
10.4000000000 0.4529545455 0
10.5000000000 0.4529829545 0
10.6000000000 0.4530113636 0
10.7000000000 0.4530397727 0
10.8000000000 0.4530681818 0
10.9000000000 0.4530965909 0
11.0000000000 0.4531250000 0
11.1000000000 0.4531534091 0
11.2000000000 0.4531818182 0
11.3000000000 0.4532102273 0
11.4000000000 0.4532386364 0
11.5000000000 0.4532670455 0
11.6000000000 0.4532954545 0
11.7000000000 0.4533238636 0
11.8000000000 0.4533522727 0
11.9000000000 0.4533806818 0
12.0000000000 0.4534090909 0
12.1000000000 0.4534375000 0
12.2000000000 0.4534659091 0
12.3000000000 0.4534943182 0
12.4000000000 0.4535227273 0
12.5000000000 0.4535511364 0
12.6000000000 0.4535795455 0
12.7000000000 0.4536079545 0
12.8000000000 0.4536363636 0
12.9000000000 0.4536647727 0
13.0000000000 0.4536931818 0
13.1000000000 0.4537215909 0
13.2000000000 0.4537500000 0
13.3000000000 0.4537784091 0
13.4000000000 0.4538068182 0
13.5000000000 0.4538352273 0
13.6000000000 0.4538636364 0
13.7000000000 0.4538920455 0
13.8000000000 0.4539204545 0
13.9000000000 0.4539488636 0
14.0000000000 0.4539772727 0
14.1000000000 0.4540056818 0
14.2000000000 0.4540340909 0
14.3000000000 0.4540625000 0
14.4000000000 0.4540909091 0
14.5000000000 0.4541193182 0
14.6000000000 0.4541477273 0
14.7000000000 0.4541761364 0
14.8000000000 0.4542045455 0
14.9000000000 0.4542329545 0
15.0000000000 0.4542613636 0
15.1000000000 0.4542897727 0
15.2000000000 0.4543181818 0
15.3000000000 0.4543465909 0
15.4000000000 0.4543750000 0
15.5000000000 0.4544034091 0
15.6000000000 0.4544318182 0
15.7000000000 0.4544602273 0
15.8000000000 0.4544886364 0
15.9000000000 0.4545170455 0
16.0000000000 0.4545454545 0
16.1000000000 0.4545738636 0
16.2000000000 0.4546022727 0
16.3000000000 0.4546306818 0
16.4000000000 0.4546590909 0
16.5000000000 0.4546875000 0
16.6000000000 0.4547159091 0
16.7000000000 0.4547443182 0
16.8000000000 0.4547727273 0
16.9000000000 0.4548011364 0
17.0000000000 0.4548295455 0
17.1000000000 0.4548579545 0
17.2000000000 0.4548863636 0
17.3000000000 0.4549147727 0
17.4000000000 0.4549431818 0
17.5000000000 0.4549715909 0
17.6000000000 0.4550000000 0
17.7000000000 0.4504166667 0
17.8000000000 0.4458333333 0
17.9000000000 0.4412500000 0
18.0000000000 0.4366666667 0
18.1000000000 0.4320833333 0
18.2000000000 0.4275000000 0
18.3000000000 0.4229166667 0
18.4000000000 0.4183333333 0
18.5000000000 0.4137500000 0
18.6000000000 0.4091666667 0
18.7000000000 0.4045833333 0
18.8000000000 0.4000000000 0
18.9000000000 0.4045833333 0
19.0000000000 0.4091666667 0
19.1000000000 0.4137500000 0
19.2000000000 0.4183333333 0
19.3000000000 0.4229166667 0
19.4000000000 0.4275000000 0
19.5000000000 0.4320833333 0
19.6000000000 0.4366666667 0
19.7000000000 0.4412500000 0
19.8000000000 0.4458333333 0
19.9000000000 0.4504166667 0
20.0000000000 0.4550000000 0
20.1000000000 0.4549715909 0
20.2000000000 0.4549431818 0
20.3000000000 0.4549147727 0
20.4000000000 0.4548863636 0
20.5000000000 0.4548579545 0
20.6000000000 0.4548295455 0
20.7000000000 0.4548011364 0
20.8000000000 0.4547727273 0
20.9000000000 0.4547443182 0
21.0000000000 0.4547159091 0
21.1000000000 0.4546875000 0
21.2000000000 0.4546590909 0
21.3000000000 0.4546306818 0
21.4000000000 0.4546022727 0
21.5000000000 0.4545738636 0
21.6000000000 0.4545454545 0
21.7000000000 0.4545170455 0
21.8000000000 0.4544886364 0
21.9000000000 0.4544602273 0
22.0000000000 0.4544318182 0
22.1000000000 0.4544034091 0
22.2000000000 0.4543750000 0
22.3000000000 0.4543465909 0
22.4000000000 0.4543181818 0
22.5000000000 0.4542897727 0
22.6000000000 0.4542613636 0
22.7000000000 0.4542329545 0
22.8000000000 0.4542045455 0
22.9000000000 0.4541761364 0
23.0000000000 0.4541477273 0
23.1000000000 0.4541193182 0
23.2000000000 0.4540909091 0
23.3000000000 0.4540625000 0
23.4000000000 0.4540340909 0
23.5000000000 0.4540056818 0
23.6000000000 0.4539772727 0
23.7000000000 0.4539488636 0
23.8000000000 0.4539204545 0
23.9000000000 0.4538920455 0
24.0000000000 0.4538636364 0
24.1000000000 0.4538352273 0
24.2000000000 0.4538068182 0
24.3000000000 0.4537784091 0
24.4000000000 0.4537500000 0
24.5000000000 0.4537215909 0
24.6000000000 0.4536931818 0
24.7000000000 0.4536647727 0
24.8000000000 0.4536363636 0
24.9000000000 0.4536079545 0
25.0000000000 0.4535795455 0
25.1000000000 0.4535511364 0
25.2000000000 0.4535227273 0
25.3000000000 0.4534943182 0
25.4000000000 0.4534659091 0
25.5000000000 0.4534375000 0
25.6000000000 0.4534090909 0
25.7000000000 0.4533806818 0
25.8000000000 0.4533522727 0
25.9000000000 0.4533238636 0
26.0000000000 0.4532954545 0
26.1000000000 0.4532670455 0
26.2000000000 0.4532386364 0
26.3000000000 0.4532102273 0
26.4000000000 0.4531818182 0
26.5000000000 0.4531534091 0
26.6000000000 0.4531250000 0
26.7000000000 0.4530965909 0
26.8000000000 0.4530681818 0
26.9000000000 0.4530397727 0
27.0000000000 0.4530113636 0
27.1000000000 0.4529829545 0
27.2000000000 0.4529545455 0
27.3000000000 0.4529261364 0
27.4000000000 0.4528977273 0
27.5000000000 0.4528693182 0
27.6000000000 0.4528409091 0
27.7000000000 0.4528125000 0
27.8000000000 0.4527840909 0
27.9000000000 0.4527556818 0
28.0000000000 0.4527272727 0
28.1000000000 0.4526988636 0
28.2000000000 0.4526704545 0
28.3000000000 0.4526420455 0
28.4000000000 0.4526136364 0
28.5000000000 0.4525852273 0
28.6000000000 0.4525568182 0
28.7000000000 0.4525284091 0
28.8000000000 0.4525000000 0
28.9000000000 0.4524715909 0
29.0000000000 0.4524431818 0
29.1000000000 0.4524147727 0
29.2000000000 0.4523863636 0
29.3000000000 0.4523579545 0
29.4000000000 0.4523295455 0
29.5000000000 0.4523011364 0
29.6000000000 0.4522727273 0
29.7000000000 0.4522443182 0
29.8000000000 0.4522159091 0
29.9000000000 0.4521875000 0
30.0000000000 0.4521590909 0
30.1000000000 0.4521306818 0
30.2000000000 0.4521022727 0
30.3000000000 0.4520738636 0
30.4000000000 0.4520454545 0
30.5000000000 0.4520170455 0
30.6000000000 0.4519886364 0
30.7000000000 0.4519602273 0
30.8000000000 0.4519318182 0
30.9000000000 0.4519034091 0
31.0000000000 0.4518750000 0
31.1000000000 0.4518465909 0
31.2000000000 0.4518181818 0
31.3000000000 0.4517897727 0
31.4000000000 0.4517613636 0
31.5000000000 0.4517329545 0
31.6000000000 0.4517045455 0
31.7000000000 0.4516761364 0
31.8000000000 0.4516477273 0
31.9000000000 0.4516193182 0
32.0000000000 0.4515909091 0
32.1000000000 0.4515625000 0
32.2000000000 0.4515340909 0
32.3000000000 0.4515056818 0
32.4000000000 0.4514772727 0
32.5000000000 0.4514488636 0
32.6000000000 0.4514204545 0
32.7000000000 0.4513920455 0
32.8000000000 0.4513636364 0
32.9000000000 0.4513352273 0
33.0000000000 0.4513068182 0
33.1000000000 0.4512784091 0
33.2000000000 0.4512500000 0
33.3000000000 0.4512215909 0
33.4000000000 0.4511931818 0
33.5000000000 0.4511647727 0
33.6000000000 0.4511363636 0
33.7000000000 0.4511079545 0
33.8000000000 0.4510795455 0
33.9000000000 0.4510511364 0
34.0000000000 0.4510227273 0
34.1000000000 0.4509943182 0
34.2000000000 0.4509659091 0
34.3000000000 0.4509375000 0
34.4000000000 0.4509090909 0
34.5000000000 0.4508806818 0
34.6000000000 0.4508522727 0
34.7000000000 0.4508238636 0
34.8000000000 0.4507954545 0
34.9000000000 0.4507670455 0
35.0000000000 0.4507386364 0
35.1000000000 0.4507102273 0
35.2000000000 0.4506818182 0
35.3000000000 0.4506534091 0
35.4000000000 0.4506250000 0
35.5000000000 0.4505965909 0
35.6000000000 0.4505681818 0
35.7000000000 0.4505397727 0
35.8000000000 0.4505113636 0
35.9000000000 0.4504829545 0
36.0000000000 0.4504545455 0
36.1000000000 0.4504261364 0
36.2000000000 0.4503977273 0
36.3000000000 0.4503693182 0
36.4000000000 0.4503409091 0
36.5000000000 0.4503125000 0
36.6000000000 0.4502840909 0
36.7000000000 0.4502556818 0
36.8000000000 0.4502272727 0
36.9000000000 0.4501988636 0
37.0000000000 0.4501704545 0
37.1000000000 0.4501420455 0
37.2000000000 0.4501136364 0
37.3000000000 0.4500852273 0
37.4000000000 0.4500568182 0
37.5000000000 0.4500284091 0
37.6000000000 0.4500000000 0
