160.1	0.000	0.2401207309
160.1	0.001	0.2417937145
160.1	0.002	0.2467207521
160.1	0.003	0.2559494089
160.1	0.004	0.2682988477
160.1	0.005	0.2846779810
160.1	0.006	0.3051972503
160.1	0.007	0.3299858043
160.1	0.008	0.3590964837
160.1	0.009	0.3923593695
160.1	0.010	0.4294058747
160.1	0.011	0.4757670429
160.1	0.012	0.5377269841
160.1	0.013	0.6014502980
160.1	0.014	0.6640930803
160.1	0.015	0.7246368745
160.1	0.016	0.7999753667
160.1	0.017	0.8625598319
160.1	0.018	0.9174642013
160.1	0.019	0.9624051425
160.1	0.020	0.9906246506
160.1	0.021	0.9958820671
160.1	0.022	0.9739077156
160.1	0.023	0.9310901638
160.1	0.024	0.9184305108
160.1	0.025	0.9141017455
160.1	0.026	0.8982008442
160.1	0.027	0.8753897828
160.1	0.028	0.8591325233
160.1	0.029	0.8513370002
160.1	0.030	0.8526040786
160.1	0.031	0.8681533559
160.1	0.032	0.8939445944
160.1	0.033	0.9329106167
160.1	0.034	0.9665721800
160.1	0.035	0.9850230083
160.1	0.036	0.9826620432
160.1	0.037	0.9599297972
160.1	0.038	0.9228841796
160.1	0.039	0.8809316792
160.1	0.040	0.8437599421
160.1	0.041	0.8186989205
160.1	0.042	0.8093492283
160.1	0.043	0.8154801020
160.1	0.044	0.8332894399
160.1	0.045	0.8579473912
160.1	0.046	0.8877125091
160.1	0.047	0.9144612545
160.1	0.048	0.9300148498
160.1	0.049	0.9285380213
160.1	0.050	0.9086429178
160.2	0.000	0.2404301762
160.2	0.001	0.2420932171
160.2	0.002	0.2469961544
160.2	0.003	0.2561778776
160.2	0.004	0.2684581218
160.2	0.005	0.2847437840
160.2	0.006	0.3051404724
160.2	0.007	0.3297738644
160.2	0.008	0.3586960285
160.2	0.009	0.3917367687
160.2	0.010	0.4285318755
160.2	0.011	0.4766386277
160.2	0.012	0.5382840188
160.2	0.013	0.6016425803
160.2	0.014	0.6638913356
160.2	0.015	0.7256087213
160.2	0.016	0.8005037945
160.2	0.017	0.8626300167
160.2	0.018	0.9180621007
160.2	0.019	0.9625456357
160.2	0.020	0.9908209387
160.2	0.021	0.9956813829
160.2	0.022	0.9734082633
160.2	0.023	0.9304615469
160.2	0.024	0.9189761194
160.2	0.025	0.9143304417
160.2	0.026	0.8980312231
160.2	0.027	0.8748752591
160.2	0.028	0.8590091531
160.2	0.029	0.8510279392
160.2	0.030	0.8522743970
160.2	0.031	0.8681847566
160.2	0.032	0.8942884193
160.2	0.033	0.9334155203
160.2	0.034	0.9670149312
160.2	0.035	0.9852162173
160.2	0.036	0.9825299432
160.2	0.037	0.9595328306
160.2	0.038	0.9223855904
160.2	0.039	0.8805245153
160.2	0.040	0.8435938029
160.2	0.041	0.8188390824
160.2	0.042	0.8097775730
160.2	0.043	0.8161310830
160.2	0.044	0.8341004216
160.2	0.045	0.8588429143
160.2	0.046	0.8885065761
160.2	0.047	0.9150061462
160.2	0.048	0.9302308516
160.2	0.049	0.9284320429
160.2	0.050	0.9083003363
160.3	0.000	0.2407027151
160.3	0.001	0.2423557248
160.3	0.002	0.2472343306
160.3	0.003	0.2563686476
160.3	0.004	0.2685791949
160.3	0.005	0.2847708051
160.3	0.006	0.3050443364
160.3	0.007	0.3295221931
160.3	0.008	0.3582557762
160.3	0.009	0.3910748835
160.3	0.010	0.4276199350
160.3	0.011	0.4774754962
160.3	0.012	0.5388050850
160.3	0.013	0.6017986739
160.3	0.014	0.6636548935
160.3	0.015	0.7265553329
160.3	0.016	0.8010062792
160.3	0.017	0.8626757256
160.3	0.018	0.9186445085
160.3	0.019	0.9626714948
160.3	0.020	0.9910093209
160.3	0.021	0.9954738820
160.3	0.022	0.9729057832
160.3	0.023	0.9298353587
160.3	0.024	0.9195127870
160.3	0.025	0.9145429954
160.3	0.026	0.8978434348
160.3	0.027	0.8743456184
160.3	0.028	0.8588699175
160.3	0.029	0.8507075634
160.3	0.030	0.8519401941
160.3	0.031	0.8682080971
160.3	0.032	0.8946424422
160.3	0.033	0.9339273868
160.3	0.034	0.9674589211
160.3	0.035	0.9854066572
160.3	0.036	0.9823945509
160.3	0.037	0.9591354232
160.3	0.038	0.9218908616
160.3	0.039	0.8801255970
160.3	0.040	0.8434376079
160.3	0.041	0.8189880753
160.3	0.042	0.8102112683
160.3	0.043	0.8167852838
160.3	0.044	0.8349131014
160.3	0.045	0.8597400395
160.3	0.046	0.8893002741
160.3	0.047	0.9155464536
160.3	0.048	0.9304413003
160.3	0.049	0.9283193150
160.3	0.050	0.9079524932
160.4	0.000	0.2409382634
160.4	0.001	0.2425811459
160.4	0.002	0.2474351900
160.4	0.003	0.2565216593
160.4	0.004	0.2686620186
160.4	0.005	0.2847590559
160.4	0.006	0.3049089399
160.4	0.007	0.3292308940
160.4	0.008	0.3577759656
160.4	0.009	0.3903739683
160.4	0.010	0.4266704914
160.4	0.011	0.4782777447
160.4	0.012	0.5392902319
160.4	0.013	0.6019185323
160.4	0.014	0.6633838112
160.4	0.015	0.7274762951
160.4	0.016	0.8014822539
160.4	0.017	0.8626969352
160.4	0.018	0.9192113459
160.4	0.019	0.9627825748
160.4	0.020	0.9911894523
160.4	0.021	0.9952595542
160.4	0.022	0.9724004118
160.4	0.023	0.9292116673
160.4	0.024	0.9200402362
160.4	0.025	0.9147401534
160.4	0.026	0.8976375267
160.4	0.027	0.8738010147
160.4	0.028	0.8587151041
160.4	0.029	0.8503762607
160.4	0.030	0.8516017731
160.4	0.031	0.8682236267
160.4	0.032	0.8950087442
160.4	0.033	0.9344460229
160.4	0.034	0.9679040159
160.4	0.035	0.9855943648
160.4	0.036	0.9822558069
160.4	0.037	0.9587376413
160.4	0.038	0.9214005429
160.4	0.039	0.8797352618
160.4	0.040	0.8432926724
160.4	0.041	0.8191461157
160.4	0.042	0.8106512317
160.4	0.043	0.8174426677
160.4	0.044	0.8357275013
160.4	0.045	0.8606384157
160.4	0.046	0.8900935304
160.4	0.047	0.9160843611
160.4	0.048	0.9306462051
160.4	0.049	0.9282000220
160.4	0.050	0.9076002021
160.5	0.000	0.2411367486
160.5	0.001	0.2427694215
160.5	0.002	0.2475987009
160.5	0.003	0.2566368816
160.5	0.004	0.2687065940
160.5	0.005	0.2847085199
160.5	0.006	0.3047342579
160.5	0.007	0.3289000339
160.5	0.008	0.3572565415
160.5	0.009	0.3896341937
160.5	0.010	0.4256834697
160.5	0.011	0.4790450501
160.5	0.012	0.5397388311
160.5	0.013	0.6020021150
160.5	0.014	0.6630781557
160.5	0.015	0.7283714661
160.5	0.016	0.8019317883
160.5	0.017	0.8626937602
160.5	0.018	0.9197624012
160.5	0.019	0.9628788691
160.5	0.020	0.9913615039
160.5	0.021	0.9950384482
160.5	0.022	0.9718921914
160.5	0.023	0.9285906373
160.5	0.024	0.9205581722
160.5	0.025	0.9149206224
160.5	0.026	0.8974135939
160.5	0.027	0.8732416466
160.5	0.028	0.8585446941
160.5	0.029	0.8500340291
160.5	0.030	0.8512593861
160.5	0.031	0.8682316440
160.5	0.032	0.8953860415
160.5	0.033	0.9349712954
160.5	0.034	0.9683500878
160.5	0.035	0.9857788930
160.5	0.036	0.9821137787
160.5	0.037	0.9583396349
160.5	0.038	0.9209149638
160.5	0.039	0.8793533729
160.5	0.040	0.8431569353
160.5	0.041	0.8193128142
160.5	0.042	0.8110972821
160.5	0.043	0.8181029447
160.5	0.044	0.8365434571
160.5	0.045	0.8615378628
160.5	0.046	0.8908862662
160.5	0.047	0.9166184264
160.5	0.048	0.9308455927
160.5	0.049	0.9280740503
160.5	0.050	0.9072414688
160.6	0.000	0.2412981093
160.6	0.001	0.2429204828
160.6	0.002	0.2477247823
160.6	0.003	0.2567142655
160.6	0.004	0.2687128801
160.6	0.005	0.2846192070
160.6	0.006	0.3045204147
160.6	0.007	0.3285297751
160.6	0.008	0.3566978914
160.6	0.009	0.3888559159
160.6	0.010	0.4246596554
160.6	0.011	0.4797771850
160.6	0.012	0.5401511240
160.6	0.013	0.6020493918
160.6	0.014	0.6627381222
160.6	0.015	0.7292405606
160.6	0.016	0.8023547939
160.6	0.017	0.8626660719
160.6	0.018	0.9202975195
160.6	0.019	0.9629603461
160.6	0.020	0.9915252294
160.6	0.021	0.9948105914
160.6	0.022	0.9713813149
160.6	0.023	0.9279727127
160.6	0.024	0.9210662985
160.6	0.025	0.9150852541
160.6	0.026	0.8971717684
160.6	0.027	0.8726678243
160.6	0.028	0.8583588642
160.6	0.029	0.8496812929
160.6	0.030	0.8512860995
160.6	0.031	0.8682324429
160.6	0.032	0.8957750361
160.6	0.033	0.9355030442
160.6	0.034	0.9687969874
160.6	0.035	0.9859607328
160.6	0.036	0.9819684955
160.6	0.037	0.9579415161
160.6	0.038	0.9204339081
160.6	0.039	0.8789800680
160.6	0.040	0.8430316827
160.6	0.041	0.8194881065
160.6	0.042	0.8115487075
160.6	0.043	0.8187659408
160.6	0.044	0.8373606207
160.6	0.045	0.8624385184
160.6	0.046	0.8916783318
160.6	0.047	0.9171495731
160.6	0.048	0.9310394773
160.6	0.049	0.9279414980
160.6	0.050	0.9068777979
160.7	0.000	0.2414222958
160.7	0.001	0.2430342938
160.7	0.002	0.2478134124
160.7	0.003	0.2567538004
160.7	0.004	0.2686808859
160.7	0.005	0.2844911506
160.7	0.006	0.3042674313
160.7	0.007	0.3281201273
160.7	0.008	0.3561000380
160.7	0.009	0.3880391132
160.7	0.010	0.4241779101
160.7	0.011	0.4804739852
160.7	0.012	0.5405269423
160.7	0.013	0.6020603506
160.7	0.014	0.6623637935
160.7	0.015	0.7300833724
160.7	0.016	0.8027512545
160.7	0.017	0.8626139418
160.7	0.018	0.9208165881
160.7	0.019	0.9630269925
160.7	0.020	0.9916806622
160.7	0.021	0.9945760141
160.7	0.022	0.9708677714
160.7	0.023	0.9273573337
160.7	0.024	0.9215642732
160.7	0.025	0.9152331304
160.7	0.026	0.8969116559
160.7	0.027	0.8720797022
160.7	0.028	0.8581576013
160.7	0.029	0.8493182510
160.7	0.030	0.8513372581
160.7	0.031	0.8682257121
160.7	0.032	0.8961751077
160.7	0.033	0.9360413494
160.7	0.034	0.9692445417
160.7	0.035	0.9861391826
160.7	0.036	0.9818199484
160.7	0.037	0.9575434022
160.7	0.038	0.9199575224
160.7	0.039	0.8786153682
160.7	0.040	0.8429157327
160.7	0.041	0.8196718612
160.7	0.042	0.8120054998
160.7	0.043	0.8194315153
160.7	0.044	0.8381794205
160.7	0.045	0.8633400107
160.7	0.046	0.8924697714
160.7	0.047	0.9176775882
160.7	0.048	0.9312278603
160.7	0.049	0.9278024087
160.7	0.050	0.9065096302
160.8	0.000	0.2415092698
160.8	0.001	0.2431108088
160.8	0.002	0.2478645469
160.8	0.003	0.2567554577
160.8	0.004	0.2686106189
160.8	0.005	0.2843244099
160.8	0.006	0.3039754060
160.8	0.007	0.3276713369
160.8	0.008	0.3554632502
160.8	0.009	0.3871843611
160.8	0.010	0.4251075086
160.8	0.011	0.4811351947
160.8	0.012	0.5408661608
160.8	0.013	0.6020352293
160.8	0.014	0.6619553555
160.8	0.015	0.7308995517
160.8	0.016	0.8031209080
160.8	0.017	0.8625374124
160.8	0.018	0.9213194063
160.8	0.019	0.9630787701
160.8	0.020	0.9918277025
160.8	0.021	0.9943347498
160.8	0.022	0.9703517869
160.8	0.023	0.9267454576
160.8	0.024	0.9220518201
160.8	0.025	0.9153644796
160.8	0.026	0.8966340847
160.8	0.027	0.8719318158
160.8	0.028	0.8579411853
160.8	0.029	0.8489452317
160.8	0.030	0.8513766427
160.8	0.031	0.8682126933
160.8	0.032	0.8965866974
160.8	0.033	0.9365858491
160.8	0.034	0.9696926568
160.8	0.035	0.9863150331
160.8	0.036	0.9816682157
160.8	0.037	0.9571453739
160.8	0.038	0.9194859964
160.8	0.039	0.8782593192
160.8	0.040	0.8428097455
160.8	0.041	0.8198638881
160.8	0.042	0.8124676008
160.8	0.043	0.8200996175
160.8	0.044	0.8389991383
160.8	0.045	0.8642422824
160.8	0.046	0.8932603092
160.8	0.047	0.9182019053
160.8	0.048	0.9314105376
160.8	0.049	0.9276568026
160.8	0.050	0.9061382083
160.9	0.000	0.2415590045
160.9	0.001	0.2431500148
160.9	0.002	0.2478781999
160.9	0.003	0.2567192367
160.9	0.004	0.2685021010
160.9	0.005	0.2841190171
160.9	0.006	0.3036444185
160.9	0.007	0.3271834734
160.9	0.008	0.3547876981
160.9	0.009	0.3862917276
160.9	0.010	0.4260030544
160.9	0.011	0.4817606210
160.9	0.012	0.5411686883
160.9	0.013	0.6019735691
160.9	0.014	0.6615127843
160.9	0.015	0.7316890186
160.9	0.016	0.8034637001
160.9	0.017	0.8624365152
160.9	0.018	0.9218058764
160.9	0.019	0.9631156959
160.9	0.020	0.9919662699
160.9	0.021	0.9940868273
160.9	0.022	0.9698333814
160.9	0.023	0.9261367392
160.9	0.024	0.9225287032
160.9	0.025	0.9154791184
160.9	0.026	0.8963381157
160.9	0.027	0.8719792109
160.9	0.028	0.8577097595
160.9	0.029	0.8485624489
160.9	0.030	0.8514044629
160.9	0.031	0.8681923380
160.9	0.032	0.8970094693
160.9	0.033	0.9371364737
160.9	0.034	0.9701411525
160.9	0.035	0.9864871905
160.9	0.036	0.9815133699
160.9	0.037	0.9567475502
160.9	0.038	0.9190194677
160.9	0.039	0.8779119645
160.9	0.040	0.8427138938
160.9	0.041	0.8200640534
160.9	0.042	0.8129349384
160.9	0.043	0.8207700270
160.9	0.044	0.8398199841
160.9	0.045	0.8651452820
160.9	0.046	0.8940499278
160.9	0.047	0.9187227559
160.9	0.048	0.9315879592
160.9	0.049	0.9275047585
160.9	0.050	0.9057713771
161.0	0.000	0.2415714845
161.0	0.001	0.2431518891
161.0	0.002	0.2478543371
161.0	0.003	0.2566451487
161.0	0.004	0.2683553657
161.0	0.005	0.2838750440
161.0	0.006	0.3032745828
161.0	0.007	0.3266567218
161.0	0.008	0.3540736249
161.0	0.009	0.3853615457
161.0	0.010	0.4268644001
161.0	0.011	0.4823501707
161.0	0.012	0.5414344338
161.0	0.013	0.6018757018
161.0	0.014	0.6610364228
161.0	0.015	0.7324514335
161.0	0.016	0.8037795516
161.0	0.017	0.8623112930
161.0	0.018	0.9222758299
161.0	0.019	0.9631377204
161.0	0.020	0.9920963217
161.0	0.021	0.9938323107
161.0	0.022	0.9693127285
161.0	0.023	0.9255312019
161.0	0.024	0.9229945848
161.0	0.025	0.9155768667
161.0	0.026	0.8960250484
161.0	0.027	0.8720100524
161.0	0.028	0.8574633127
161.0	0.029	0.8481701608
161.0	0.030	0.8514207537
161.0	0.031	0.8681667058
161.0	0.032	0.8974433529
161.0	0.033	0.9376930739
161.0	0.034	0.9705899141
161.0	0.035	0.9866556096
161.0	0.036	0.9813554254
161.0	0.037	0.9563500584
161.0	0.038	0.9185580370
161.0	0.039	0.8775733651
161.0	0.040	0.8426275092
161.0	0.041	0.8202722158
161.0	0.042	0.8134070590
161.0	0.043	0.8214426445
161.0	0.044	0.8406417116
161.0	0.045	0.8660489152
161.0	0.046	0.8948378408
161.0	0.047	0.9192401243
161.0	0.048	0.9317596906
161.0	0.049	0.9273462770
161.0	0.050	0.9053792968
