z[um]	w[um]	pcm(0:si, 1:cpcm, 2:apcm)
0.0000000000 0.4000000000 2
0.1000000000 0.4000621118 2
0.2000000000 0.4001242236 2
0.3000000000 0.4001863354 2
0.4000000000 0.4002484472 2
0.5000000000 0.4003105590 2
0.6000000000 0.4003726708 2
0.7000000000 0.4004347826 2
0.8000000000 0.4004968944 2
0.9000000000 0.4005590062 2
1.0000000000 0.4006211180 2
1.1000000000 0.4006832298 2
1.2000000000 0.4007453416 2
1.3000000000 0.4008074534 2
1.4000000000 0.4008695652 2
1.5000000000 0.4009316770 2
1.6000000000 0.4009937888 2
1.7000000000 0.4010559006 2
1.8000000000 0.4011180124 2
1.9000000000 0.4011801242 2
2.0000000000 0.4012422360 2
2.1000000000 0.4013043478 2
2.2000000000 0.4013664596 2
2.3000000000 0.4014285714 2
2.4000000000 0.4014906832 2
2.5000000000 0.4015527950 2
2.6000000000 0.4016149068 2
2.7000000000 0.4016770186 2
2.8000000000 0.4017391304 2
2.9000000000 0.4018012422 2
3.0000000000 0.4018633540 2
3.1000000000 0.4019254658 2
3.2000000000 0.4019875776 2
3.3000000000 0.4020496894 2
3.4000000000 0.4021118012 2
3.5000000000 0.4021739130 2
3.6000000000 0.4022360248 2
3.7000000000 0.4022981366 2
3.8000000000 0.4023602484 2
3.9000000000 0.4024223602 2
4.0000000000 0.4024844720 2
4.1000000000 0.4025465839 2
4.2000000000 0.4026086957 2
4.3000000000 0.4026708075 2
4.4000000000 0.4027329193 2
4.5000000000 0.4027950311 2
4.6000000000 0.4028571429 2
4.7000000000 0.4029192547 2
4.8000000000 0.4029813665 2
4.9000000000 0.4030434783 2
5.0000000000 0.4031055901 2
5.1000000000 0.4031677019 2
5.2000000000 0.4032298137 2
5.3000000000 0.4032919255 2
5.4000000000 0.4033540373 2
5.5000000000 0.4034161491 2
5.6000000000 0.4034782609 2
5.7000000000 0.4035403727 2
5.8000000000 0.4036024845 2
5.9000000000 0.4036645963 2
6.0000000000 0.4037267081 2
6.1000000000 0.4037888199 2
6.2000000000 0.4038509317 2
6.3000000000 0.4039130435 2
6.4000000000 0.4039751553 2
6.5000000000 0.4040372671 2
6.6000000000 0.4040993789 2
6.7000000000 0.4041614907 2
6.8000000000 0.4042236025 2
6.9000000000 0.4042857143 2
7.0000000000 0.4043478261 2
7.1000000000 0.4044099379 2
7.2000000000 0.4044720497 2
7.3000000000 0.4045341615 2
7.4000000000 0.4045962733 2
7.5000000000 0.4046583851 2
7.6000000000 0.4047204969 2
7.7000000000 0.4047826087 2
7.8000000000 0.4048447205 2
7.9000000000 0.4049068323 2
8.0000000000 0.4049689441 2
8.1000000000 0.4050310559 2
8.2000000000 0.4050931677 2
8.3000000000 0.4051552795 2
8.4000000000 0.4052173913 2
8.5000000000 0.4052795031 2
8.6000000000 0.4053416149 2
8.7000000000 0.4054037267 2
8.8000000000 0.4054658385 2
8.9000000000 0.4055279503 2
9.0000000000 0.4055900621 2
9.1000000000 0.4056521739 2
9.2000000000 0.4057142857 2
9.3000000000 0.4057763975 2
9.4000000000 0.4058385093 2
9.5000000000 0.4059006211 2
9.6000000000 0.4059627329 2
9.7000000000 0.4060248447 2
9.8000000000 0.4060869565 2
9.9000000000 0.4061490683 2
10.0000000000 0.4062111801 2
10.1000000000 0.4062732919 2
10.2000000000 0.4063354037 2
10.3000000000 0.4063975155 2
10.4000000000 0.4064596273 2
10.5000000000 0.4065217391 2
10.6000000000 0.4065838509 2
10.7000000000 0.4066459627 2
10.8000000000 0.4067080745 2
10.9000000000 0.4067701863 2
11.0000000000 0.4068322981 2
11.1000000000 0.4068944099 2
11.2000000000 0.4069565217 2
11.3000000000 0.4070186335 2
11.4000000000 0.4070807453 2
11.5000000000 0.4071428571 2
11.6000000000 0.4072049689 2
11.7000000000 0.4072670807 2
11.8000000000 0.4073291925 2
11.9000000000 0.4073913043 2
12.0000000000 0.4074534161 2
12.1000000000 0.4075155280 2
12.2000000000 0.4075776398 2
12.3000000000 0.4076397516 2
12.4000000000 0.4077018634 2
12.5000000000 0.4077639752 2
12.6000000000 0.4078260870 2
12.7000000000 0.4078881988 2
12.8000000000 0.4079503106 2
12.9000000000 0.4080124224 2
13.0000000000 0.4080745342 2
13.1000000000 0.4081366460 2
13.2000000000 0.4081987578 2
13.3000000000 0.4082608696 2
13.4000000000 0.4083229814 2
13.5000000000 0.4083850932 2
13.6000000000 0.4084472050 2
13.7000000000 0.4085093168 2
13.8000000000 0.4085714286 2
13.9000000000 0.4086335404 2
14.0000000000 0.4086956522 2
14.1000000000 0.4087577640 2
14.2000000000 0.4088198758 2
14.3000000000 0.4088819876 2
14.4000000000 0.4089440994 2
14.5000000000 0.4090062112 2
14.6000000000 0.4090683230 2
14.7000000000 0.4091304348 2
14.8000000000 0.4091925466 2
14.9000000000 0.4092546584 2
15.0000000000 0.4093167702 2
15.1000000000 0.4093788820 2
15.2000000000 0.4094409938 2
15.3000000000 0.4095031056 2
15.4000000000 0.4095652174 2
15.5000000000 0.4096273292 2
15.6000000000 0.4096894410 2
15.7000000000 0.4097515528 2
15.8000000000 0.4098136646 2
15.9000000000 0.4098757764 2
16.0000000000 0.4099378882 2
16.1000000000 0.4100000000 2
16.2000000000 0.4100621118 2
16.3000000000 0.4101242236 2
16.4000000000 0.4101863354 2
16.5000000000 0.4102484472 2
16.6000000000 0.4103105590 2
16.7000000000 0.4103726708 2
16.8000000000 0.4104347826 2
16.9000000000 0.4104968944 2
17.0000000000 0.4105590062 2
17.1000000000 0.4106211180 2
17.2000000000 0.4106832298 2
17.3000000000 0.4107453416 2
17.4000000000 0.4108074534 2
17.5000000000 0.4108695652 2
17.6000000000 0.4109316770 2
17.7000000000 0.4109937888 2
17.8000000000 0.4110559006 2
17.9000000000 0.4111180124 2
18.0000000000 0.4111801242 2
18.1000000000 0.4112422360 2
18.2000000000 0.4113043478 2
18.3000000000 0.4113664596 2
18.4000000000 0.4114285714 2
18.5000000000 0.4114906832 2
18.6000000000 0.4115527950 2
18.7000000000 0.4116149068 2
18.8000000000 0.4116770186 2
18.9000000000 0.4117391304 2
19.0000000000 0.4118012422 2
19.1000000000 0.4118633540 2
19.2000000000 0.4119254658 2
19.3000000000 0.4119875776 2
19.4000000000 0.4120496894 2
19.5000000000 0.4121118012 2
19.6000000000 0.4121739130 2
19.7000000000 0.4122360248 2
19.8000000000 0.4122981366 2
19.9000000000 0.4123602484 2
20.0000000000 0.4124223602 2
20.1000000000 0.4124844720 2
20.2000000000 0.4125465839 2
20.3000000000 0.4126086957 2
20.4000000000 0.4126708075 2
20.5000000000 0.4127329193 2
20.6000000000 0.4127950311 2
20.7000000000 0.4128571429 2
20.8000000000 0.4129192547 2
20.9000000000 0.4129813665 2
21.0000000000 0.4130434783 2
21.1000000000 0.4131055901 2
21.2000000000 0.4131677019 2
21.3000000000 0.4132298137 2
21.4000000000 0.4132919255 2
21.5000000000 0.4133540373 2
21.6000000000 0.4134161491 2
21.7000000000 0.4134782609 2
21.8000000000 0.4135403727 2
21.9000000000 0.4136024845 2
22.0000000000 0.4136645963 2
22.1000000000 0.4137267081 2
22.2000000000 0.4137888199 2
22.3000000000 0.4138509317 2
22.4000000000 0.4139130435 2
22.5000000000 0.4139751553 2
22.6000000000 0.4140372671 2
22.7000000000 0.4140993789 2
22.8000000000 0.4141614907 2
22.9000000000 0.4142236025 2
23.0000000000 0.4142857143 2
23.1000000000 0.4143478261 2
23.2000000000 0.4144099379 2
23.3000000000 0.4144720497 2
23.4000000000 0.4145341615 2
23.5000000000 0.4145962733 2
23.6000000000 0.4146583851 2
23.7000000000 0.4147204969 2
23.8000000000 0.4147826087 2
23.9000000000 0.4148447205 2
24.0000000000 0.4149068323 2
24.1000000000 0.4149689441 2
24.2000000000 0.4150310559 2
24.3000000000 0.4150931677 2
24.4000000000 0.4151552795 2
24.5000000000 0.4152173913 2
24.6000000000 0.4152795031 2
24.7000000000 0.4153416149 2
24.8000000000 0.4154037267 2
24.9000000000 0.4154658385 2
25.0000000000 0.4155279503 2
25.1000000000 0.4155900621 2
25.2000000000 0.4156521739 2
25.3000000000 0.4157142857 2
25.4000000000 0.4157763975 2
25.5000000000 0.4158385093 2
25.6000000000 0.4159006211 2
25.7000000000 0.4159627329 2
25.8000000000 0.4160248447 2
25.9000000000 0.4160869565 2
26.0000000000 0.4161490683 2
26.1000000000 0.4162111801 2
26.2000000000 0.4162732919 2
26.3000000000 0.4163354037 2
26.4000000000 0.4163975155 2
26.5000000000 0.4164596273 2
26.6000000000 0.4165217391 2
26.7000000000 0.4165838509 2
26.8000000000 0.4166459627 2
26.9000000000 0.4167080745 2
27.0000000000 0.4167701863 2
27.1000000000 0.4168322981 2
27.2000000000 0.4168944099 2
27.3000000000 0.4169565217 2
27.4000000000 0.4170186335 2
27.5000000000 0.4170807453 2
27.6000000000 0.4171428571 2
27.7000000000 0.4172049689 2
27.8000000000 0.4172670807 2
27.9000000000 0.4173291925 2
28.0000000000 0.4173913043 2
28.1000000000 0.4174534161 2
28.2000000000 0.4175155280 2
28.3000000000 0.4175776398 2
28.4000000000 0.4176397516 2
28.5000000000 0.4177018634 2
28.6000000000 0.4177639752 2
28.7000000000 0.4178260870 2
28.8000000000 0.4178881988 2
28.9000000000 0.4179503106 2
29.0000000000 0.4180124224 2
29.1000000000 0.4180745342 2
29.2000000000 0.4181366460 2
29.3000000000 0.4181987578 2
29.4000000000 0.4182608696 2
29.5000000000 0.4183229814 2
29.6000000000 0.4183850932 2
29.7000000000 0.4184472050 2
29.8000000000 0.4185093168 2
29.9000000000 0.4185714286 2
30.0000000000 0.4186335404 2
30.1000000000 0.4186956522 2
30.2000000000 0.4187577640 2
30.3000000000 0.4188198758 2
30.4000000000 0.4188819876 2
30.5000000000 0.4189440994 2
30.6000000000 0.4190062112 2
30.7000000000 0.4190683230 2
30.8000000000 0.4191304348 2
30.9000000000 0.4191925466 2
31.0000000000 0.4192546584 2
31.1000000000 0.4193167702 2
31.2000000000 0.4193788820 2
31.3000000000 0.4194409938 2
31.4000000000 0.4195031056 2
31.5000000000 0.4195652174 2
31.6000000000 0.4196273292 2
31.7000000000 0.4196894410 2
31.8000000000 0.4197515528 2
31.9000000000 0.4198136646 2
32.0000000000 0.4198757764 2
32.1000000000 0.4199378882 2
32.2000000000 0.4200000000 2
32.3000000000 0.4200621118 2
32.4000000000 0.4201242236 2
32.5000000000 0.4201863354 2
32.6000000000 0.4202484472 2
32.7000000000 0.4203105590 2
32.8000000000 0.4203726708 2
32.9000000000 0.4204347826 2
33.0000000000 0.4204968944 2
33.1000000000 0.4205590062 2
33.2000000000 0.4206211180 2
33.3000000000 0.4206832298 2
33.4000000000 0.4207453416 2
33.5000000000 0.4208074534 2
33.6000000000 0.4208695652 2
33.7000000000 0.4209316770 2
33.8000000000 0.4209937888 2
33.9000000000 0.4210559006 2
34.0000000000 0.4211180124 2
34.1000000000 0.4211801242 2
34.2000000000 0.4212422360 2
34.3000000000 0.4213043478 2
34.4000000000 0.4213664596 2
34.5000000000 0.4214285714 2
34.6000000000 0.4214906832 2
34.7000000000 0.4215527950 2
34.8000000000 0.4216149068 2
34.9000000000 0.4216770186 2
35.0000000000 0.4217391304 2
35.1000000000 0.4218012422 2
35.2000000000 0.4218633540 2
35.3000000000 0.4219254658 2
35.4000000000 0.4219875776 2
35.5000000000 0.4220496894 2
35.6000000000 0.4221118012 2
35.7000000000 0.4221739130 2
35.8000000000 0.4222360248 2
35.9000000000 0.4222981366 2
36.0000000000 0.4223602484 2
36.1000000000 0.4224223602 2
36.2000000000 0.4224844720 2
36.3000000000 0.4225465839 2
36.4000000000 0.4226086957 2
36.5000000000 0.4226708075 2
36.6000000000 0.4227329193 2
36.7000000000 0.4227950311 2
36.8000000000 0.4228571429 2
36.9000000000 0.4229192547 2
37.0000000000 0.4229813665 2
37.1000000000 0.4230434783 2
37.2000000000 0.4231055901 2
37.3000000000 0.4231677019 2
37.4000000000 0.4232298137 2
37.5000000000 0.4232919255 2
37.6000000000 0.4233540373 2
37.7000000000 0.4234161491 2
37.8000000000 0.4234782609 2
37.9000000000 0.4235403727 2
38.0000000000 0.4236024845 2
38.1000000000 0.4236645963 2
38.2000000000 0.4237267081 2
38.3000000000 0.4237888199 2
38.4000000000 0.4238509317 2
38.5000000000 0.4239130435 2
38.6000000000 0.4239751553 2
38.7000000000 0.4240372671 2
38.8000000000 0.4240993789 2
38.9000000000 0.4241614907 2
39.0000000000 0.4242236025 2
39.1000000000 0.4242857143 2
39.2000000000 0.4243478261 2
39.3000000000 0.4244099379 2
39.4000000000 0.4244720497 2
39.5000000000 0.4245341615 2
39.6000000000 0.4245962733 2
39.7000000000 0.4246583851 2
39.8000000000 0.4247204969 2
39.9000000000 0.4247826087 2
40.0000000000 0.4248447205 2
40.1000000000 0.4249068323 2
40.2000000000 0.4249689441 2
40.3000000000 0.4250310559 2
40.4000000000 0.4250931677 2
40.5000000000 0.4251552795 2
40.6000000000 0.4252173913 2
40.7000000000 0.4252795031 2
40.8000000000 0.4253416149 2
40.9000000000 0.4254037267 2
41.0000000000 0.4254658385 2
41.1000000000 0.4255279503 2
41.2000000000 0.4255900621 2
41.3000000000 0.4256521739 2
41.4000000000 0.4257142857 2
41.5000000000 0.4257763975 2
41.6000000000 0.4258385093 2
41.7000000000 0.4259006211 2
41.8000000000 0.4259627329 2
41.9000000000 0.4260248447 2
42.0000000000 0.4260869565 2
42.1000000000 0.4261490683 2
42.2000000000 0.4262111801 2
42.3000000000 0.4262732919 2
42.4000000000 0.4263354037 2
42.5000000000 0.4263975155 2
42.6000000000 0.4264596273 2
42.7000000000 0.4265217391 2
42.8000000000 0.4265838509 2
42.9000000000 0.4266459627 2
43.0000000000 0.4267080745 2
43.1000000000 0.4267701863 2
43.2000000000 0.4268322981 2
43.3000000000 0.4268944099 2
43.4000000000 0.4269565217 2
43.5000000000 0.4270186335 2
43.6000000000 0.4270807453 2
43.7000000000 0.4271428571 2
43.8000000000 0.4272049689 2
43.9000000000 0.4272670807 2
44.0000000000 0.4273291925 2
44.1000000000 0.4273913043 2
44.2000000000 0.4274534161 2
44.3000000000 0.4275155280 2
44.4000000000 0.4275776398 2
44.5000000000 0.4276397516 2
44.6000000000 0.4277018634 2
44.7000000000 0.4277639752 2
44.8000000000 0.4278260870 2
44.9000000000 0.4278881988 2
45.0000000000 0.4279503106 2
45.1000000000 0.4280124224 2
45.2000000000 0.4280745342 2
45.3000000000 0.4281366460 2
45.4000000000 0.4281987578 2
45.5000000000 0.4282608696 2
45.6000000000 0.4283229814 2
45.7000000000 0.4283850932 2
45.8000000000 0.4284472050 2
45.9000000000 0.4285093168 2
46.0000000000 0.4285714286 2
46.1000000000 0.4286335404 2
46.2000000000 0.4286956522 2
46.3000000000 0.4287577640 2
46.4000000000 0.4288198758 2
46.5000000000 0.4288819876 2
46.6000000000 0.4289440994 2
46.7000000000 0.4290062112 2
46.8000000000 0.4290683230 2
46.9000000000 0.4291304348 2
47.0000000000 0.4291925466 2
47.1000000000 0.4292546584 2
47.2000000000 0.4293167702 2
47.3000000000 0.4293788820 2
47.4000000000 0.4294409938 2
47.5000000000 0.4295031056 2
47.6000000000 0.4295652174 2
47.7000000000 0.4296273292 2
47.8000000000 0.4296894410 2
47.9000000000 0.4297515528 2
48.0000000000 0.4298136646 2
48.1000000000 0.4298757764 2
48.2000000000 0.4299378882 2
48.3000000000 0.4300000000 2
48.4000000000 0.4300621118 2
48.5000000000 0.4301242236 2
48.6000000000 0.4301863354 2
48.7000000000 0.4302484472 2
48.8000000000 0.4303105590 2
48.9000000000 0.4303726708 2
49.0000000000 0.4304347826 2
49.1000000000 0.4304968944 2
49.2000000000 0.4305590062 2
49.3000000000 0.4306211180 2
49.4000000000 0.4306832298 2
49.5000000000 0.4307453416 2
49.6000000000 0.4308074534 2
49.7000000000 0.4308695652 2
49.8000000000 0.4309316770 2
49.9000000000 0.4309937888 2
50.0000000000 0.4310559006 2
50.1000000000 0.4311180124 2
50.2000000000 0.4311801242 2
50.3000000000 0.4312422360 2
50.4000000000 0.4313043478 2
50.5000000000 0.4313664596 2
50.6000000000 0.4314285714 2
50.7000000000 0.4314906832 2
50.8000000000 0.4315527950 2
50.9000000000 0.4316149068 2
51.0000000000 0.4316770186 2
51.1000000000 0.4317391304 2
51.2000000000 0.4318012422 2
51.3000000000 0.4318633540 2
51.4000000000 0.4319254658 2
51.5000000000 0.4319875776 2
51.6000000000 0.4320496894 2
51.7000000000 0.4321118012 2
51.8000000000 0.4321739130 2
51.9000000000 0.4322360248 2
52.0000000000 0.4322981366 2
52.1000000000 0.4323602484 2
52.2000000000 0.4324223602 2
52.3000000000 0.4324844720 2
52.4000000000 0.4325465839 2
52.5000000000 0.4326086957 2
52.6000000000 0.4326708075 2
52.7000000000 0.4327329193 2
52.8000000000 0.4327950311 2
52.9000000000 0.4328571429 2
53.0000000000 0.4329192547 2
53.1000000000 0.4329813665 2
53.2000000000 0.4330434783 2
53.3000000000 0.4331055901 2
53.4000000000 0.4331677019 2
53.5000000000 0.4332298137 2
53.6000000000 0.4332919255 2
53.7000000000 0.4333540373 2
53.8000000000 0.4334161491 2
53.9000000000 0.4334782609 2
54.0000000000 0.4335403727 2
54.1000000000 0.4336024845 2
54.2000000000 0.4336645963 2
54.3000000000 0.4337267081 2
54.4000000000 0.4337888199 2
54.5000000000 0.4338509317 2
54.6000000000 0.4339130435 2
54.7000000000 0.4339751553 2
54.8000000000 0.4340372671 2
54.9000000000 0.4340993789 2
55.0000000000 0.4341614907 2
55.1000000000 0.4342236025 2
55.2000000000 0.4342857143 2
55.3000000000 0.4343478261 2
55.4000000000 0.4344099379 2
55.5000000000 0.4344720497 2
55.6000000000 0.4345341615 2
55.7000000000 0.4345962733 2
55.8000000000 0.4346583851 2
55.9000000000 0.4347204969 2
56.0000000000 0.4347826087 2
56.1000000000 0.4348447205 2
56.2000000000 0.4349068323 2
56.3000000000 0.4349689441 2
56.4000000000 0.4350310559 2
56.5000000000 0.4350931677 2
56.6000000000 0.4351552795 2
56.7000000000 0.4352173913 2
56.8000000000 0.4352795031 2
56.9000000000 0.4353416149 2
57.0000000000 0.4354037267 2
57.1000000000 0.4354658385 2
57.2000000000 0.4355279503 2
57.3000000000 0.4355900621 2
57.4000000000 0.4356521739 2
57.5000000000 0.4357142857 2
57.6000000000 0.4357763975 2
57.7000000000 0.4358385093 2
57.8000000000 0.4359006211 2
57.9000000000 0.4359627329 2
58.0000000000 0.4360248447 2
58.1000000000 0.4360869565 2
58.2000000000 0.4361490683 2
58.3000000000 0.4362111801 2
58.4000000000 0.4362732919 2
58.5000000000 0.4363354037 2
58.6000000000 0.4363975155 2
58.7000000000 0.4364596273 2
58.8000000000 0.4365217391 2
58.9000000000 0.4365838509 2
59.0000000000 0.4366459627 2
59.1000000000 0.4367080745 2
59.2000000000 0.4367701863 2
59.3000000000 0.4368322981 2
59.4000000000 0.4368944099 2
59.5000000000 0.4369565217 2
59.6000000000 0.4370186335 2
59.7000000000 0.4370807453 2
59.8000000000 0.4371428571 2
59.9000000000 0.4372049689 2
60.0000000000 0.4372670807 2
60.1000000000 0.4373291925 2
60.2000000000 0.4373913043 2
60.3000000000 0.4374534161 2
60.4000000000 0.4375155280 2
60.5000000000 0.4375776398 2
60.6000000000 0.4376397516 2
60.7000000000 0.4377018634 2
60.8000000000 0.4377639752 2
60.9000000000 0.4378260870 2
61.0000000000 0.4378881988 2
61.1000000000 0.4379503106 2
61.2000000000 0.4380124224 2
61.3000000000 0.4380745342 2
61.4000000000 0.4381366460 2
61.5000000000 0.4381987578 2
61.6000000000 0.4382608696 2
61.7000000000 0.4383229814 2
61.8000000000 0.4383850932 2
61.9000000000 0.4384472050 2
62.0000000000 0.4385093168 2
62.1000000000 0.4385714286 2
62.2000000000 0.4386335404 2
62.3000000000 0.4386956522 2
62.4000000000 0.4387577640 2
62.5000000000 0.4388198758 2
62.6000000000 0.4388819876 2
62.7000000000 0.4389440994 2
62.8000000000 0.4390062112 2
62.9000000000 0.4390683230 2
63.0000000000 0.4391304348 2
63.1000000000 0.4391925466 2
63.2000000000 0.4392546584 2
63.3000000000 0.4393167702 2
63.4000000000 0.4393788820 2
63.5000000000 0.4394409938 2
63.6000000000 0.4395031056 2
63.7000000000 0.4395652174 2
63.8000000000 0.4396273292 2
63.9000000000 0.4396894410 2
64.0000000000 0.4397515528 2
64.1000000000 0.4398136646 2
64.2000000000 0.4398757764 2
64.3000000000 0.4399378882 2
64.4000000000 0.4400000000 2
64.5000000000 0.4400621118 2
64.6000000000 0.4401242236 2
64.7000000000 0.4401863354 2
64.8000000000 0.4402484472 2
64.9000000000 0.4403105590 2
65.0000000000 0.4403726708 2
65.1000000000 0.4404347826 2
65.2000000000 0.4404968944 2
65.3000000000 0.4405590062 2
65.4000000000 0.4406211180 2
65.5000000000 0.4406832298 2
65.6000000000 0.4407453416 2
65.7000000000 0.4408074534 2
65.8000000000 0.4408695652 2
65.9000000000 0.4409316770 2
66.0000000000 0.4409937888 2
66.1000000000 0.4410559006 2
66.2000000000 0.4411180124 2
66.3000000000 0.4411801242 2
66.4000000000 0.4412422360 2
66.5000000000 0.4413043478 2
66.6000000000 0.4413664596 2
66.7000000000 0.4414285714 2
66.8000000000 0.4414906832 2
66.9000000000 0.4415527950 2
67.0000000000 0.4416149068 2
67.1000000000 0.4416770186 2
67.2000000000 0.4417391304 2
67.3000000000 0.4418012422 2
67.4000000000 0.4418633540 2
67.5000000000 0.4419254658 2
67.6000000000 0.4419875776 2
67.7000000000 0.4420496894 2
67.8000000000 0.4421118012 2
67.9000000000 0.4421739130 2
68.0000000000 0.4422360248 2
68.1000000000 0.4422981366 2
68.2000000000 0.4423602484 2
68.3000000000 0.4424223602 2
68.4000000000 0.4424844720 2
68.5000000000 0.4425465839 2
68.6000000000 0.4426086957 2
68.7000000000 0.4426708075 2
68.8000000000 0.4427329193 2
68.9000000000 0.4427950311 2
69.0000000000 0.4428571429 2
69.1000000000 0.4429192547 2
69.2000000000 0.4429813665 2
69.3000000000 0.4430434783 2
69.4000000000 0.4431055901 2
69.5000000000 0.4431677019 2
69.6000000000 0.4432298137 2
69.7000000000 0.4432919255 2
69.8000000000 0.4433540373 2
69.9000000000 0.4434161491 2
70.0000000000 0.4434782609 2
70.1000000000 0.4435403727 2
70.2000000000 0.4436024845 2
70.3000000000 0.4436645963 2
70.4000000000 0.4437267081 2
70.5000000000 0.4437888199 2
70.6000000000 0.4438509317 2
70.7000000000 0.4439130435 2
70.8000000000 0.4439751553 2
70.9000000000 0.4440372671 2
71.0000000000 0.4440993789 2
71.1000000000 0.4441614907 2
71.2000000000 0.4442236025 2
71.3000000000 0.4442857143 2
71.4000000000 0.4443478261 2
71.5000000000 0.4444099379 2
71.6000000000 0.4444720497 2
71.7000000000 0.4445341615 2
71.8000000000 0.4445962733 2
71.9000000000 0.4446583851 2
72.0000000000 0.4447204969 2
72.1000000000 0.4447826087 2
72.2000000000 0.4448447205 2
72.3000000000 0.4449068323 2
72.4000000000 0.4449689441 2
72.5000000000 0.4450310559 2
72.6000000000 0.4450931677 2
72.7000000000 0.4451552795 2
72.8000000000 0.4452173913 2
72.9000000000 0.4452795031 2
73.0000000000 0.4453416149 2
73.1000000000 0.4454037267 2
73.2000000000 0.4454658385 2
73.3000000000 0.4455279503 2
73.4000000000 0.4455900621 2
73.5000000000 0.4456521739 2
73.6000000000 0.4457142857 2
73.7000000000 0.4457763975 2
73.8000000000 0.4458385093 2
73.9000000000 0.4459006211 2
74.0000000000 0.4459627329 2
74.1000000000 0.4460248447 2
74.2000000000 0.4460869565 2
74.3000000000 0.4461490683 2
74.4000000000 0.4462111801 2
74.5000000000 0.4462732919 2
74.6000000000 0.4463354037 2
74.7000000000 0.4463975155 2
74.8000000000 0.4464596273 2
74.9000000000 0.4465217391 2
75.0000000000 0.4465838509 2
75.1000000000 0.4466459627 2
75.2000000000 0.4467080745 2
75.3000000000 0.4467701863 2
75.4000000000 0.4468322981 2
75.5000000000 0.4468944099 2
75.6000000000 0.4469565217 2
75.7000000000 0.4470186335 2
75.8000000000 0.4470807453 2
75.9000000000 0.4471428571 2
76.0000000000 0.4472049689 2
76.1000000000 0.4472670807 2
76.2000000000 0.4473291925 2
76.3000000000 0.4473913043 2
76.4000000000 0.4474534161 2
76.5000000000 0.4475155280 2
76.6000000000 0.4475776398 2
76.7000000000 0.4476397516 2
76.8000000000 0.4477018634 2
76.9000000000 0.4477639752 2
77.0000000000 0.4478260870 2
77.1000000000 0.4478881988 2
77.2000000000 0.4479503106 2
77.3000000000 0.4480124224 2
77.4000000000 0.4480745342 2
77.5000000000 0.4481366460 2
77.6000000000 0.4481987578 2
77.7000000000 0.4482608696 2
77.8000000000 0.4483229814 2
77.9000000000 0.4483850932 2
78.0000000000 0.4484472050 2
78.1000000000 0.4485093168 2
78.2000000000 0.4485714286 2
78.3000000000 0.4486335404 2
78.4000000000 0.4486956522 2
78.5000000000 0.4487577640 2
78.6000000000 0.4488198758 2
78.7000000000 0.4488819876 2
78.8000000000 0.4489440994 2
78.9000000000 0.4490062112 2
79.0000000000 0.4490683230 2
79.1000000000 0.4491304348 2
79.2000000000 0.4491925466 2
79.3000000000 0.4492546584 2
79.4000000000 0.4493167702 2
79.5000000000 0.4493788820 2
79.6000000000 0.4494409938 2
79.7000000000 0.4495031056 2
79.8000000000 0.4495652174 2
79.9000000000 0.4496273292 2
80.0000000000 0.4496894410 2
80.1000000000 0.4497515528 2
80.2000000000 0.4498136646 2
80.3000000000 0.4498757764 2
80.4000000000 0.4499378882 2
80.5000000000 0.4500000000 2
80.6000000000 0.4500621118 2
80.7000000000 0.4501242236 2
80.8000000000 0.4501863354 2
80.9000000000 0.4502484472 2
81.0000000000 0.4503105590 2
81.1000000000 0.4503726708 2
81.2000000000 0.4504347826 2
81.3000000000 0.4504968944 2
81.4000000000 0.4505590062 2
81.5000000000 0.4506211180 2
81.6000000000 0.4506832298 2
81.7000000000 0.4507453416 2
81.8000000000 0.4508074534 2
81.9000000000 0.4508695652 2
82.0000000000 0.4509316770 2
82.1000000000 0.4509937888 2
82.2000000000 0.4510559006 2
82.3000000000 0.4511180124 2
82.4000000000 0.4511801242 2
82.5000000000 0.4512422360 2
82.6000000000 0.4513043478 2
82.7000000000 0.4513664596 2
82.8000000000 0.4514285714 2
82.9000000000 0.4514906832 2
83.0000000000 0.4515527950 2
83.1000000000 0.4516149068 2
83.2000000000 0.4516770186 2
83.3000000000 0.4517391304 2
83.4000000000 0.4518012422 2
83.5000000000 0.4518633540 2
83.6000000000 0.4519254658 2
83.7000000000 0.4519875776 2
83.8000000000 0.4520496894 2
83.9000000000 0.4521118012 2
84.0000000000 0.4521739130 2
84.1000000000 0.4522360248 2
84.2000000000 0.4522981366 2
84.3000000000 0.4523602484 2
84.4000000000 0.4524223602 2
84.5000000000 0.4524844720 2
84.6000000000 0.4525465839 2
84.7000000000 0.4526086957 2
84.8000000000 0.4526708075 2
84.9000000000 0.4527329193 2
85.0000000000 0.4527950311 2
85.1000000000 0.4528571429 2
85.2000000000 0.4529192547 2
85.3000000000 0.4529813665 2
85.4000000000 0.4530434783 2
85.5000000000 0.4531055901 2
85.6000000000 0.4531677019 2
85.7000000000 0.4532298137 2
85.8000000000 0.4532919255 2
85.9000000000 0.4533540373 2
86.0000000000 0.4534161491 2
86.1000000000 0.4534782609 2
86.2000000000 0.4535403727 2
86.3000000000 0.4536024845 2
86.4000000000 0.4536645963 2
86.5000000000 0.4537267081 2
86.6000000000 0.4537888199 2
86.7000000000 0.4538509317 2
86.8000000000 0.4539130435 2
86.9000000000 0.4539751553 2
87.0000000000 0.4540372671 2
87.1000000000 0.4540993789 2
87.2000000000 0.4541614907 2
87.3000000000 0.4542236025 2
87.4000000000 0.4542857143 2
87.5000000000 0.4543478261 2
87.6000000000 0.4544099379 2
87.7000000000 0.4544720497 2
87.8000000000 0.4545341615 2
87.9000000000 0.4545962733 2
88.0000000000 0.4546583851 2
88.1000000000 0.4547204969 2
88.2000000000 0.4547826087 2
88.3000000000 0.4548447205 2
88.4000000000 0.4549068323 2
88.5000000000 0.4549689441 2
88.6000000000 0.4550310559 2
88.7000000000 0.4550931677 2
88.8000000000 0.4551552795 2
88.9000000000 0.4552173913 2
89.0000000000 0.4552795031 2
89.1000000000 0.4553416149 2
89.2000000000 0.4554037267 2
89.3000000000 0.4554658385 2
89.4000000000 0.4555279503 2
89.5000000000 0.4555900621 2
89.6000000000 0.4556521739 2
89.7000000000 0.4557142857 2
89.8000000000 0.4557763975 2
89.9000000000 0.4558385093 2
90.0000000000 0.4559006211 2
90.1000000000 0.4559627329 2
90.2000000000 0.4560248447 2
90.3000000000 0.4560869565 2
90.4000000000 0.4561490683 2
90.5000000000 0.4562111801 2
90.6000000000 0.4562732919 2
90.7000000000 0.4563354037 2
90.8000000000 0.4563975155 2
90.9000000000 0.4564596273 2
91.0000000000 0.4565217391 2
91.1000000000 0.4565838509 2
91.2000000000 0.4566459627 2
91.3000000000 0.4567080745 2
91.4000000000 0.4567701863 2
91.5000000000 0.4568322981 2
91.6000000000 0.4568944099 2
91.7000000000 0.4569565217 2
91.8000000000 0.4570186335 2
91.9000000000 0.4570807453 2
92.0000000000 0.4571428571 2
92.1000000000 0.4572049689 2
92.2000000000 0.4572670807 2
92.3000000000 0.4573291925 2
92.4000000000 0.4573913043 2
92.5000000000 0.4574534161 2
92.6000000000 0.4575155280 2
92.7000000000 0.4575776398 2
92.8000000000 0.4576397516 2
92.9000000000 0.4577018634 2
93.0000000000 0.4577639752 2
93.1000000000 0.4578260870 2
93.2000000000 0.4578881988 2
93.3000000000 0.4579503106 2
93.4000000000 0.4580124224 2
93.5000000000 0.4580745342 2
93.6000000000 0.4581366460 2
93.7000000000 0.4581987578 2
93.8000000000 0.4582608696 2
93.9000000000 0.4583229814 2
94.0000000000 0.4583850932 2
94.1000000000 0.4584472050 2
94.2000000000 0.4585093168 2
94.3000000000 0.4585714286 2
94.4000000000 0.4586335404 2
94.5000000000 0.4586956522 2
94.6000000000 0.4587577640 2
94.7000000000 0.4588198758 2
94.8000000000 0.4588819876 2
94.9000000000 0.4589440994 2
95.0000000000 0.4590062112 2
95.1000000000 0.4590683230 2
95.2000000000 0.4591304348 2
95.3000000000 0.4591925466 2
95.4000000000 0.4592546584 2
95.5000000000 0.4593167702 2
95.6000000000 0.4593788820 2
95.7000000000 0.4594409938 2
95.8000000000 0.4595031056 2
95.9000000000 0.4595652174 2
96.0000000000 0.4596273292 2
96.1000000000 0.4596894410 2
96.2000000000 0.4597515528 2
96.3000000000 0.4598136646 2
96.4000000000 0.4598757764 2
96.5000000000 0.4599378882 2
96.6000000000 0.4600000000 2
96.7000000000 0.4600621118 2
96.8000000000 0.4601242236 2
96.9000000000 0.4601863354 2
97.0000000000 0.4602484472 2
97.1000000000 0.4603105590 2
97.2000000000 0.4603726708 2
97.3000000000 0.4604347826 2
97.4000000000 0.4604968944 2
97.5000000000 0.4605590062 2
97.6000000000 0.4606211180 2
97.7000000000 0.4606832298 2
97.8000000000 0.4607453416 2
97.9000000000 0.4608074534 2
98.0000000000 0.4608695652 2
98.1000000000 0.4609316770 2
98.2000000000 0.4609937888 2
98.3000000000 0.4610559006 2
98.4000000000 0.4611180124 2
98.5000000000 0.4611801242 2
98.6000000000 0.4612422360 2
98.7000000000 0.4613043478 2
98.8000000000 0.4613664596 2
98.9000000000 0.4614285714 2
99.0000000000 0.4614906832 2
99.1000000000 0.4615527950 2
99.2000000000 0.4616149068 2
99.3000000000 0.4616770186 2
99.4000000000 0.4617391304 2
99.5000000000 0.4618012422 2
99.6000000000 0.4618633540 2
99.7000000000 0.4619254658 2
99.8000000000 0.4619875776 2
99.9000000000 0.4620496894 2
100.0000000000 0.4621118012 2
100.1000000000 0.4621739130 2
100.2000000000 0.4622360248 2
100.3000000000 0.4622981366 2
100.4000000000 0.4623602484 2
100.5000000000 0.4624223602 2
100.6000000000 0.4624844720 2
100.7000000000 0.4625465839 2
100.8000000000 0.4626086957 2
100.9000000000 0.4626708075 2
101.0000000000 0.4627329193 2
101.1000000000 0.4627950311 2
101.2000000000 0.4628571429 2
101.3000000000 0.4629192547 2
101.4000000000 0.4629813665 2
101.5000000000 0.4630434783 2
101.6000000000 0.4631055901 2
101.7000000000 0.4631677019 2
101.8000000000 0.4632298137 2
101.9000000000 0.4632919255 2
102.0000000000 0.4633540373 2
102.1000000000 0.4634161491 2
102.2000000000 0.4634782609 2
102.3000000000 0.4635403727 2
102.4000000000 0.4636024845 2
102.5000000000 0.4636645963 2
102.6000000000 0.4637267081 2
102.7000000000 0.4637888199 2
102.8000000000 0.4638509317 2
102.9000000000 0.4639130435 2
103.0000000000 0.4639751553 2
103.1000000000 0.4640372671 2
103.2000000000 0.4640993789 2
103.3000000000 0.4641614907 2
103.4000000000 0.4642236025 2
103.5000000000 0.4642857143 2
103.6000000000 0.4643478261 2
103.7000000000 0.4644099379 2
103.8000000000 0.4644720497 2
103.9000000000 0.4645341615 2
104.0000000000 0.4645962733 2
104.1000000000 0.4646583851 2
104.2000000000 0.4647204969 2
104.3000000000 0.4647826087 2
104.4000000000 0.4648447205 2
104.5000000000 0.4649068323 2
104.6000000000 0.4649689441 2
104.7000000000 0.4650310559 2
104.8000000000 0.4650931677 2
104.9000000000 0.4651552795 2
105.0000000000 0.4652173913 2
105.1000000000 0.4652795031 2
105.2000000000 0.4653416149 2
105.3000000000 0.4654037267 2
105.4000000000 0.4654658385 2
105.5000000000 0.4655279503 2
105.6000000000 0.4655900621 2
105.7000000000 0.4656521739 2
105.8000000000 0.4657142857 2
105.9000000000 0.4657763975 2
106.0000000000 0.4658385093 2
106.1000000000 0.4659006211 2
106.2000000000 0.4659627329 2
106.3000000000 0.4660248447 2
106.4000000000 0.4660869565 2
106.5000000000 0.4661490683 2
106.6000000000 0.4662111801 2
106.7000000000 0.4662732919 2
106.8000000000 0.4663354037 2
106.9000000000 0.4663975155 2
107.0000000000 0.4664596273 2
107.1000000000 0.4665217391 2
107.2000000000 0.4665838509 2
107.3000000000 0.4666459627 2
107.4000000000 0.4667080745 2
107.5000000000 0.4667701863 2
107.6000000000 0.4668322981 2
107.7000000000 0.4668944099 2
107.8000000000 0.4669565217 2
107.9000000000 0.4670186335 2
108.0000000000 0.4670807453 2
108.1000000000 0.4671428571 2
108.2000000000 0.4672049689 2
108.3000000000 0.4672670807 2
108.4000000000 0.4673291925 2
108.5000000000 0.4673913043 2
108.6000000000 0.4674534161 2
108.7000000000 0.4675155280 2
108.8000000000 0.4675776398 2
108.9000000000 0.4676397516 2
109.0000000000 0.4677018634 2
109.1000000000 0.4677639752 2
109.2000000000 0.4678260870 2
109.3000000000 0.4678881988 2
109.4000000000 0.4679503106 2
109.5000000000 0.4680124224 2
109.6000000000 0.4680745342 2
109.7000000000 0.4681366460 2
109.8000000000 0.4681987578 2
109.9000000000 0.4682608696 2
110.0000000000 0.4683229814 2
110.1000000000 0.4683850932 2
110.2000000000 0.4684472050 2
110.3000000000 0.4685093168 2
110.4000000000 0.4685714286 2
110.5000000000 0.4686335404 2
110.6000000000 0.4686956522 2
110.7000000000 0.4687577640 2
110.8000000000 0.4688198758 2
110.9000000000 0.4688819876 2
111.0000000000 0.4689440994 2
111.1000000000 0.4690062112 2
111.2000000000 0.4690683230 2
111.3000000000 0.4691304348 2
111.4000000000 0.4691925466 2
111.5000000000 0.4692546584 2
111.6000000000 0.4693167702 2
111.7000000000 0.4693788820 2
111.8000000000 0.4694409938 2
111.9000000000 0.4695031056 2
112.0000000000 0.4695652174 2
112.1000000000 0.4696273292 2
112.2000000000 0.4696894410 2
112.3000000000 0.4697515528 2
112.4000000000 0.4698136646 2
112.5000000000 0.4698757764 2
112.6000000000 0.4699378882 2
112.7000000000 0.4700000000 2
112.8000000000 0.4700621118 2
112.9000000000 0.4701242236 2
113.0000000000 0.4701863354 2
113.1000000000 0.4702484472 2
113.2000000000 0.4703105590 2
113.3000000000 0.4703726708 2
113.4000000000 0.4704347826 2
113.5000000000 0.4704968944 2
113.6000000000 0.4705590062 2
113.7000000000 0.4706211180 2
113.8000000000 0.4706832298 2
113.9000000000 0.4707453416 2
114.0000000000 0.4708074534 2
114.1000000000 0.4708695652 2
114.2000000000 0.4709316770 2
114.3000000000 0.4709937888 2
114.4000000000 0.4710559006 2
114.5000000000 0.4711180124 2
114.6000000000 0.4711801242 2
114.7000000000 0.4712422360 2
114.8000000000 0.4713043478 2
114.9000000000 0.4713664596 2
115.0000000000 0.4714285714 2
115.1000000000 0.4714906832 2
115.2000000000 0.4715527950 2
115.3000000000 0.4716149068 2
115.4000000000 0.4716770186 2
115.5000000000 0.4717391304 2
115.6000000000 0.4718012422 2
115.7000000000 0.4718633540 2
115.8000000000 0.4719254658 2
115.9000000000 0.4719875776 2
116.0000000000 0.4720496894 2
116.1000000000 0.4721118012 2
116.2000000000 0.4721739130 2
116.3000000000 0.4722360248 2
116.4000000000 0.4722981366 2
116.5000000000 0.4723602484 2
116.6000000000 0.4724223602 2
116.7000000000 0.4724844720 2
116.8000000000 0.4725465839 2
116.9000000000 0.4726086957 2
117.0000000000 0.4726708075 2
117.1000000000 0.4727329193 2
117.2000000000 0.4727950311 2
117.3000000000 0.4728571429 2
117.4000000000 0.4729192547 2
117.5000000000 0.4729813665 2
117.6000000000 0.4730434783 2
117.7000000000 0.4731055901 2
117.8000000000 0.4731677019 2
117.9000000000 0.4732298137 2
118.0000000000 0.4732919255 2
118.1000000000 0.4733540373 2
118.2000000000 0.4734161491 2
118.3000000000 0.4734782609 2
118.4000000000 0.4735403727 2
118.5000000000 0.4736024845 2
118.6000000000 0.4736645963 2
118.7000000000 0.4737267081 2
118.8000000000 0.4737888199 2
118.9000000000 0.4738509317 2
119.0000000000 0.4739130435 2
119.1000000000 0.4739751553 2
119.2000000000 0.4740372671 2
119.3000000000 0.4740993789 2
119.4000000000 0.4741614907 2
119.5000000000 0.4742236025 2
119.6000000000 0.4742857143 2
119.7000000000 0.4743478261 2
119.8000000000 0.4744099379 2
119.9000000000 0.4744720497 2
120.0000000000 0.4745341615 2
120.1000000000 0.4745962733 2
120.2000000000 0.4746583851 2
120.3000000000 0.4747204969 2
120.4000000000 0.4747826087 2
120.5000000000 0.4748447205 2
120.6000000000 0.4749068323 2
120.7000000000 0.4749689441 2
120.8000000000 0.4750310559 2
120.9000000000 0.4750931677 2
121.0000000000 0.4751552795 2
121.1000000000 0.4752173913 2
121.2000000000 0.4752795031 2
121.3000000000 0.4753416149 2
121.4000000000 0.4754037267 2
121.5000000000 0.4754658385 2
121.6000000000 0.4755279503 2
121.7000000000 0.4755900621 2
121.8000000000 0.4756521739 2
121.9000000000 0.4757142857 2
122.0000000000 0.4757763975 2
122.1000000000 0.4758385093 2
122.2000000000 0.4759006211 2
122.3000000000 0.4759627329 2
122.4000000000 0.4760248447 2
122.5000000000 0.4760869565 2
122.6000000000 0.4761490683 2
122.7000000000 0.4762111801 2
122.8000000000 0.4762732919 2
122.9000000000 0.4763354037 2
123.0000000000 0.4763975155 2
123.1000000000 0.4764596273 2
123.2000000000 0.4765217391 2
123.3000000000 0.4765838509 2
123.4000000000 0.4766459627 2
123.5000000000 0.4767080745 2
123.6000000000 0.4767701863 2
123.7000000000 0.4768322981 2
123.8000000000 0.4768944099 2
123.9000000000 0.4769565217 2
124.0000000000 0.4770186335 2
124.1000000000 0.4770807453 2
124.2000000000 0.4771428571 2
124.3000000000 0.4772049689 2
124.4000000000 0.4772670807 2
124.5000000000 0.4773291925 2
124.6000000000 0.4773913043 2
124.7000000000 0.4774534161 2
124.8000000000 0.4775155280 2
124.9000000000 0.4775776398 2
125.0000000000 0.4776397516 2
125.1000000000 0.4777018634 2
125.2000000000 0.4777639752 2
125.3000000000 0.4778260870 2
125.4000000000 0.4778881988 2
125.5000000000 0.4779503106 2
125.6000000000 0.4780124224 2
125.7000000000 0.4780745342 2
125.8000000000 0.4781366460 2
125.9000000000 0.4781987578 2
126.0000000000 0.4782608696 2
126.1000000000 0.4783229814 2
126.2000000000 0.4783850932 2
126.3000000000 0.4784472050 2
126.4000000000 0.4785093168 2
126.5000000000 0.4785714286 2
126.6000000000 0.4786335404 2
126.7000000000 0.4786956522 2
126.8000000000 0.4787577640 2
126.9000000000 0.4788198758 2
127.0000000000 0.4788819876 2
127.1000000000 0.4789440994 2
127.2000000000 0.4790062112 2
127.3000000000 0.4790683230 2
127.4000000000 0.4791304348 2
127.5000000000 0.4791925466 2
127.6000000000 0.4792546584 2
127.7000000000 0.4793167702 2
127.8000000000 0.4793788820 2
127.9000000000 0.4794409938 2
128.0000000000 0.4795031056 2
128.1000000000 0.4795652174 2
128.2000000000 0.4796273292 2
128.3000000000 0.4796894410 2
128.4000000000 0.4797515528 2
128.5000000000 0.4798136646 2
128.6000000000 0.4798757764 2
128.7000000000 0.4799378882 2
128.8000000000 0.4800000000 2
128.9000000000 0.4800621118 2
129.0000000000 0.4801242236 2
129.1000000000 0.4801863354 2
129.2000000000 0.4802484472 2
129.3000000000 0.4803105590 2
129.4000000000 0.4803726708 2
129.5000000000 0.4804347826 2
129.6000000000 0.4804968944 2
129.7000000000 0.4805590062 2
129.8000000000 0.4806211180 2
129.9000000000 0.4806832298 2
130.0000000000 0.4807453416 2
130.1000000000 0.4808074534 2
130.2000000000 0.4808695652 2
130.3000000000 0.4809316770 2
130.4000000000 0.4809937888 2
130.5000000000 0.4810559006 2
130.6000000000 0.4811180124 2
130.7000000000 0.4811801242 2
130.8000000000 0.4812422360 2
130.9000000000 0.4813043478 2
131.0000000000 0.4813664596 2
131.1000000000 0.4814285714 2
131.2000000000 0.4814906832 2
131.3000000000 0.4815527950 2
131.4000000000 0.4816149068 2
131.5000000000 0.4816770186 2
131.6000000000 0.4817391304 2
131.7000000000 0.4818012422 2
131.8000000000 0.4818633540 2
131.9000000000 0.4819254658 2
132.0000000000 0.4819875776 2
132.1000000000 0.4820496894 2
132.2000000000 0.4821118012 2
132.3000000000 0.4821739130 2
132.4000000000 0.4822360248 2
132.5000000000 0.4822981366 2
132.6000000000 0.4823602484 2
132.7000000000 0.4824223602 2
132.8000000000 0.4824844720 2
132.9000000000 0.4825465839 2
133.0000000000 0.4826086957 2
133.1000000000 0.4826708075 2
133.2000000000 0.4827329193 2
133.3000000000 0.4827950311 2
133.4000000000 0.4828571429 2
133.5000000000 0.4829192547 2
133.6000000000 0.4829813665 2
133.7000000000 0.4830434783 2
133.8000000000 0.4831055901 2
133.9000000000 0.4831677019 2
134.0000000000 0.4832298137 2
134.1000000000 0.4832919255 2
134.2000000000 0.4833540373 2
134.3000000000 0.4834161491 2
134.4000000000 0.4834782609 2
134.5000000000 0.4835403727 2
134.6000000000 0.4836024845 2
134.7000000000 0.4836645963 2
134.8000000000 0.4837267081 2
134.9000000000 0.4837888199 2
135.0000000000 0.4838509317 2
135.1000000000 0.4839130435 2
135.2000000000 0.4839751553 2
135.3000000000 0.4840372671 2
135.4000000000 0.4840993789 2
135.5000000000 0.4841614907 2
135.6000000000 0.4842236025 2
135.7000000000 0.4842857143 2
135.8000000000 0.4843478261 2
135.9000000000 0.4844099379 2
136.0000000000 0.4844720497 2
136.1000000000 0.4845341615 2
136.2000000000 0.4845962733 2
136.3000000000 0.4846583851 2
136.4000000000 0.4847204969 2
136.5000000000 0.4847826087 2
136.6000000000 0.4848447205 2
136.7000000000 0.4849068323 2
136.8000000000 0.4849689441 2
136.9000000000 0.4850310559 2
137.0000000000 0.4850931677 2
137.1000000000 0.4851552795 2
137.2000000000 0.4852173913 2
137.3000000000 0.4852795031 2
137.4000000000 0.4853416149 2
137.5000000000 0.4854037267 2
137.6000000000 0.4854658385 2
137.7000000000 0.4855279503 2
137.8000000000 0.4855900621 2
137.9000000000 0.4856521739 2
138.0000000000 0.4857142857 2
138.1000000000 0.4857763975 2
138.2000000000 0.4858385093 2
138.3000000000 0.4859006211 2
138.4000000000 0.4859627329 2
138.5000000000 0.4860248447 2
138.6000000000 0.4860869565 2
138.7000000000 0.4861490683 2
138.8000000000 0.4862111801 2
138.9000000000 0.4862732919 2
139.0000000000 0.4863354037 2
139.1000000000 0.4863975155 2
139.2000000000 0.4864596273 2
139.3000000000 0.4865217391 2
139.4000000000 0.4865838509 2
139.5000000000 0.4866459627 2
139.6000000000 0.4867080745 2
139.7000000000 0.4867701863 2
139.8000000000 0.4868322981 2
139.9000000000 0.4868944099 2
140.0000000000 0.4869565217 2
140.1000000000 0.4870186335 2
140.2000000000 0.4870807453 2
140.3000000000 0.4871428571 2
140.4000000000 0.4872049689 2
140.5000000000 0.4872670807 2
140.6000000000 0.4873291925 2
140.7000000000 0.4873913043 2
140.8000000000 0.4874534161 2
140.9000000000 0.4875155280 2
141.0000000000 0.4875776398 2
141.1000000000 0.4876397516 2
141.2000000000 0.4877018634 2
141.3000000000 0.4877639752 2
141.4000000000 0.4878260870 2
141.5000000000 0.4878881988 2
141.6000000000 0.4879503106 2
141.7000000000 0.4880124224 2
141.8000000000 0.4880745342 2
141.9000000000 0.4881366460 2
142.0000000000 0.4881987578 2
142.1000000000 0.4882608696 2
142.2000000000 0.4883229814 2
142.3000000000 0.4883850932 2
142.4000000000 0.4884472050 2
142.5000000000 0.4885093168 2
142.6000000000 0.4885714286 2
142.7000000000 0.4886335404 2
142.8000000000 0.4886956522 2
142.9000000000 0.4887577640 2
143.0000000000 0.4888198758 2
143.1000000000 0.4888819876 2
143.2000000000 0.4889440994 2
143.3000000000 0.4890062112 2
143.4000000000 0.4890683230 2
143.5000000000 0.4891304348 2
143.6000000000 0.4891925466 2
143.7000000000 0.4892546584 2
143.8000000000 0.4893167702 2
143.9000000000 0.4893788820 2
144.0000000000 0.4894409938 2
144.1000000000 0.4895031056 2
144.2000000000 0.4895652174 2
144.3000000000 0.4896273292 2
144.4000000000 0.4896894410 2
144.5000000000 0.4897515528 2
144.6000000000 0.4898136646 2
144.7000000000 0.4898757764 2
144.8000000000 0.4899378882 2
144.9000000000 0.4900000000 2
145.0000000000 0.4900621118 2
145.1000000000 0.4901242236 2
145.2000000000 0.4901863354 2
145.3000000000 0.4902484472 2
145.4000000000 0.4903105590 2
145.5000000000 0.4903726708 2
145.6000000000 0.4904347826 2
145.7000000000 0.4904968944 2
145.8000000000 0.4905590062 2
145.9000000000 0.4906211180 2
146.0000000000 0.4906832298 2
146.1000000000 0.4907453416 2
146.2000000000 0.4908074534 2
146.3000000000 0.4908695652 2
146.4000000000 0.4909316770 2
146.5000000000 0.4909937888 2
146.6000000000 0.4910559006 2
146.7000000000 0.4911180124 2
146.8000000000 0.4911801242 2
146.9000000000 0.4912422360 2
147.0000000000 0.4913043478 2
147.1000000000 0.4913664596 2
147.2000000000 0.4914285714 2
147.3000000000 0.4914906832 2
147.4000000000 0.4915527950 2
147.5000000000 0.4916149068 2
147.6000000000 0.4916770186 2
147.7000000000 0.4917391304 2
147.8000000000 0.4918012422 2
147.9000000000 0.4918633540 2
148.0000000000 0.4919254658 2
148.1000000000 0.4919875776 2
148.2000000000 0.4920496894 2
148.3000000000 0.4921118012 2
148.4000000000 0.4921739130 2
148.5000000000 0.4922360248 2
148.6000000000 0.4922981366 2
148.7000000000 0.4923602484 2
148.8000000000 0.4924223602 2
148.9000000000 0.4924844720 2
149.0000000000 0.4925465839 2
149.1000000000 0.4926086957 2
149.2000000000 0.4926708075 2
149.3000000000 0.4927329193 2
149.4000000000 0.4927950311 2
149.5000000000 0.4928571429 2
149.6000000000 0.4929192547 2
149.7000000000 0.4929813665 2
149.8000000000 0.4930434783 2
149.9000000000 0.4931055901 2
150.0000000000 0.4931677019 2
150.1000000000 0.4932298137 2
150.2000000000 0.4932919255 2
150.3000000000 0.4933540373 2
150.4000000000 0.4934161491 2
150.5000000000 0.4934782609 2
150.6000000000 0.4935403727 2
150.7000000000 0.4936024845 2
150.8000000000 0.4936645963 2
150.9000000000 0.4937267081 2
151.0000000000 0.4937888199 2
151.1000000000 0.4938509317 2
151.2000000000 0.4939130435 2
151.3000000000 0.4939751553 2
151.4000000000 0.4940372671 2
151.5000000000 0.4940993789 2
151.6000000000 0.4941614907 2
151.7000000000 0.4942236025 2
151.8000000000 0.4942857143 2
151.9000000000 0.4943478261 2
152.0000000000 0.4944099379 2
152.1000000000 0.4944720497 2
152.2000000000 0.4945341615 2
152.3000000000 0.4945962733 2
152.4000000000 0.4946583851 2
152.5000000000 0.4947204969 2
152.6000000000 0.4947826087 2
152.7000000000 0.4948447205 2
152.8000000000 0.4949068323 2
152.9000000000 0.4949689441 2
153.0000000000 0.4950310559 2
153.1000000000 0.4950931677 2
153.2000000000 0.4951552795 2
153.3000000000 0.4952173913 2
153.4000000000 0.4952795031 2
153.5000000000 0.4953416149 2
153.6000000000 0.4954037267 2
153.7000000000 0.4954658385 2
153.8000000000 0.4955279503 2
153.9000000000 0.4955900621 2
154.0000000000 0.4956521739 2
154.1000000000 0.4957142857 2
154.2000000000 0.4957763975 2
154.3000000000 0.4958385093 2
154.4000000000 0.4959006211 2
154.5000000000 0.4959627329 2
154.6000000000 0.4960248447 2
154.7000000000 0.4960869565 2
154.8000000000 0.4961490683 2
154.9000000000 0.4962111801 2
155.0000000000 0.4962732919 2
155.1000000000 0.4963354037 2
155.2000000000 0.4963975155 2
155.3000000000 0.4964596273 2
155.4000000000 0.4965217391 2
155.5000000000 0.4965838509 2
155.6000000000 0.4966459627 2
155.7000000000 0.4967080745 2
155.8000000000 0.4967701863 2
155.9000000000 0.4968322981 2
156.0000000000 0.4968944099 2
156.1000000000 0.4969565217 2
156.2000000000 0.4970186335 2
156.3000000000 0.4970807453 2
156.4000000000 0.4971428571 2
156.5000000000 0.4972049689 2
156.6000000000 0.4972670807 2
156.7000000000 0.4973291925 2
156.8000000000 0.4973913043 2
156.9000000000 0.4974534161 2
157.0000000000 0.4975155280 2
157.1000000000 0.4975776398 2
157.2000000000 0.4976397516 2
157.3000000000 0.4977018634 2
157.4000000000 0.4977639752 2
157.5000000000 0.4978260870 2
157.6000000000 0.4978881988 2
157.7000000000 0.4979503106 2
157.8000000000 0.4980124224 2
157.9000000000 0.4980745342 2
158.0000000000 0.4981366460 2
158.1000000000 0.4981987578 2
158.2000000000 0.4982608696 2
158.3000000000 0.4983229814 2
158.4000000000 0.4983850932 2
158.5000000000 0.4984472050 2
158.6000000000 0.4985093168 2
158.7000000000 0.4985714286 2
158.8000000000 0.4986335404 2
158.9000000000 0.4986956522 2
159.0000000000 0.4987577640 2
159.1000000000 0.4988198758 2
159.2000000000 0.4988819876 2
159.3000000000 0.4989440994 2
159.4000000000 0.4990062112 2
159.5000000000 0.4990683230 2
159.6000000000 0.4991304348 2
159.7000000000 0.4991925466 2
159.8000000000 0.4992546584 2
159.9000000000 0.4993167702 2
160.0000000000 0.4993788820 2
160.1000000000 0.4994409938 2
160.2000000000 0.4995031056 2
160.3000000000 0.4995652174 2
160.4000000000 0.4996273292 2
160.5000000000 0.4996894410 2
160.6000000000 0.4997515528 2
160.7000000000 0.4998136646 2
160.8000000000 0.4998757764 2
160.9000000000 0.4999378882 2
161.0000000000 0.5000000000 2
