	1.530	1.540	1.550	1.560	1.570
0.0	0.0000000000	0.0000000000	0.0000000000	0.0000000000	0.0000000000
0.1	0.0000054825	0.0000063250	0.0000072926	0.0000084033	0.0000096773
0.2	0.0000219298	0.0000252998	0.0000291702	0.0000336128	0.0000387087
0.3	0.0000493416	0.0000569239	0.0000656322	0.0000756278	0.0000870932
0.4	0.0000877173	0.0001011965	0.0001166776	0.0001344467	0.0001548289
0.5	0.0001370561	0.0001581166	0.0001823047	0.0002100677	0.0002419131
0.6	0.0001973568	0.0002276826	0.0002625118	0.0003024882	0.0003483425
0.7	0.0002686182	0.0003098928	0.0003572964	0.0004117050	0.0004741129
0.8	0.0003508386	0.0004047451	0.0004666558	0.0005377146	0.0006192196
0.9	0.0004440163	0.0005122372	0.0005905868	0.0006805126	0.0007836568
1.0	0.0005481492	0.0006323662	0.0007290859	0.0008400943	0.0009674182
1.1	0.0006632351	0.0007651293	0.0008821489	0.0010164543	0.0011704967
1.2	0.0007892714	0.0009105229	0.0010497714	0.0012095866	0.0013928845
1.3	0.0009262554	0.0010685435	0.0012319485	0.0014194849	0.0016345729
1.4	0.0010741840	0.0012391870	0.0014286749	0.0016461420	0.0018955525
1.5	0.0012330540	0.0014224491	0.0016399448	0.0018895503	0.0021758133
1.6	0.0014028620	0.0016183252	0.0018657522	0.0021497017	0.0024753445
1.7	0.0015836042	0.0018268103	0.0021060903	0.0024265873	0.0027941344
1.8	0.0017752766	0.0020478991	0.0023609522	0.0027201979	0.0031321706
1.9	0.0019778750	0.0022815861	0.0026303305	0.0030305236	0.0034894402
2.0	0.0021913950	0.0025278654	0.0029142173	0.0033575540	0.0038659292
2.1	0.0024158320	0.0027867306	0.0032126043	0.0037012781	0.0042616231
2.2	0.0026511809	0.0030581754	0.0035254828	0.0040616843	0.0046765066
2.3	0.0028974367	0.0033421927	0.0038528437	0.0044387606	0.0051105637
2.4	0.0031545939	0.0036387754	0.0041946775	0.0048324942	0.0055637774
2.5	0.0034226468	0.0039479160	0.0045509741	0.0052428719	0.0060361303
2.6	0.0037015897	0.0042696067	0.0049217232	0.0056698799	0.0065276041
2.7	0.0039914164	0.0046038394	0.0053069139	0.0061135039	0.0070381798
2.8	0.0042921205	0.0049506055	0.0057065351	0.0065737289	0.0075678376
2.9	0.0046036955	0.0053098964	0.0061205750	0.0070505395	0.0081165570
3.0	0.0049261345	0.0056817029	0.0065490216	0.0075439197	0.0086843167
3.1	0.0052594304	0.0060660155	0.0069918624	0.0080538528	0.0092710949
3.2	0.0056035759	0.0064628247	0.0074490845	0.0085803218	0.0098768686
3.3	0.0059585635	0.0068721204	0.0079206745	0.0091233089	0.0105016147
3.4	0.0063243854	0.0072938921	0.0084066187	0.0096827958	0.0111453087
3.5	0.0067010336	0.0077281293	0.0089069029	0.0102587639	0.0118079259
3.6	0.0070884998	0.0081748209	0.0094215125	0.0108511937	0.0124894405
3.7	0.0074867756	0.0086339557	0.0099504325	0.0114600653	0.0131898262
3.8	0.0078958521	0.0091055220	0.0104936475	0.0120853582	0.0139090559
3.9	0.0083157204	0.0095895079	0.0110511416	0.0127270514	0.0146471018
4.0	0.0087463713	0.0100859011	0.0116228985	0.0133851234	0.0154039352
4.1	0.0091877954	0.0105946891	0.0122089017	0.0140595520	0.0161795269
4.2	0.0096399830	0.0111158591	0.0128091339	0.0147503146	0.0169738468
4.3	0.0101029241	0.0116493978	0.0134235777	0.0154573879	0.0177868642
4.4	0.0105766086	0.0121952917	0.0140522151	0.0161807482	0.0186185477
4.5	0.0110610262	0.0127535270	0.0146950279	0.0169203712	0.0194688650
4.6	0.0115561662	0.0133240897	0.0153519973	0.0176762319	0.0203377832
4.7	0.0120620177	0.0139069652	0.0160231040	0.0184483051	0.0212252687
4.8	0.0125785696	0.0145021388	0.0167083286	0.0192365647	0.0221312872
4.9	0.0131058107	0.0151095955	0.0174076510	0.0200409842	0.0230558035
5.0	0.0136437293	0.0157293199	0.0181210508	0.0208615366	0.0239987819
5.1	0.0141923137	0.0163612963	0.0188485073	0.0216981944	0.0249601858
5.2	0.0147515519	0.0170055087	0.0195899992	0.0225509293	0.0259399781
5.3	0.0153214315	0.0176619409	0.0203455049	0.0234197128	0.0269381209
5.4	0.0159019400	0.0183305762	0.0211150023	0.0243045157	0.0279545754
5.5	0.0164930648	0.0190113976	0.0218984690	0.0252053081	0.0289893024
5.6	0.0170947929	0.0197043881	0.0226958821	0.0261220599	0.0300422618
5.7	0.0177071111	0.0204095300	0.0235072184	0.0270547401	0.0311134128
5.8	0.0183300059	0.0211268055	0.0243324542	0.0280033175	0.0322027140
5.9	0.0189634637	0.0218561965	0.0251715655	0.0289677602	0.0333101232
6.0	0.0196074706	0.0225976844	0.0260245277	0.0299480357	0.0344355975
6.1	0.0202620125	0.0233512506	0.0268913160	0.0309441112	0.0355790934
6.2	0.0209270750	0.0241168760	0.0277719051	0.0319559530	0.0367405666
6.3	0.0216026436	0.0248945412	0.0286662693	0.0329835272	0.0379199722
6.4	0.0222887034	0.0256842266	0.0295743826	0.0340267994	0.0391172644
6.5	0.0229852393	0.0264859120	0.0304962183	0.0350857343	0.0403323971
6.6	0.0236922362	0.0272995774	0.0314317497	0.0361602964	0.0415653230
6.7	0.0244096784	0.0281252021	0.0323809495	0.0372504496	0.0428159945
6.8	0.0251375503	0.0289627651	0.0333437899	0.0383561572	0.0440843632
6.9	0.0258758360	0.0298122454	0.0343202428	0.0394773822	0.0453703800
7.0	0.0266245191	0.0306736213	0.0353102799	0.0406140867	0.0466739950
7.1	0.0273835833	0.0315468712	0.0363138722	0.0417662326	0.0479951579
7.2	0.0281530120	0.0324319730	0.0373309904	0.0429337811	0.0493338175
7.3	0.0289327883	0.0333289041	0.0383616049	0.0441166931	0.0506899220
7.4	0.0297228950	0.0342376420	0.0394056856	0.0453149287	0.0520634189
7.5	0.0305233149	0.0351581637	0.0404632020	0.0465284476	0.0534542549
7.6	0.0313340303	0.0360904459	0.0415341233	0.0477572092	0.0548623764
7.7	0.0321550236	0.0370344649	0.0426184183	0.0490011720	0.0562877287
7.8	0.0329862767	0.0379901969	0.0437160553	0.0502602943	0.0577302567
7.9	0.0338277714	0.0389576177	0.0448270024	0.0515345338	0.0591899046
8.0	0.0346794892	0.0399367029	0.0459512270	0.0528238475	0.0606666159
8.1	0.0355414114	0.0409274276	0.0470886964	0.0541281922	0.0621603333
8.2	0.0364135192	0.0419297668	0.0482393775	0.0554475241	0.0636709991
8.3	0.0372957934	0.0429436952	0.0494032366	0.0567817987	0.0651985548
8.4	0.0381882147	0.0439691871	0.0505802399	0.0581309713	0.0667429413
8.5	0.0390907635	0.0450062165	0.0517703529	0.0594949964	0.0683040988
8.6	0.0400034200	0.0460547573	0.0529735410	0.0608738283	0.0698819668
8.7	0.0409261643	0.0471147828	0.0541897690	0.0622674206	0.0714764843
8.8	0.0418589759	0.0481862662	0.0554190015	0.0636757264	0.0730875895
8.9	0.0428018346	0.0492691806	0.0566612027	0.0650986984	0.0747152201
9.0	0.0437547196	0.0503634984	0.0579163363	0.0665362888	0.0763593132
9.1	0.0447176100	0.0514691919	0.0591843656	0.0679884493	0.0780198049
9.2	0.0456904847	0.0525862333	0.0604652537	0.0694551310	0.0796966312
9.3	0.0466733225	0.0537145942	0.0617589633	0.0709362846	0.0813897270
9.4	0.0476661016	0.0548542461	0.0630654566	0.0724318604	0.0830990268
9.5	0.0486688004	0.0560051601	0.0643846954	0.0739418081	0.0848244644
9.6	0.0496813968	0.0571673072	0.0657166413	0.0754660769	0.0865659732
9.7	0.0507038688	0.0583406579	0.0670612555	0.0770046156	0.0883234856
9.8	0.0517361937	0.0595251826	0.0684184987	0.0785573725	0.0900969336
9.9	0.0527783491	0.0607208513	0.0697883313	0.0801242954	0.0918862486
10.0	0.0538303120	0.0619276336	0.0711707134	0.0817053316	0.0936913613
10.1	0.0548920593	0.0631454992	0.0725656046	0.0833004280	0.0955122018
10.2	0.0559635679	0.0643744172	0.0739729643	0.0849095310	0.0973486997
10.3	0.0570448141	0.0656143565	0.0753927514	0.0865325864	0.0992007839
10.4	0.0581357744	0.0668652857	0.0768249245	0.0881695397	0.1010683826
10.5	0.0592364246	0.0681271731	0.0782694418	0.0898203360	0.1029514236
10.6	0.0603467408	0.0693999870	0.0797262612	0.0914849196	0.1048498340
10.7	0.0614666986	0.0706836949	0.0811953401	0.0931632347	0.1067635403
10.8	0.0625962734	0.0719782646	0.0826766358	0.0948552248	0.1086924684
10.9	0.0637354404	0.0732836632	0.0841701049	0.0965608331	0.1106365437
11.0	0.0648841746	0.0745998576	0.0856757041	0.0982800023	0.1125956909
11.1	0.0660424510	0.0759268147	0.0871933892	0.1000126745	0.1145698342
11.2	0.0672102439	0.0772645007	0.0887231161	0.1017587915	0.1165588971
11.3	0.0683875280	0.0786128820	0.0902648402	0.1035182946	0.1185628026
11.4	0.0695742772	0.0799719243	0.0918185164	0.1052911247	0.1205814733
11.5	0.0707704657	0.0813415933	0.0933840994	0.1070772221	0.1226148309
11.6	0.0719760672	0.0827218543	0.0949615436	0.1088765270	0.1246627967
11.7	0.0731910552	0.0841126725	0.0965508030	0.1106889787	0.1267252915
11.8	0.0744154031	0.0855140125	0.0981518311	0.1125145163	0.1288022354
11.9	0.0756490840	0.0869258390	0.0997645814	0.1143530785	0.1308935480
12.0	0.0768920709	0.0883481163	0.1013890067	0.1162046036	0.1329991484
12.1	0.0781443366	0.0897808083	0.1030250597	0.1180690291	0.1351189551
12.2	0.0794058535	0.0912238789	0.1046726926	0.1199462926	0.1372528860
12.3	0.0806765940	0.0926772914	0.1063318574	0.1218363308	0.1394008585
12.4	0.0819565302	0.0941410092	0.1080025056	0.1237390803	0.1415627895
12.5	0.0832456342	0.0956149952	0.1096845887	0.1256544770	0.1437385952
12.6	0.0845438775	0.0970992121	0.1113780573	0.1275824567	0.1459281915
12.7	0.0858512317	0.0985936224	0.1130828623	0.1295229545	0.1481314936
12.8	0.0871676682	0.1000981882	0.1147989538	0.1314759051	0.1503484162
12.9	0.0884931581	0.1016128715	0.1165262818	0.1334412430	0.1525788735
13.0	0.0898276723	0.1031376340	0.1182647960	0.1354189021	0.1548227792
13.1	0.0911711816	0.1046724371	0.1200144455	0.1374088158	0.1570800463
13.2	0.0925236564	0.1062172419	0.1217751793	0.1394109174	0.1593505876
13.3	0.0938850672	0.1077720094	0.1235469461	0.1414251395	0.1616343151
13.4	0.0952553841	0.1093367003	0.1253296943	0.1434514144	0.1639311404
13.5	0.0966345769	0.1109112748	0.1271233717	0.1454896740	0.1662409747
13.6	0.0980226156	0.1124956934	0.1289279262	0.1475398498	0.1685637284
13.7	0.0994194696	0.1140899157	0.1307433050	0.1496018728	0.1708993118
13.8	0.1008251083	0.1156939015	0.1325694551	0.1516756739	0.1732476343
13.9	0.1022395009	0.1173076103	0.1344063234	0.1537611831	0.1756086051
14.0	0.1036626163	0.1189310012	0.1362538562	0.1558583306	0.1779821328
14.1	0.1050944234	0.1205640330	0.1381119997	0.1579670457	0.1803681256
14.2	0.1065348908	0.1222066646	0.1399806995	0.1600872576	0.1827664910
14.3	0.1079839868	0.1238588543	0.1418599014	0.1622188950	0.1851771362
14.4	0.1094416797	0.1255205604	0.1437495503	0.1643618862	0.1875999679
14.5	0.1109079375	0.1271917407	0.1456495912	0.1665161593	0.1900348923
14.6	0.1123827281	0.1288723531	0.1475599687	0.1686816419	0.1924818152
14.7	0.1138660191	0.1305623550	0.1494806270	0.1708582610	0.1949406419
14.8	0.1153577780	0.1322617037	0.1514115101	0.1730459437	0.1974112771
14.9	0.1168579721	0.1339703561	0.1533525617	0.1752446162	0.1998936253
15.0	0.1183665684	0.1356882690	0.1553037252	0.1774542048	0.2023875903
15.1	0.1198835340	0.1374153989	0.1572649436	0.1796746352	0.2048930756
15.2	0.1214088355	0.1391517023	0.1592361597	0.1819058327	0.2074099842
15.3	0.1229424394	0.1408971351	0.1612173161	0.1841477223	0.2099382187
15.4	0.1244843123	0.1426516531	0.1632083550	0.1864002287	0.2124776813
15.5	0.1260344201	0.1444152121	0.1652092182	0.1886632761	0.2150282735
15.6	0.1275927290	0.1461877673	0.1672198474	0.1909367886	0.2175898968
15.7	0.1291592048	0.1479692739	0.1692401839	0.1932206896	0.2201624519
15.8	0.1307338130	0.1497596869	0.1712701689	0.1955149024	0.2227458393
15.9	0.1323165193	0.1515589610	0.1733097430	0.1978193499	0.2253399589
16.0	0.1339072888	0.1533670505	0.1753588469	0.2001339546	0.2279447103
16.1	0.1355060868	0.1551839099	0.1774174207	0.2024586387	0.2305599928
16.2	0.1371128780	0.1570094931	0.1794854044	0.2047933241	0.2331857051
16.3	0.1387276274	0.1588437539	0.1815627376	0.2071379324	0.2358217454
16.4	0.1403502994	0.1606866460	0.1836493598	0.2094923846	0.2384680119
16.5	0.1419808585	0.1625381226	0.1857452101	0.2118566017	0.2411244021
16.6	0.1436192690	0.1643981371	0.1878502273	0.2142305042	0.2437908131
16.7	0.1452654948	0.1662666422	0.1899643501	0.2166140123	0.2464671417
16.8	0.1469195000	0.1681435907	0.1920875168	0.2190070458	0.2491532843
16.9	0.1485812482	0.1700289352	0.1942196654	0.2214095244	0.2518491370
17.0	0.1502507030	0.1719226280	0.1963607338	0.2238213673	0.2545545954
17.1	0.1519278278	0.1738246211	0.1985106594	0.2262424934	0.2572695547
17.2	0.1536125857	0.1757348664	0.2006693797	0.2286728213	0.2599939099
17.3	0.1553049400	0.1776533155	0.2028368315	0.2311122694	0.2627275556
17.4	0.1570048533	0.1795799201	0.2050129518	0.2335607557	0.2654703858
17.5	0.1587122886	0.1815146312	0.2071976769	0.2360181977	0.2682222945
17.6	0.1604272082	0.1834574000	0.2093909433	0.2384845131	0.2709831750
17.7	0.1621495747	0.1854081773	0.2115926868	0.2409596187	0.2737529206
17.8	0.1638793501	0.1873669137	0.2138028433	0.2434434315	0.2765314241
17.9	0.1656164967	0.1893335598	0.2160213483	0.2459358680	0.2793185778
18.0	0.1673609764	0.1913080656	0.2182481371	0.2484368444	0.2821142738
18.1	0.1691127507	0.1932903814	0.2204831447	0.2509462765	0.2849184040
18.2	0.1708717814	0.1952804569	0.2227263059	0.2534640802	0.2877308599
18.3	0.1726380299	0.1972782418	0.2249775554	0.2559901706	0.2905515324
18.4	0.1744114574	0.1992836855	0.2272368274	0.2585244630	0.2933803126
18.5	0.1761920250	0.2012967373	0.2295040560	0.2610668722	0.2962170908
18.6	0.1779796937	0.2033173463	0.2317791750	0.2636173126	0.2990617572
18.7	0.1797744243	0.2053454613	0.2340621183	0.2661756985	0.3019142018
18.8	0.1815761774	0.2073810311	0.2363528190	0.2687419441	0.3047743141
18.9	0.1833849135	0.2094240041	0.2386512105	0.2713159629	0.3076419834
19.0	0.1852005930	0.2114743287	0.2409572256	0.2738976685	0.3105170987
19.1	0.1870231760	0.2135319530	0.2432707971	0.2764869741	0.3133995487
19.2	0.1888526226	0.2155968248	0.2455918575	0.2790837926	0.3162892219
19.3	0.1906888926	0.2176688921	0.2479203391	0.2816880369	0.3191860063
19.4	0.1925319458	0.2197481023	0.2502561740	0.2842996193	0.3220897899
19.5	0.1943817418	0.2218344029	0.2525992941	0.2869184520	0.3250004602
19.6	0.1962382399	0.2239277410	0.2549496309	0.2895444470	0.3279179046
19.7	0.1981013995	0.2260280637	0.2573071160	0.2921775162	0.3308420102
19.8	0.1999711798	0.2281353180	0.2596716805	0.2948175709	0.3337726636
19.9	0.2018475396	0.2302494503	0.2620432555	0.2974645223	0.3367097516
20.0	0.2037304379	0.2323704074	0.2644217718	0.3001182817	0.3396531604
20.1	0.2056198334	0.2344981354	0.2668071601	0.3027787597	0.3426027761
20.2	0.2075156846	0.2366325806	0.2691993506	0.3054458669	0.3455584845
20.3	0.2094179500	0.2387736890	0.2715982738	0.3081195136	0.3485201712
20.4	0.2113265878	0.2409214065	0.2740038595	0.3107996101	0.3514877215
20.5	0.2132415562	0.2430756785	0.2764160377	0.3134860662	0.3544610206
20.6	0.2151628132	0.2452364508	0.2788347378	0.3161787915	0.3574399534
20.7	0.2170903167	0.2474036685	0.2812598895	0.3188776957	0.3604244046
20.8	0.2190240244	0.2495772770	0.2836914219	0.3215826880	0.3634142586
20.9	0.2209638938	0.2517572211	0.2861292642	0.3242936774	0.3664093997
21.0	0.2229098825	0.2539434457	0.2885733451	0.3270105728	0.3694097120
21.1	0.2248619478	0.2561358955	0.2910235935	0.3297332830	0.3724150793
21.2	0.2268200468	0.2583345151	0.2934799378	0.3324617163	0.3754253853
21.3	0.2287841366	0.2605392488	0.2959423063	0.3351957812	0.3784405135
21.4	0.2307541742	0.2627500408	0.2984106274	0.3379353856	0.3814603471
21.5	0.2327301163	0.2649668353	0.3008848289	0.3406804375	0.3844847693
21.6	0.2347119197	0.2671895760	0.3033648386	0.3434308446	0.3875136630
21.7	0.2366995408	0.2694182069	0.3058505844	0.3461865145	0.3905469109
21.8	0.2386929360	0.2716526715	0.3083419935	0.3489473545	0.3935843957
21.9	0.2406920617	0.2738929132	0.3108389934	0.3517132719	0.3966259997
22.0	0.2426968740	0.2761388754	0.3133415112	0.3544841737	0.3996716052
22.1	0.2447073290	0.2783905013	0.3158494739	0.3572599667	0.4027210943
22.2	0.2467233825	0.2806477339	0.3183628083	0.3600405576	0.4057743491
22.3	0.2487449903	0.2829105161	0.3208814412	0.3628258530	0.4088312512
22.4	0.2507721082	0.2851787907	0.3234052991	0.3656157593	0.4118916823
22.5	0.2528046916	0.2874525002	0.3259343083	0.3684101826	0.4149555241
22.6	0.2548426960	0.2897315871	0.3284683951	0.3712090290	0.4180226578
22.7	0.2568860766	0.2920159938	0.3310074856	0.3740122046	0.4210929649
22.8	0.2589347888	0.2943056625	0.3335515056	0.3768196149	0.4241663263
22.9	0.2609887874	0.2966005353	0.3361003811	0.3796311658	0.4272426232
23.0	0.2630480276	0.2989005540	0.3386540375	0.3824467626	0.4303217365
23.1	0.2651124641	0.3012056606	0.3412124005	0.3852663107	0.4334035469
23.2	0.2671820517	0.3035157966	0.3437753954	0.3880897154	0.4364879353
23.3	0.2692567450	0.3058309037	0.3463429474	0.3909168817	0.4395747821
23.4	0.2713364985	0.3081509232	0.3489149817	0.3937477147	0.4426639679
23.5	0.2734212665	0.3104757965	0.3514914232	0.3965821191	0.4457553732
23.6	0.2755110034	0.3128054647	0.3540721967	0.3994199997	0.4488488782
23.7	0.2776056633	0.3151398690	0.3566572271	0.4022612612	0.4519443632
23.8	0.2797052003	0.3174789502	0.3592464388	0.4051058079	0.4550417085
23.9	0.2818095684	0.3198226492	0.3618397563	0.4079535443	0.4581407940
24.0	0.2839187214	0.3221709066	0.3644371041	0.4108043747	0.4612414998
24.1	0.2860326130	0.3245236631	0.3670384063	0.4136582032	0.4643437060
24.2	0.2881511969	0.3268808592	0.3696435870	0.4165149339	0.4674472924
24.3	0.2902744266	0.3292424351	0.3722525703	0.4193744708	0.4705521388
24.4	0.2924022556	0.3316083312	0.3748652801	0.4222367178	0.4736581252
24.5	0.2945346372	0.3339784876	0.3774816400	0.4251015787	0.4767651312
24.6	0.2966715247	0.3363528444	0.3801015739	0.4279689571	0.4798730367
24.7	0.2988128711	0.3387313414	0.3827250053	0.4308387567	0.4829817212
24.8	0.3009586296	0.3411139185	0.3853518577	0.4337108811	0.4860910645
24.9	0.3031087530	0.3435005154	0.3879820544	0.4365852336	0.4892009462
25.0	0.3052631942	0.3458910717	0.3906155187	0.4394617177	0.4923112459
25.1	0.3074219060	0.3482855269	0.3932521738	0.4423402367	0.4954218433
25.2	0.3095848411	0.3506838206	0.3958919427	0.4452206937	0.4985326178
25.3	0.3117519519	0.3530858919	0.3985347486	0.4481029921	0.5016434492
25.4	0.3139231910	0.3554916801	0.4011805143	0.4509870349	0.5047542169
25.5	0.3160985107	0.3579011244	0.4038291625	0.4538727252	0.5078648006
25.6	0.3182778634	0.3603141638	0.4064806161	0.4567599660	0.5109750799
25.7	0.3204612012	0.3627307372	0.4091347977	0.4596486602	0.5140849343
25.8	0.3226484763	0.3651507835	0.4117916299	0.4625387107	0.5171942436
25.9	0.3248396408	0.3675742415	0.4144510352	0.4654300204	0.5203028872
26.0	0.3270346464	0.3700010499	0.4171129360	0.4683224922	0.5234107449
26.1	0.3292334452	0.3724311472	0.4197772546	0.4712160287	0.5265176965
26.2	0.3314359889	0.3748644720	0.4224439133	0.4741105327	0.5296236215
26.3	0.3336422292	0.3773009627	0.4251128344	0.4770059069	0.5327283999
26.4	0.3358521177	0.3797405577	0.4277839400	0.4799020541	0.5358319114
26.5	0.3380656060	0.3821831953	0.4304571522	0.4827988768	0.5389340358
26.6	0.3402826455	0.3846288136	0.4331323930	0.4856962777	0.5420346532
26.7	0.3425031875	0.3870773508	0.4358095843	0.4885941594	0.5451336434
26.8	0.3447271835	0.3895287449	0.4384886481	0.4914924244	0.5482308865
26.9	0.3469545846	0.3919829340	0.4411695062	0.4943909755	0.5513262627
27.0	0.3491853419	0.3944398558	0.4438520804	0.4972897150	0.5544196521
27.1	0.3514194067	0.3968994484	0.4465362925	0.5001885457	0.5575109349
27.2	0.3536567297	0.3993616493	0.4492220641	0.5030873700	0.5605999915
27.3	0.3558972621	0.4018263965	0.4519093170	0.5059860906	0.5636867024
27.4	0.3581409546	0.4042936274	0.4545979727	0.5088846099	0.5667709480
27.5	0.3603877581	0.4067632796	0.4572879527	0.5117828306	0.5698526090
27.6	0.3626376233	0.4092352908	0.4599791787	0.5146806553	0.5729315661
27.7	0.3648905009	0.4117095983	0.4626715722	0.5175779865	0.5760077000
27.8	0.3671463413	0.4141861395	0.4653650545	0.5204747268	0.5790808917
27.9	0.3694050953	0.4166648518	0.4680595471	0.5233707789	0.5821510223
28.0	0.3716667132	0.4191456725	0.4707549715	0.5262660455	0.5852179729
28.1	0.3739311454	0.4216285388	0.4734512489	0.5291604291	0.5882816248
28.2	0.3761983423	0.4241133879	0.4761483008	0.5320538326	0.5913418594
28.3	0.3784682542	0.4266001569	0.4788460485	0.5349461587	0.5943985582
28.4	0.3807408313	0.4290887829	0.4815444132	0.5378373101	0.5974516030
28.5	0.3830160237	0.4315792030	0.4842433163	0.5407271897	0.6005008755
28.6	0.3852937815	0.4340713541	0.4869426790	0.5436157003	0.6035462577
28.7	0.3875740549	0.4365651732	0.4896424226	0.5465027449	0.6065876317
28.8	0.3898567937	0.4390605972	0.4923424683	0.5493882263	0.6096248798
28.9	0.3921419480	0.4415575630	0.4950427374	0.5522720477	0.6126578844
29.0	0.3944294676	0.4440560073	0.4977431511	0.5551541121	0.6156865281
29.1	0.3967193024	0.4465558671	0.5004436307	0.5580343225	0.6187106937
29.2	0.3990114021	0.4490570789	0.5031440973	0.5609125823	0.6217302642
29.3	0.4013057164	0.4515595796	0.5058444721	0.5637887945	0.6247451225
29.4	0.4036021952	0.4540633059	0.5085446766	0.5666628627	0.6277551521
29.5	0.4059007879	0.4565681944	0.5112446317	0.5695346901	0.6307602364
29.6	0.4082014442	0.4590741816	0.5139442588	0.5724041802	0.6337602591
29.7	0.4105041137	0.4615812043	0.5166434792	0.5752712366	0.6367551041
29.8	0.4128087458	0.4640891990	0.5193422141	0.5781357628	0.6397446554
29.9	0.4151152899	0.4665981022	0.5220403848	0.5809976627	0.6427287973
30.0	0.4174236957	0.4691078505	0.5247379125	0.5838568401	0.6457074143
