	1.530	1.540	1.550	1.560	1.570
11.1	0.0857856461	0.0990466695	0.1140247794	0.1308447517	0.1496066649
11.2	0.0855648305	0.0987895183	0.1137201911	0.1304775401	0.1491562368
11.3	0.0853410573	0.0985283677	0.1134102410	0.1301031976	0.1486963985
11.4	0.0851143924	0.0982632971	0.1130950274	0.1297218481	0.1482273099
11.5	0.0848849043	0.0979943900	0.1127746536	0.1293336225	0.1477491398
11.6	0.0846526643	0.0977217334	0.1124492278	0.1289386581	0.1472620659
11.7	0.0844177466	0.0974454179	0.1121188634	0.1285370989	0.1467662743
11.8	0.0841802278	0.0971655380	0.1117836784	0.1281290952	0.1462619600
11.9	0.0839401874	0.0968821915	0.1114437955	0.1277148039	0.1457493262
12.0	0.0836977075	0.0965954799	0.1110993425	0.1272943880	0.1452285845
12.1	0.0834528726	0.0963055082	0.1107504513	0.1268680166	0.1446999548
12.2	0.0832057701	0.0960123846	0.1103972589	0.1264358650	0.1441636647
12.3	0.0829564895	0.0957162208	0.1100399065	0.1259981145	0.1436199500
12.4	0.0827051230	0.0954171317	0.1096785396	0.1255549521	0.1430690541
12.5	0.0824517649	0.0951152356	0.1093133081	0.1251065706	0.1425112280
12.6	0.0821965122	0.0948106537	0.1089443663	0.1246531685	0.1419467301
12.7	0.0819394638	0.0945035104	0.1085718722	0.1241949495	0.1413758260
12.8	0.0816807211	0.0941939330	0.1081959883	0.1237321229	0.1407987883
12.9	0.0814203875	0.0938820517	0.1078168804	0.1232649030	0.1402158966
13.0	0.0811585684	0.0935679997	0.1074347186	0.1227935091	0.1396274369
13.1	0.0808953715	0.0932519127	0.1070496765	0.1223181656	0.1390337018
13.2	0.0806309062	0.0929339292	0.1066619311	0.1218391014	0.1384349902
13.3	0.0803652839	0.0926141901	0.1062716630	0.1213565502	0.1378316067
13.4	0.0800986176	0.0922928390	0.1058790560	0.1208707498	0.1372238620
13.5	0.0798310224	0.0919700215	0.1054842972	0.1203819424	0.1366120723
13.6	0.0795626148	0.0916458859	0.1050875767	0.1198903743	0.1359965591
13.7	0.0792935129	0.0913205824	0.1046890874	0.1193962956	0.1353776488
13.8	0.0790238363	0.0909942632	0.1042890252	0.1188999601	0.1347556730
13.9	0.0787537062	0.0906670826	0.1038875885	0.1184016252	0.1341309677
14.0	0.0784832450	0.0903391968	0.1034849781	0.1179015514	0.1335038732
14.1	0.0782125763	0.0900107635	0.1030813974	0.1174000025	0.1328747339
14.2	0.0779418251	0.0896819423	0.1026770517	0.1168972453	0.1322438983
14.3	0.0776711171	0.0893528942	0.1022721487	0.1163935492	0.1316117181
14.4	0.0774005795	0.0890237815	0.1018668978	0.1158891862	0.1309785485
14.5	0.0771303401	0.0886947679	0.1014615101	0.1153844305	0.1303447476
14.6	0.0768605276	0.0883660183	0.1010561985	0.1148795586	0.1297106764
14.7	0.0765912713	0.0880376985	0.1006511771	0.1143748488	0.1290766982
14.8	0.0763227015	0.0877099754	0.1002466615	0.1138705813	0.1284431785
14.9	0.0760549488	0.0873830167	0.0998428684	0.1133670374	0.1278104850
15.0	0.0757881442	0.0870569907	0.0994400152	0.1128645001	0.1271789866
15.1	0.0755224193	0.0867320662	0.0990383205	0.1123632533	0.1265490538
15.2	0.0752579059	0.0864084126	0.0986380032	0.1118635816	0.1259210579
15.3	0.0749947358	0.0860861996	0.0982392829	0.1113657704	0.1252953713
15.4	0.0747330411	0.0857655971	0.0978423794	0.1108701055	0.1246723666
15.5	0.0744729538	0.0854467749	0.0974475125	0.1103768728	0.1240524166
15.6	0.0742146060	0.0851299029	0.0970549023	0.1098863583	0.1234358940
15.7	0.0739581292	0.0848151508	0.0966647684	0.1093988475	0.1228231710
15.8	0.0737036551	0.0845026880	0.0962773303	0.1089146257	0.1222146192
15.9	0.0734513145	0.0841926835	0.0958928068	0.1084339773	0.1216106092
16.0	0.0732012382	0.0838853055	0.0955114160	0.1079571859	0.1210115100
16.1	0.0729535562	0.0835807219	0.0951333752	0.1074845339	0.1204176894
16.2	0.0727083977	0.0832790994	0.0947589007	0.1070163024	0.1198295131
16.3	0.0724658913	0.0829806040	0.0943882075	0.1065527708	0.1192473445
16.4	0.0722261648	0.0826854007	0.0940215094	0.1060942168	0.1186715448
16.5	0.0719893448	0.0823936531	0.0936590186	0.1056409160	0.1181024721
16.6	0.0717555572	0.0821055235	0.0933009455	0.1051931418	0.1175404817
16.7	0.0715249265	0.0818211729	0.0929474987	0.1047511651	0.1169859255
16.8	0.0712975759	0.0815407608	0.0925988850	0.1043152543	0.1164391517
16.9	0.0710736276	0.0812644448	0.0922553088	0.1038856748	0.1159005047
17.0	0.0708532020	0.0809923809	0.0919169722	0.1034626888	0.1153703246
17.1	0.0706364183	0.0807247230	0.0915840748	0.1030465553	0.1148489471
17.2	0.0704233940	0.0804616231	0.0912568137	0.1026375300	0.1143367032
17.3	0.0702142448	0.0802032311	0.0909353831	0.1022358644	0.1138339188
17.4	0.0700090849	0.0799496944	0.0906199741	0.1018418067	0.1133409147
17.5	0.0698080263	0.0797011583	0.0903107751	0.1014556005	0.1128580061
17.6	0.0696111794	0.0794577654	0.0900079707	0.1010774853	0.1123855024
17.7	0.0694186522	0.0792196559	0.0897117427	0.1007076962	0.1119237069
17.8	0.0692305511	0.0789869670	0.0894222689	0.1003464634	0.1114729169
17.9	0.0690469798	0.0787598335	0.0891397237	0.0999940125	0.1110334228
18.0	0.0688680402	0.0785383869	0.0888642776	0.0996505639	0.1106055086
18.1	0.0686938314	0.0783227558	0.0885960972	0.0993163327	0.1101894511
18.2	0.0685244504	0.0781130658	0.0883353449	0.0989915288	0.1097855200
18.3	0.0683599917	0.0779094393	0.0880821789	0.0986763564	0.1093939774
18.4	0.0682005471	0.0777119951	0.0878367534	0.0983710141	0.1090150781
18.5	0.0680462059	0.0775208489	0.0875992177	0.0980756946	0.1086490687
18.6	0.0678970546	0.0773361127	0.0873697168	0.0977905844	0.1082961880
18.7	0.0677531770	0.0771578953	0.0871483910	0.0975158641	0.1079566663
18.8	0.0676146541	0.0769863012	0.0869353758	0.0972517076	0.1076307257
18.9	0.0674815640	0.0768214319	0.0867308017	0.0969982827	0.1073185797
19.0	0.0673539818	0.0766633844	0.0865347942	0.0967557504	0.1070204327
19.1	0.0672319795	0.0765122523	0.0863474739	0.0965242650	0.1067364804
19.2	0.0671156264	0.0763681249	0.0861689559	0.0963039738	0.1064669094
19.3	0.0670049883	0.0762310877	0.0859993504	0.0960950175	0.1062118969
19.4	0.0669001281	0.0761012220	0.0858387618	0.0958975292	0.1059716107
19.5	0.0668011052	0.0759786048	0.0856872894	0.0957116353	0.1057462092
19.6	0.0667079762	0.0758633091	0.0855450268	0.0955374545	0.1055358410
19.7	0.0666207939	0.0757554036	0.0854120618	0.0953750984	0.1053406448
19.8	0.0665396082	0.0756549524	0.0852884769	0.0952246708	0.1051607494
19.9	0.0664644652	0.0755620154	0.0851743486	0.0950862683	0.1049962739
20.0	0.0663954079	0.0754766481	0.0850697477	0.0949599796	0.1048473268
20.1	0.0663324759	0.0753989015	0.0849747390	0.0948458857	0.1047140068
20.2	0.0662757050	0.0753288220	0.0848893816	0.0947440600	0.1045964019
20.3	0.0662251277	0.0752664515	0.0848137285	0.0946545677	0.1044945901
20.4	0.0661807731	0.0752118273	0.0847478266	0.0945774664	0.1044086388
20.5	0.0661426664	0.0751649821	0.0846917169	0.0945128056	0.1043386050
20.6	0.0661108296	0.0751259438	0.0846454344	0.0944606271	0.1042845349
20.7	0.0660852809	0.0750947360	0.0846090078	0.0944209643	0.1042464646
20.8	0.0660660349	0.0750713773	0.0845824598	0.0943938427	0.1042244192
20.9	0.0660531027	0.0750558816	0.0845658069	0.0943792798	0.1042184132
21.0	0.0660464917	0.0750482583	0.0845590594	0.0943772849	0.1042284508
21.1	0.0660462057	0.0750485119	0.0845622217	0.0943878594	0.1042545252
21.2	0.0660522449	0.0750566423	0.0845752916	0.0944109965	0.1042966192
21.3	0.0660646058	0.0750726446	0.0845982611	0.0944466812	0.1043547049
21.4	0.0660832812	0.0750965093	0.0846311159	0.0944948906	0.1044287437
21.5	0.0661082605	0.0751282219	0.0846738355	0.0945555937	0.1045186866
21.6	0.0661395294	0.0751677636	0.0847263934	0.0946287514	0.1046244741
21.7	0.0661770700	0.0752151106	0.0847887568	0.0947143167	0.1047460361
21.8	0.0662208607	0.0752702347	0.0848608870	0.0948122346	0.1048832920
21.9	0.0662708764	0.0753331027	0.0849427392	0.0949224423	0.1050361512
22.0	0.0663270885	0.0754036772	0.0850342625	0.0950448688	0.1052045125
22.1	0.0663894649	0.0754819160	0.0851354001	0.0951794358	0.1053882646
22.2	0.0664579699	0.0755677723	0.0852460892	0.0953260567	0.1055872862
22.3	0.0665325642	0.0756611948	0.0853662612	0.0954846377	0.1058014459
22.4	0.0666132054	0.0757621279	0.0854958416	0.0956550771	0.1060306024
22.5	0.0666998475	0.0758705113	0.0856347502	0.0958372659	0.1062746047
22.6	0.0667924409	0.0759862805	0.0857829010	0.0960310875	0.1065332920
22.7	0.0668909331	0.0761093666	0.0859402024	0.0962364181	0.1068064942
22.8	0.0669952679	0.0762396965	0.0861065574	0.0964531265	0.1070940316
22.9	0.0671053861	0.0763771927	0.0862818632	0.0966810746	0.1073957155
23.0	0.0672212251	0.0765217738	0.0864660118	0.0969201171	0.1077113478
23.1	0.0673427193	0.0766733539	0.0866588898	0.0971701019	0.1080407219
23.2	0.0674697999	0.0768318435	0.0868603787	0.0974308701	0.1083836220
23.3	0.0676023950	0.0769971489	0.0870703548	0.0977022560	0.1087398241
23.4	0.0677404298	0.0771691725	0.0872886892	0.0979840878	0.1091090956
23.5	0.0678838265	0.0773478129	0.0875152482	0.0982761869	0.1094911958
23.6	0.0680325043	0.0775329651	0.0877498933	0.0985783686	0.1098858759
23.7	0.0681863797	0.0777245202	0.0879924813	0.0988904421	0.1102928795
23.8	0.0683453665	0.0779223660	0.0882428643	0.0992122109	0.1107119423
23.9	0.0685093755	0.0781263867	0.0885008899	0.0995434724	0.1111427930
24.0	0.0686783152	0.0783364629	0.0887664013	0.0998840186	0.1115851528
24.1	0.0688520914	0.0785524722	0.0890392377	0.1002336359	0.1120387362
24.2	0.0690306074	0.0787742890	0.0893192339	0.1005921055	0.1125032509
24.3	0.0692137640	0.0790017842	0.0896062208	0.1009592036	0.1129783983
24.4	0.0694014598	0.0792348262	0.0899000255	0.1013347014	0.1134638733
24.5	0.0695935910	0.0794732801	0.0902004712	0.1017183653	0.1139593651
24.6	0.0697900517	0.0797170084	0.0905073779	0.1021099572	0.1144645571
24.7	0.0699907340	0.0799658708	0.0908205616	0.1025092347	0.1149791272
24.8	0.0701955277	0.0802197245	0.0911398355	0.1029159512	0.1155027482
24.9	0.0704043208	0.0804784242	0.0914650094	0.1033298561	0.1160350879
25.0	0.0706169994	0.0807418221	0.0917958901	0.1037506951	0.1165758094
25.1	0.0708334480	0.0810097683	0.0921322817	0.1041782101	0.1171245716
25.2	0.0710535491	0.0812821107	0.0924739854	0.1046121400	0.1176810289
25.3	0.0712771838	0.0815586952	0.0928208000	0.1050522203	0.1182448324
25.4	0.0715042317	0.0818393657	0.0931725219	0.1054981837	0.1188156292
25.5	0.0717345709	0.0821239644	0.0935289451	0.1059497599	0.1193930633
25.6	0.0719680782	0.0824123318	0.0938898618	0.1064066763	0.1199767757
25.7	0.0722046291	0.0827043068	0.0942550621	0.1068686581	0.1205664048
25.8	0.0724440980	0.0829997271	0.0946243345	0.1073354281	0.1211615864
25.9	0.0726863582	0.0832984288	0.0949974656	0.1078067074	0.1217619544
26.0	0.0729312822	0.0836002469	0.0953742410	0.1082822155	0.1223671406
26.1	0.0731787414	0.0839050156	0.0957544448	0.1087616703	0.1229767756
26.2	0.0734286065	0.0842125677	0.0961378600	0.1092447887	0.1235904884
26.3	0.0736807476	0.0845227356	0.0965242689	0.1097312865	0.1242079074
26.4	0.0739350343	0.0848353509	0.0969134527	0.1102208786	0.1248286602
26.5	0.0741913353	0.0851502446	0.0973051923	0.1107132795	0.1254523739
26.6	0.0744495194	0.0854672473	0.0976992681	0.1112082034	0.1260786759
26.7	0.0747094548	0.0857861892	0.0980954602	0.1117053644	0.1267071935
26.8	0.0749710096	0.0861069006	0.0984935486	0.1122044765	0.1273375547
26.9	0.0752340517	0.0864292115	0.0988933134	0.1127052543	0.1279693882
27.0	0.0754984491	0.0867529520	0.0992945351	0.1132074128	0.1286023240
27.1	0.0757640699	0.0870779525	0.0996969944	0.1137106678	0.1292359934
27.2	0.0760307822	0.0874040437	0.1001004726	0.1142147363	0.1298700293
27.3	0.0762984546	0.0877310567	0.1005047519	0.1147193361	0.1305040667
27.4	0.0765669559	0.0880588232	0.1009096152	0.1152241867	0.1311377428
27.5	0.0768361554	0.0883871756	0.1013148466	0.1157290094	0.1317706973
27.6	0.0771059230	0.0887159473	0.1017202314	0.1162335268	0.1324025729
27.7	0.0773761291	0.0890449722	0.1021255563	0.1167374642	0.1330330152
27.8	0.0776466451	0.0893740857	0.1025306094	0.1172405487	0.1336616732
27.9	0.0779173428	0.0897031241	0.1029351808	0.1177425101	0.1342881995
28.0	0.0781880954	0.0900319251	0.1033390621	0.1182430808	0.1349122507
28.1	0.0784587767	0.0903603279	0.1037420472	0.1187419960	0.1355334876
28.2	0.0787292617	0.0906881731	0.1041439319	0.1192389942	0.1361515751
28.3	0.0789994268	0.0910153029	0.1045445144	0.1197338168	0.1367661832
28.4	0.0792691494	0.0913415613	0.1049435955	0.1202262091	0.1373769864
28.5	0.0795383082	0.0916667942	0.1053409784	0.1207159195	0.1379836646
28.6	0.0798067835	0.0919908494	0.1057364690	0.1212027008	0.1385859030
28.7	0.0800744570	0.0923135769	0.1061298763	0.1216863093	0.1391833924
28.8	0.0803412120	0.0926348286	0.1065210120	0.1221665057	0.1397758296
28.9	0.0806069334	0.0929544589	0.1069096912	0.1226430552	0.1403629173
29.0	0.0808715080	0.0932723245	0.1072957320	0.1231157272	0.1409443645
29.1	0.0811348241	0.0935882846	0.1076789562	0.1235842959	0.1415198868
29.2	0.0813967722	0.0939022009	0.1080591887	0.1240485404	0.1420892063
29.3	0.0816572445	0.0942139378	0.1084362585	0.1245082447	0.1426520522
29.4	0.0819161353	0.0945233624	0.1088099980	0.1249631980	0.1432081607
29.5	0.0821733411	0.0948303446	0.1091802435	0.1254131947	0.1437572753
29.6	0.0824287603	0.0951347573	0.1095468354	0.1258580348	0.1442991467
29.7	0.0826822937	0.0954364762	0.1099096180	0.1262975235	0.1448335336
29.8	0.0829338443	0.0957353804	0.1102684400	0.1267314721	0.1453602021
29.9	0.0831833173	0.0960313519	0.1106231541	0.1271596973	0.1458789266
30.0	0.0834306205	0.0963242759	0.1109736174	0.1275820221	0.1463894892
30.1	0.0836756640	0.0966140409	0.1113196917	0.1279982753	0.1468916804
30.2	0.0839183604	0.0969005390	0.1116612430	0.1284082919	0.1473852992
30.3	0.0841586248	0.0971836652	0.1119981422	0.1288119131	0.1478701527
30.4	0.0843963749	0.0974633186	0.1123302646	0.1292089866	0.1483460569
30.5	0.0846315311	0.0977394012	0.1126574905	0.1295993662	0.1488128364
30.6	0.0848640162	0.0980118191	0.1129797049	0.1299829127	0.1492703245
30.7	0.0850937562	0.0982804818	0.1132967977	0.1303594929	0.1497183636
30.8	0.0853206792	0.0985453024	0.1136086638	0.1307289808	0.1501568048
30.9	0.0855447166	0.0988061979	0.1139152030	0.1310912569	0.1505855085
31.0	0.0857658023	0.0990630889	0.1142163203	0.1314462083	0.1510043441
31.1	0.0859838732	0.0993159000	0.1145119257	0.1317937293	0.1514131903
31.2	0.0861988690	0.0995645593	0.1148019344	0.1321337209	0.1518119348
31.3	0.0864107322	0.0998089993	0.1150862666	0.1324660910	0.1522004747
31.4	0.0866194083	0.1000491557	0.1153648479	0.1327907545	0.1525787165
31.5	0.0868248457	0.1002849687	0.1156376090	0.1331076333	0.1529465760
31.6	0.0870269957	0.1005163822	0.1159044860	0.1334166564	0.1533039782
31.7	0.0872258126	0.1007433439	0.1161654202	0.1337177596	0.1536508576
31.8	0.0874212538	0.1009658057	0.1164203581	0.1340108860	0.1539871581
31.9	0.0876132793	0.1011837233	0.1166692515	0.1342959856	0.1543128328
32.0	0.0878018524	0.1013970565	0.1169120577	0.1345730155	0.1546278443
32.1	0.0879869393	0.1016057690	0.1171487390	0.1348419398	0.1549321645
32.2	0.0881685091	0.1018098285	0.1173792631	0.1351027295	0.1552257744
32.3	0.0883465340	0.1020092065	0.1176036031	0.1353553628	0.1555086645
32.4	0.0885209891	0.1022038788	0.1178217372	0.1355998248	0.1557808343
32.5	0.0886918523	0.1023938248	0.1180336488	0.1358361074	0.1560422926
32.6	0.0888591049	0.1025790280	0.1182393267	0.1360642096	0.1562930571
32.7	0.0890227307	0.1027594758	0.1184387647	0.1362841372	0.1565331545
32.8	0.0891827166	0.1029351595	0.1186319619	0.1364959025	0.1567626207
32.9	0.0893390524	0.1031060742	0.1188189224	0.1366995250	0.1569815001
33.0	0.0894917308	0.1032722188	0.1189996553	0.1368950305	0.1571898459
33.1	0.0896407474	0.1034335961	0.1191741749	0.1370824517	0.1573877201
33.2	0.0897861006	0.1035902126	0.1193425003	0.1372618274	0.1575751929
33.3	0.0899277916	0.1037420786	0.1195046557	0.1374332033	0.1577523433
33.4	0.0900658243	0.1038892079	0.1196606700	0.1375966313	0.1579192582
33.5	0.0902002054	0.1040316181	0.1198105769	0.1377521693	0.1580760327
33.6	0.0903309446	0.1041693303	0.1199544147	0.1378998818	0.1582227701
33.7	0.0904580538	0.1043023692	0.1200922267	0.1380398389	0.1583595813
33.8	0.0905815479	0.1044307630	0.1202240604	0.1381721172	0.1584865851
33.9	0.0907014442	0.1045545432	0.1203499680	0.1382967986	0.1586039075
34.0	0.0908177626	0.1046737448	0.1204700059	0.1384139710	0.1587116821
34.1	0.0909305256	0.1047884059	0.1205842351	0.1385237278	0.1588100498
34.2	0.0910397580	0.1048985680	0.1206927205	0.1386261681	0.1588991581
34.3	0.0911454872	0.1050042758	0.1207955314	0.1387213959	0.1589791616
34.4	0.0912477427	0.1051055769	0.1208927410	0.1388095208	0.1590502215
34.5	0.0913465566	0.1052025220	0.1209844264	0.1388906572	0.1591125052
34.6	0.0914419630	0.1052951649	0.1210706685	0.1389649246	0.1591661867
34.7	0.0915339983	0.1053835620	0.1211515520	0.1390324471	0.1592114456
34.8	0.0916227011	0.1054677726	0.1212271652	0.1390933534	0.1592484675
34.9	0.0917081119	0.1055478588	0.1212975998	0.1391477767	0.1592774436
35.0	0.0917902732	0.1056238851	0.1213629509	0.1391958546	0.1592985703
35.1	0.0918692298	0.1056959186	0.1214233168	0.1392377286	0.1593120492
35.2	0.0919450278	0.1057640289	0.1214787990	0.1392735443	0.1593180868
35.3	0.0920177157	0.1058282880	0.1215295020	0.1393034510	0.1593168943
35.4	0.0920873432	0.1058887699	0.1215755331	0.1393276017	0.1593086871
35.5	0.0921539621	0.1059455509	0.1216170024	0.1393461526	0.1592936850
35.6	0.0922176256	0.1059987094	0.1216540226	0.1393592634	0.1592721116
35.7	0.0922783883	0.1060483256	0.1216867087	0.1393670968	0.1592441942
35.8	0.0923363066	0.1060944818	0.1217151784	0.1393698182	0.1592101635
35.9	0.0923914380	0.1061372619	0.1217395512	0.1393675959	0.1591702535
36.0	0.0924438414	0.1061767514	0.1217599490	0.1393606006	0.1591247007
36.1	0.0924935769	0.1062130374	0.1217764954	0.1393490053	0.1590737448
36.2	0.0925407057	0.1062462084	0.1217893158	0.1393329852	0.1590176274
36.3	0.0925852901	0.1062763544	0.1217985373	0.1393127173	0.1589565925
36.4	0.0926273936	0.1063035665	0.1218042884	0.1392883804	0.1588908859
36.5	0.0926670803	0.1063279369	0.1218066991	0.1392601549	0.1588207550
36.6	0.0927044152	0.1063495589	0.1218059005	0.1392282223	0.1587464483
36.7	0.0927394642	0.1063685266	0.1218020247	0.1391927655	0.1586682158
36.8	0.0927722938	0.1063849350	0.1217952048	0.1391539681	0.1585863079
36.9	0.0928029710	0.1063988797	0.1217855745	0.1391120146	0.1585009756
37.0	0.0928315635	0.1064104570	0.1217732683	0.1390670900	0.1584124703
37.1	0.0928581392	0.1064197636	0.1217584211	0.1390193796	0.1583210433
37.2	0.0928827666	0.1064268964	0.1217411680	0.1389690688	0.1582269456
37.3	0.0929055141	0.1064319528	0.1217216444	0.1389163431	0.1581304276
37.4	0.0929264507	0.1064350302	0.1216999855	0.1388613875	0.1580317391
37.5	0.0929456452	0.1064362261	0.1216763268	0.1388043868	0.1579311286
37.6	0.0929631667	0.1064356379	0.1216508030	0.1387455250	0.1578288435
37.7	0.0929790838	0.1064333627	0.1216235487	0.1386849852	0.1577251293
37.8	0.0929934655	0.1064294974	0.1215946979	0.1386229497	0.1576202300
37.9	0.0930063802	0.1064241385	0.1215643837	0.1385595992	0.1575143871
38.0	0.0930178961	0.1064173820	0.1215327386	0.1384951132	0.1574078402
38.1	0.0930280811	0.1064093232	0.1214998939	0.1384296697	0.1573008260
38.2	0.0930370025	0.1064000568	0.1214659799	0.1383634447	0.1571935785
38.3	0.0930447273	0.1063896765	0.1214311255	0.1382966123	0.1570863283
38.4	0.0930513217	0.1063782753	0.1213954582	0.1382293443	0.1569793031
38.5	0.0930568512	0.1063659450	0.1213591040	0.1381618104	0.1568727268
38.6	0.0930613807	0.1063527762	0.1213221872	0.1380941776	0.1567668195
38.7	0.0930649741	0.1063388586	0.1212848303	0.1380266102	0.1566617974
38.8	0.0930676945	0.1063242801	0.1212471538	0.1379592697	0.1565578722
38.9	0.0930696041	0.1063091276	0.1212092761	0.1378923147	0.1564552515
39.0	0.0930707639	0.1062934863	0.1211713137	0.1378259002	0.1563541378
39.1	0.0930712338	0.1062774397	0.1211333802	0.1377601782	0.1562547292
39.2	0.0930710727	0.1062610699	0.1210955874	0.1376952972	0.1561572182
39.3	0.0930703381	0.1062444569	0.1210580440	0.1376314017	0.1560617924
39.4	0.0930690862	0.1062276789	0.1210208564	0.1375686326	0.1559686338
39.5	0.0930673718	0.1062108124	0.1209841281	0.1375071270	0.1558779186
39.6	0.0930652484	0.1061939314	0.1209479596	0.1374470175	0.1557898174
39.7	0.0930627679	0.1061771083	0.1209124485	0.1373884327	0.1557044945
39.8	0.0930599808	0.1061604128	0.1208776894	0.1373314969	0.1556221082
39.9	0.0930569357	0.1061439128	0.1208437734	0.1372763297	0.1555428105
40.0	0.0930536799	0.1061276736	0.1208107888	0.1372230462	0.1554667467
40.1	0.0930502587	0.1061117580	0.1207788200	0.1371717567	0.1553940556
40.2	0.0930467158	0.1060962265	0.1207479482	0.1371225667	0.1553248691
40.3	0.0930430932	0.1060811371	0.1207182510	0.1370755767	0.1552593124
40.4	0.0930394306	0.1060665451	0.1206898024	0.1370308820	0.1551975032
40.5	0.0930357664	0.1060525031	0.1206626726	0.1369885730	0.1551395525
40.6	0.0930321366	0.1060390610	0.1206369281	0.1369487347	0.1550855637
40.7	0.0930285755	0.1060262660	0.1206126315	0.1369114467	0.1550356330
40.8	0.0930251152	0.1060141625	0.1205898416	0.1368767833	0.1549898489
40.9	0.0930217859	0.1060027920	0.1205686129	0.1368448132	0.1549482925
41.0	0.0930186156	0.1059921929	0.1205489962	0.1368155996	0.1549110372
41.1	0.0930156302	0.1059824010	0.1205310380	0.1367892000	0.1548781487
41.2	0.0930128536	0.1059734488	0.1205147809	0.1367656662	0.1548496846
41.3	0.0930103073	0.1059653659	0.1205002630	0.1367450443	0.1548256951
41.4	0.0930080109	0.1059581790	0.1204875185	0.1367273747	0.1548062221
41.5	0.0930059814	0.1059519114	0.1204765771	0.1367126917	0.1547912998
41.6	0.0930042340	0.1059465835	0.1204674644	0.1367010239	0.1547809543
41.7	0.0930027813	0.1059422127	0.1204602015	0.1366923941	0.1547752036
41.8	0.0930016339	0.1059388129	0.1204548052	0.1366868190	0.1547740577
41.9	0.0930008000	0.1059363951	0.1204512882	0.1366843093	0.1547775188
42.0	0.0930002854	0.1059349670	0.1204496585	0.1366848701	0.1547855807
42.1	0.0930000939	0.1059345332	0.1204499199	0.1366885002	0.1547982294
42.2	0.0930002268	0.1059350952	0.1204520718	0.1366951925	0.1548154427
42.3	0.0930006831	0.1059366510	0.1204561092	0.1367049340	0.1548371905
42.4	0.0930014597	0.1059391958	0.1204620228	0.1367177059	0.1548634348
42.5	0.0930025510	0.1059427214	0.1204697989	0.1367334833	0.1548941294
42.6	0.0930039491	0.1059472163	0.1204794194	0.1367522355	0.1549292205
42.7	0.0930056441	0.1059526662	0.1204908619	0.1367739258	0.1549686462
42.8	0.0930076236	0.1059590534	0.1205040997	0.1367985119	0.1550123372
42.9	0.0930098730	0.1059663571	0.1205191018	0.1368259455	0.1550602160
43.0	0.0930123755	0.1059745535	0.1205358331	0.1368561728	0.1551121980
43.1	0.0930151120	0.1059836155	0.1205542541	0.1368891341	0.1551681906
43.2	0.0930180613	0.1059935133	0.1205743212	0.1369247643	0.1552280940
43.3	0.0930212000	0.1060042138	0.1205959866	0.1369629926	0.1552918011
43.4	0.0930245026	0.1060156810	0.1206191987	0.1370037428	0.1553591974
43.5	0.0930279414	0.1060278759	0.1206439015	0.1370469332	0.1554301614
43.6	0.0930314866	0.1060407568	0.1206700353	0.1370924769	0.1555045646
43.7	0.0930351064	0.1060542788	0.1206975364	0.1371402817	0.1555822716
43.8	0.0930387670	0.1060683945	0.1207263372	0.1371902504	0.1556631402
43.9	0.0930424326	0.1060830536	0.1207563666	0.1372422806	0.1557470219
44.0	0.0930460654	0.1060982031	0.1207875495	0.1372962651	0.1558337614
44.1	0.0930496258	0.1061137873	0.1208198074	0.1373520918	0.1559231974
44.2	0.0930530721	0.1061297480	0.1208530581	0.1374096439	0.1560151624
44.3	0.0930563612	0.1061460245	0.1208872160	0.1374688002	0.1561094829
44.4	0.0930594478	0.1061625534	0.1209221922	0.1375294347	0.1562059798
44.5	0.0930622852	0.1061792691	0.1209578946	0.1375914174	0.1563044684
44.6	0.0930648248	0.1061961037	0.1209942277	0.1376546139	0.1564047584
44.7	0.0930670165	0.1062129868	0.1210310932	0.1377188859	0.1565066546
44.8	0.0930688088	0.1062298462	0.1210683896	0.1377840910	0.1566099566
44.9	0.0930701484	0.1062466072	0.1211060126	0.1378500833	0.1567144593
45.0	0.0930709807	0.1062631934	0.1211438553	0.1379167130	0.1568199531
45.1	0.0930712498	0.1062795261	0.1211818081	0.1379838269	0.1569262239
45.2	0.0930708982	0.1062955251	0.1212197586	0.1380512688	0.1570330536
45.3	0.0930698676	0.1063111082	0.1212575923	0.1381188789	0.1571402201
45.4	0.0930680981	0.1063261916	0.1212951924	0.1381864948	0.1572474976
45.5	0.0930655289	0.1063406898	0.1213324398	0.1382539511	0.1573546569
45.6	0.0930620980	0.1063545160	0.1213692134	0.1383210798	0.1574614657
45.7	0.0930577425	0.1063675819	0.1214053903	0.1383877105	0.1575676884
45.8	0.0930523987	0.1063797977	0.1214408456	0.1384536704	0.1576730871
45.9	0.0930460017	0.1063910726	0.1214754529	0.1385187847	0.1577774211
46.0	0.0930384863	0.1064013146	0.1215090844	0.1385828766	0.1578804477
46.1	0.0930297862	0.1064104308	0.1215416106	0.1386457678	0.1579819219
46.2	0.0930198347	0.1064183272	0.1215729010	0.1387072781	0.1580815974
46.3	0.0930085645	0.1064249090	0.1216028240	0.1387672263	0.1581792261
46.4	0.0929959078	0.1064300810	0.1216312469	0.1388254296	0.1582745588
46.5	0.0929817965	0.1064337469	0.1216580363	0.1388817048	0.1583673456
46.6	0.0929661621	0.1064358103	0.1216830581	0.1389358674	0.1584573355
46.7	0.0929489359	0.1064361743	0.1217061776	0.1389877326	0.1585442774
46.8	0.0929300490	0.1064347415	0.1217272598	0.1390371152	0.1586279199
46.9	0.0929094326	0.1064314147	0.1217461694	0.1390838297	0.1587080119
47.0	0.0928870177	0.1064260964	0.1217627711	0.1391276907	0.1587843025
47.1	0.0928627354	0.1064186891	0.1217769295	0.1391685130	0.1588565415
47.2	0.0928365171	0.1064090955	0.1217885096	0.1392061117	0.1589244797
47.3	0.0928082944	0.1063972188	0.1217973765	0.1392403027	0.1589878690
47.4	0.0927779992	0.1063829621	0.1218033961	0.1392709025	0.1590464629
47.5	0.0927455638	0.1063662295	0.1218064346	0.1392977289	0.1591000164
47.6	0.0927109211	0.1063469253	0.1218063594	0.1393206005	0.1591482867
47.7	0.0926740045	0.1063249546	0.1218030384	0.1393393377	0.1591910331
47.8	0.0926347480	0.1063002235	0.1217963410	0.1393537622	0.1592280175
47.9	0.0925930864	0.1062726387	0.1217861376	0.1393636977	0.1592590046
48.0	0.0925489553	0.1062421082	0.1217723001	0.1393689698	0.1592837620
48.1	0.0925022913	0.1062085410	0.1217547017	0.1393694063	0.1593020608
48.2	0.0924530318	0.1061718474	0.1217332175	0.1393648373	0.1593136753
48.3	0.0924011154	0.1061319390	0.1217077244	0.1393550956	0.1593183840
48.4	0.0923464818	0.1060887289	0.1216781012	0.1393400167	0.1593159693
48.5	0.0922890718	0.1060421318	0.1216442289	0.1393194390	0.1593062176
48.6	0.0922288277	0.1059920639	0.1216059904	0.1392932041	0.1592889203
48.7	0.0921656929	0.1059384434	0.1215632714	0.1392611569	0.1592638733
48.8	0.0920996125	0.1058811901	0.1215159599	0.1392231457	0.1592308775
48.9	0.0920305329	0.1058202260	0.1214639466	0.1391790226	0.1591897391
49.0	0.0919584023	0.1057554751	0.1214071249	0.1391286435	0.1591402697
49.1	0.0918831703	0.1056868635	0.1213453912	0.1390718682	0.1590822867
49.2	0.0918047885	0.1056143197	0.1212786448	0.1390085608	0.1590156132
49.3	0.0917232100	0.1055377743	0.1212067882	0.1389385897	0.1589400787
49.4	0.0916383901	0.1054571605	0.1211297274	0.1388618278	0.1588555187
49.5	0.0915502858	0.1053724142	0.1210473715	0.1387781527	0.1587617754
49.6	0.0914588561	0.1052834735	0.1209596332	0.1386874467	0.1586586976
49.7	0.0913640621	0.1051902797	0.1208664289	0.1385895972	0.1585461413
49.8	0.0912658671	0.1050927766	0.1207676787	0.1384844967	0.1584239691
49.9	0.0911642364	0.1049909107	0.1206633066	0.1383720427	0.1582920513
50.0	0.0910591377	0.1048846320	0.1205532404	0.1382521385	0.1581502653
