z[um]	w[um]	pcm(0:si, 1:cpcm, 2:apcm)
0.0000000000 0.4200000000 1
0.1000000000 0.4200187500 1
0.2000000000 0.4200375000 1
0.3000000000 0.4200562500 1
0.4000000000 0.4200750000 1
0.5000000000 0.4200937500 1
0.6000000000 0.4201125000 1
0.7000000000 0.4201312500 1
0.8000000000 0.4201500000 1
0.9000000000 0.4201687500 1
1.0000000000 0.4201875000 1
1.1000000000 0.4202062500 1
1.2000000000 0.4202250000 1
1.3000000000 0.4202437500 1
1.4000000000 0.4202625000 1
1.5000000000 0.4202812500 1
1.6000000000 0.4203000000 1
1.7000000000 0.4203187500 1
1.8000000000 0.4203375000 1
1.9000000000 0.4203562500 1
2.0000000000 0.4203750000 1
2.1000000000 0.4203937500 1
2.2000000000 0.4204125000 1
2.3000000000 0.4204312500 1
2.4000000000 0.4204500000 1
2.5000000000 0.4204687500 1
2.6000000000 0.4204875000 1
2.7000000000 0.4205062500 1
2.8000000000 0.4205250000 1
2.9000000000 0.4205437500 1
3.0000000000 0.4205625000 1
3.1000000000 0.4205812500 1
3.2000000000 0.4206000000 1
3.3000000000 0.4206187500 1
3.4000000000 0.4206375000 1
3.5000000000 0.4206562500 1
3.6000000000 0.4206750000 1
3.7000000000 0.4206937500 1
3.8000000000 0.4207125000 1
3.9000000000 0.4207312500 1
4.0000000000 0.4207500000 1
4.1000000000 0.4207687500 1
4.2000000000 0.4207875000 1
4.3000000000 0.4208062500 1
4.4000000000 0.4208250000 1
4.5000000000 0.4208437500 1
4.6000000000 0.4208625000 1
4.7000000000 0.4208812500 1
4.8000000000 0.4209000000 1
4.9000000000 0.4209187500 1
5.0000000000 0.4209375000 1
5.1000000000 0.4209562500 1
5.2000000000 0.4209750000 1
5.3000000000 0.4209937500 1
5.4000000000 0.4210125000 1
5.5000000000 0.4210312500 1
5.6000000000 0.4210500000 1
5.7000000000 0.4210687500 1
5.8000000000 0.4210875000 1
5.9000000000 0.4211062500 1
6.0000000000 0.4211250000 1
6.1000000000 0.4211437500 1
6.2000000000 0.4211625000 1
6.3000000000 0.4211812500 1
6.4000000000 0.4212000000 1
6.5000000000 0.4212187500 1
6.6000000000 0.4212375000 1
6.7000000000 0.4212562500 1
6.8000000000 0.4212750000 1
6.9000000000 0.4212937500 1
7.0000000000 0.4213125000 1
7.1000000000 0.4213312500 1
7.2000000000 0.4213500000 1
7.3000000000 0.4213687500 1
7.4000000000 0.4213875000 1
7.5000000000 0.4214062500 1
7.6000000000 0.4214250000 1
7.7000000000 0.4214437500 1
7.8000000000 0.4214625000 1
7.9000000000 0.4214812500 1
8.0000000000 0.4215000000 1
8.1000000000 0.4215187500 1
8.2000000000 0.4215375000 1
8.3000000000 0.4215562500 1
8.4000000000 0.4215750000 1
8.5000000000 0.4215937500 1
8.6000000000 0.4216125000 1
8.7000000000 0.4216312500 1
8.8000000000 0.4216500000 1
8.9000000000 0.4216687500 1
9.0000000000 0.4216875000 1
9.1000000000 0.4217062500 1
9.2000000000 0.4217250000 1
9.3000000000 0.4217437500 1
9.4000000000 0.4217625000 1
9.5000000000 0.4217812500 1
9.6000000000 0.4218000000 1
9.7000000000 0.4218187500 1
9.8000000000 0.4218375000 1
9.9000000000 0.4218562500 1
10.0000000000 0.4218750000 1
10.1000000000 0.4218937500 1
10.2000000000 0.4219125000 1
10.3000000000 0.4219312500 1
10.4000000000 0.4219500000 1
10.5000000000 0.4219687500 1
10.6000000000 0.4219875000 1
10.7000000000 0.4220062500 1
10.8000000000 0.4220250000 1
10.9000000000 0.4220437500 1
11.0000000000 0.4220625000 1
11.1000000000 0.4220812500 1
11.2000000000 0.4221000000 1
11.3000000000 0.4221187500 1
11.4000000000 0.4221375000 1
11.5000000000 0.4221562500 1
11.6000000000 0.4221750000 1
11.7000000000 0.4221937500 1
11.8000000000 0.4222125000 1
11.9000000000 0.4222312500 1
12.0000000000 0.4222500000 1
12.1000000000 0.4222687500 1
12.2000000000 0.4222875000 1
12.3000000000 0.4223062500 1
12.4000000000 0.4223250000 1
12.5000000000 0.4223437500 1
12.6000000000 0.4223625000 1
12.7000000000 0.4223812500 1
12.8000000000 0.4224000000 1
12.9000000000 0.4224187500 1
13.0000000000 0.4224375000 1
13.1000000000 0.4224562500 1
13.2000000000 0.4224750000 1
13.3000000000 0.4224937500 1
13.4000000000 0.4225125000 1
13.5000000000 0.4225312500 1
13.6000000000 0.4225500000 1
13.7000000000 0.4225687500 1
13.8000000000 0.4225875000 1
13.9000000000 0.4226062500 1
14.0000000000 0.4226250000 1
14.1000000000 0.4226437500 1
14.2000000000 0.4226625000 1
14.3000000000 0.4226812500 1
14.4000000000 0.4227000000 1
14.5000000000 0.4227187500 1
14.6000000000 0.4227375000 1
14.7000000000 0.4227562500 1
14.8000000000 0.4227750000 1
14.9000000000 0.4227937500 1
15.0000000000 0.4228125000 1
15.1000000000 0.4228312500 1
15.2000000000 0.4228500000 1
15.3000000000 0.4228687500 1
15.4000000000 0.4228875000 1
15.5000000000 0.4229062500 1
15.6000000000 0.4229250000 1
15.7000000000 0.4229437500 1
15.8000000000 0.4229625000 1
15.9000000000 0.4229812500 1
16.0000000000 0.4230000000 1
16.1000000000 0.4230187500 1
16.2000000000 0.4230375000 1
16.3000000000 0.4230562500 1
16.4000000000 0.4230750000 1
16.5000000000 0.4230937500 1
16.6000000000 0.4231125000 1
16.7000000000 0.4231312500 1
16.8000000000 0.4231500000 1
16.9000000000 0.4231687500 1
17.0000000000 0.4231875000 1
17.1000000000 0.4232062500 1
17.2000000000 0.4232250000 1
17.3000000000 0.4232437500 1
17.4000000000 0.4232625000 1
17.5000000000 0.4232812500 1
17.6000000000 0.4233000000 1
17.7000000000 0.4233187500 1
17.8000000000 0.4233375000 1
17.9000000000 0.4233562500 1
18.0000000000 0.4233750000 1
18.1000000000 0.4233937500 1
18.2000000000 0.4234125000 1
18.3000000000 0.4234312500 1
18.4000000000 0.4234500000 1
18.5000000000 0.4234687500 1
18.6000000000 0.4234875000 1
18.7000000000 0.4235062500 1
18.8000000000 0.4235250000 1
18.9000000000 0.4235437500 1
19.0000000000 0.4235625000 1
19.1000000000 0.4235812500 1
19.2000000000 0.4236000000 1
19.3000000000 0.4236187500 1
19.4000000000 0.4236375000 1
19.5000000000 0.4236562500 1
19.6000000000 0.4236750000 1
19.7000000000 0.4236937500 1
19.8000000000 0.4237125000 1
19.9000000000 0.4237312500 1
20.0000000000 0.4237500000 1
20.1000000000 0.4237687500 1
20.2000000000 0.4237875000 1
20.3000000000 0.4238062500 1
20.4000000000 0.4238250000 1
20.5000000000 0.4238437500 1
20.6000000000 0.4238625000 1
20.7000000000 0.4238812500 1
20.8000000000 0.4239000000 1
20.9000000000 0.4239187500 1
21.0000000000 0.4239375000 1
21.1000000000 0.4239562500 1
21.2000000000 0.4239750000 1
21.3000000000 0.4239937500 1
21.4000000000 0.4240125000 1
21.5000000000 0.4240312500 1
21.6000000000 0.4240500000 1
21.7000000000 0.4240687500 1
21.8000000000 0.4240875000 1
21.9000000000 0.4241062500 1
22.0000000000 0.4241250000 1
22.1000000000 0.4241437500 1
22.2000000000 0.4241625000 1
22.3000000000 0.4241812500 1
22.4000000000 0.4242000000 1
22.5000000000 0.4242187500 1
22.6000000000 0.4242375000 1
22.7000000000 0.4242562500 1
22.8000000000 0.4242750000 1
22.9000000000 0.4242937500 1
23.0000000000 0.4243125000 1
23.1000000000 0.4243312500 1
23.2000000000 0.4243500000 1
23.3000000000 0.4243687500 1
23.4000000000 0.4243875000 1
23.5000000000 0.4244062500 1
23.6000000000 0.4244250000 1
23.7000000000 0.4244437500 1
23.8000000000 0.4244625000 1
23.9000000000 0.4244812500 1
24.0000000000 0.4245000000 1
24.1000000000 0.4245187500 1
24.2000000000 0.4245375000 1
24.3000000000 0.4245562500 1
24.4000000000 0.4245750000 1
24.5000000000 0.4245937500 1
24.6000000000 0.4246125000 1
24.7000000000 0.4246312500 1
24.8000000000 0.4246500000 1
24.9000000000 0.4246687500 1
25.0000000000 0.4246875000 1
25.1000000000 0.4247062500 1
25.2000000000 0.4247250000 1
25.3000000000 0.4247437500 1
25.4000000000 0.4247625000 1
25.5000000000 0.4247812500 1
25.6000000000 0.4248000000 1
25.7000000000 0.4248187500 1
25.8000000000 0.4248375000 1
25.9000000000 0.4248562500 1
26.0000000000 0.4248750000 1
26.1000000000 0.4248937500 1
26.2000000000 0.4249125000 1
26.3000000000 0.4249312500 1
26.4000000000 0.4249500000 1
26.5000000000 0.4249687500 1
26.6000000000 0.4249875000 1
26.7000000000 0.4250062500 1
26.8000000000 0.4250250000 1
26.9000000000 0.4250437500 1
27.0000000000 0.4250625000 1
27.1000000000 0.4250812500 1
27.2000000000 0.4251000000 1
27.3000000000 0.4251187500 1
27.4000000000 0.4251375000 1
27.5000000000 0.4251562500 1
27.6000000000 0.4251750000 1
27.7000000000 0.4251937500 1
27.8000000000 0.4252125000 1
27.9000000000 0.4252312500 1
28.0000000000 0.4252500000 1
28.1000000000 0.4252687500 1
28.2000000000 0.4252875000 1
28.3000000000 0.4253062500 1
28.4000000000 0.4253250000 1
28.5000000000 0.4253437500 1
28.6000000000 0.4253625000 1
28.7000000000 0.4253812500 1
28.8000000000 0.4254000000 1
28.9000000000 0.4254187500 1
29.0000000000 0.4254375000 1
29.1000000000 0.4254562500 1
29.2000000000 0.4254750000 1
29.3000000000 0.4254937500 1
29.4000000000 0.4255125000 1
29.5000000000 0.4255312500 1
29.6000000000 0.4255500000 1
29.7000000000 0.4255687500 1
29.8000000000 0.4255875000 1
29.9000000000 0.4256062500 1
30.0000000000 0.4256250000 1
30.1000000000 0.4256437500 1
30.2000000000 0.4256625000 1
30.3000000000 0.4256812500 1
30.4000000000 0.4257000000 1
30.5000000000 0.4257187500 1
30.6000000000 0.4257375000 1
30.7000000000 0.4257562500 1
30.8000000000 0.4257750000 1
30.9000000000 0.4257937500 1
31.0000000000 0.4258125000 1
31.1000000000 0.4258312500 1
31.2000000000 0.4258500000 1
31.3000000000 0.4258687500 1
31.4000000000 0.4258875000 1
31.5000000000 0.4259062500 1
31.6000000000 0.4259250000 1
31.7000000000 0.4259437500 1
31.8000000000 0.4259625000 1
31.9000000000 0.4259812500 1
32.0000000000 0.4260000000 1
32.1000000000 0.4260187500 1
32.2000000000 0.4260375000 1
32.3000000000 0.4260562500 1
32.4000000000 0.4260750000 1
32.5000000000 0.4260937500 1
32.6000000000 0.4261125000 1
32.7000000000 0.4261312500 1
32.8000000000 0.4261500000 1
32.9000000000 0.4261687500 1
33.0000000000 0.4261875000 1
33.1000000000 0.4262062500 1
33.2000000000 0.4262250000 1
33.3000000000 0.4262437500 1
33.4000000000 0.4262625000 1
33.5000000000 0.4262812500 1
33.6000000000 0.4263000000 1
33.7000000000 0.4263187500 1
33.8000000000 0.4263375000 1
33.9000000000 0.4263562500 1
34.0000000000 0.4263750000 1
34.1000000000 0.4263937500 1
34.2000000000 0.4264125000 1
34.3000000000 0.4264312500 1
34.4000000000 0.4264500000 1
34.5000000000 0.4264687500 1
34.6000000000 0.4264875000 1
34.7000000000 0.4265062500 1
34.8000000000 0.4265250000 1
34.9000000000 0.4265437500 1
35.0000000000 0.4265625000 1
35.1000000000 0.4265812500 1
35.2000000000 0.4266000000 1
35.3000000000 0.4266187500 1
35.4000000000 0.4266375000 1
35.5000000000 0.4266562500 1
35.6000000000 0.4266750000 1
35.7000000000 0.4266937500 1
35.8000000000 0.4267125000 1
35.9000000000 0.4267312500 1
36.0000000000 0.4267500000 1
36.1000000000 0.4267687500 1
36.2000000000 0.4267875000 1
36.3000000000 0.4268062500 1
36.4000000000 0.4268250000 1
36.5000000000 0.4268437500 1
36.6000000000 0.4268625000 1
36.7000000000 0.4268812500 1
36.8000000000 0.4269000000 1
36.9000000000 0.4269187500 1
37.0000000000 0.4269375000 1
37.1000000000 0.4269562500 1
37.2000000000 0.4269750000 1
37.3000000000 0.4269937500 1
37.4000000000 0.4270125000 1
37.5000000000 0.4270312500 1
37.6000000000 0.4270500000 1
37.7000000000 0.4270687500 1
37.8000000000 0.4270875000 1
37.9000000000 0.4271062500 1
38.0000000000 0.4271250000 1
38.1000000000 0.4271437500 1
38.2000000000 0.4271625000 1
38.3000000000 0.4271812500 1
38.4000000000 0.4272000000 1
38.5000000000 0.4272187500 1
38.6000000000 0.4272375000 1
38.7000000000 0.4272562500 1
38.8000000000 0.4272750000 1
38.9000000000 0.4272937500 1
39.0000000000 0.4273125000 1
39.1000000000 0.4273312500 1
39.2000000000 0.4273500000 1
39.3000000000 0.4273687500 1
39.4000000000 0.4273875000 1
39.5000000000 0.4274062500 1
39.6000000000 0.4274250000 1
39.7000000000 0.4274437500 1
39.8000000000 0.4274625000 1
39.9000000000 0.4274812500 1
40.0000000000 0.4275000000 1
40.1000000000 0.4275187500 1
40.2000000000 0.4275375000 1
40.3000000000 0.4275562500 1
40.4000000000 0.4275750000 1
40.5000000000 0.4275937500 1
40.6000000000 0.4276125000 1
40.7000000000 0.4276312500 1
40.8000000000 0.4276500000 1
40.9000000000 0.4276687500 1
41.0000000000 0.4276875000 1
41.1000000000 0.4277062500 1
41.2000000000 0.4277250000 1
41.3000000000 0.4277437500 1
41.4000000000 0.4277625000 1
41.5000000000 0.4277812500 1
41.6000000000 0.4278000000 1
41.7000000000 0.4278187500 1
41.8000000000 0.4278375000 1
41.9000000000 0.4278562500 1
42.0000000000 0.4278750000 1
42.1000000000 0.4278937500 1
42.2000000000 0.4279125000 1
42.3000000000 0.4279312500 1
42.4000000000 0.4279500000 1
42.5000000000 0.4279687500 1
42.6000000000 0.4279875000 1
42.7000000000 0.4280062500 1
42.8000000000 0.4280250000 1
42.9000000000 0.4280437500 1
43.0000000000 0.4280625000 1
43.1000000000 0.4280812500 1
43.2000000000 0.4281000000 1
43.3000000000 0.4281187500 1
43.4000000000 0.4281375000 1
43.5000000000 0.4281562500 1
43.6000000000 0.4281750000 1
43.7000000000 0.4281937500 1
43.8000000000 0.4282125000 1
43.9000000000 0.4282312500 1
44.0000000000 0.4282500000 1
44.1000000000 0.4282687500 1
44.2000000000 0.4282875000 1
44.3000000000 0.4283062500 1
44.4000000000 0.4283250000 1
44.5000000000 0.4283437500 1
44.6000000000 0.4283625000 1
44.7000000000 0.4283812500 1
44.8000000000 0.4284000000 1
44.9000000000 0.4284187500 1
45.0000000000 0.4284375000 1
45.1000000000 0.4284562500 1
45.2000000000 0.4284750000 1
45.3000000000 0.4284937500 1
45.4000000000 0.4285125000 1
45.5000000000 0.4285312500 1
45.6000000000 0.4285500000 1
45.7000000000 0.4285687500 1
45.8000000000 0.4285875000 1
45.9000000000 0.4286062500 1
46.0000000000 0.4286250000 1
46.1000000000 0.4286437500 1
46.2000000000 0.4286625000 1
46.3000000000 0.4286812500 1
46.4000000000 0.4287000000 1
46.5000000000 0.4287187500 1
46.6000000000 0.4287375000 1
46.7000000000 0.4287562500 1
46.8000000000 0.4287750000 1
46.9000000000 0.4287937500 1
47.0000000000 0.4288125000 1
47.1000000000 0.4288312500 1
47.2000000000 0.4288500000 1
47.3000000000 0.4288687500 1
47.4000000000 0.4288875000 1
47.5000000000 0.4289062500 1
47.6000000000 0.4289250000 1
47.7000000000 0.4289437500 1
47.8000000000 0.4289625000 1
47.9000000000 0.4289812500 1
48.0000000000 0.4290000000 1
48.1000000000 0.4290187500 1
48.2000000000 0.4290375000 1
48.3000000000 0.4290562500 1
48.4000000000 0.4290750000 1
48.5000000000 0.4290937500 1
48.6000000000 0.4291125000 1
48.7000000000 0.4291312500 1
48.8000000000 0.4291500000 1
48.9000000000 0.4291687500 1
49.0000000000 0.4291875000 1
49.1000000000 0.4292062500 1
49.2000000000 0.4292250000 1
49.3000000000 0.4292437500 1
49.4000000000 0.4292625000 1
49.5000000000 0.4292812500 1
49.6000000000 0.4293000000 1
49.7000000000 0.4293187500 1
49.8000000000 0.4293375000 1
49.9000000000 0.4293562500 1
50.0000000000 0.4293750000 1
50.1000000000 0.4293937500 1
50.2000000000 0.4294125000 1
50.3000000000 0.4294312500 1
50.4000000000 0.4294500000 1
50.5000000000 0.4294687500 1
50.6000000000 0.4294875000 1
50.7000000000 0.4295062500 1
50.8000000000 0.4295250000 1
50.9000000000 0.4295437500 1
51.0000000000 0.4295625000 1
51.1000000000 0.4295812500 1
51.2000000000 0.4296000000 1
51.3000000000 0.4296187500 1
51.4000000000 0.4296375000 1
51.5000000000 0.4296562500 1
51.6000000000 0.4296750000 1
51.7000000000 0.4296937500 1
51.8000000000 0.4297125000 1
51.9000000000 0.4297312500 1
52.0000000000 0.4297500000 1
52.1000000000 0.4297687500 1
52.2000000000 0.4297875000 1
52.3000000000 0.4298062500 1
52.4000000000 0.4298250000 1
52.5000000000 0.4298437500 1
52.6000000000 0.4298625000 1
52.7000000000 0.4298812500 1
52.8000000000 0.4299000000 1
52.9000000000 0.4299187500 1
53.0000000000 0.4299375000 1
53.1000000000 0.4299562500 1
53.2000000000 0.4299750000 1
53.3000000000 0.4299937500 1
53.4000000000 0.4300125000 1
53.5000000000 0.4300312500 1
53.6000000000 0.4300500000 1
53.7000000000 0.4300687500 1
53.8000000000 0.4300875000 1
53.9000000000 0.4301062500 1
54.0000000000 0.4301250000 1
54.1000000000 0.4301437500 1
54.2000000000 0.4301625000 1
54.3000000000 0.4301812500 1
54.4000000000 0.4302000000 1
54.5000000000 0.4302187500 1
54.6000000000 0.4302375000 1
54.7000000000 0.4302562500 1
54.8000000000 0.4302750000 1
54.9000000000 0.4302937500 1
55.0000000000 0.4303125000 1
55.1000000000 0.4303312500 1
55.2000000000 0.4303500000 1
55.3000000000 0.4303687500 1
55.4000000000 0.4303875000 1
55.5000000000 0.4304062500 1
55.6000000000 0.4304250000 1
55.7000000000 0.4304437500 1
55.8000000000 0.4304625000 1
55.9000000000 0.4304812500 1
56.0000000000 0.4305000000 1
56.1000000000 0.4305187500 1
56.2000000000 0.4305375000 1
56.3000000000 0.4305562500 1
56.4000000000 0.4305750000 1
56.5000000000 0.4305937500 1
56.6000000000 0.4306125000 1
56.7000000000 0.4306312500 1
56.8000000000 0.4306500000 1
56.9000000000 0.4306687500 1
57.0000000000 0.4306875000 1
57.1000000000 0.4307062500 1
57.2000000000 0.4307250000 1
57.3000000000 0.4307437500 1
57.4000000000 0.4307625000 1
57.5000000000 0.4307812500 1
57.6000000000 0.4308000000 1
57.7000000000 0.4308187500 1
57.8000000000 0.4308375000 1
57.9000000000 0.4308562500 1
58.0000000000 0.4308750000 1
58.1000000000 0.4308937500 1
58.2000000000 0.4309125000 1
58.3000000000 0.4309312500 1
58.4000000000 0.4309500000 1
58.5000000000 0.4309687500 1
58.6000000000 0.4309875000 1
58.7000000000 0.4310062500 1
58.8000000000 0.4310250000 1
58.9000000000 0.4310437500 1
59.0000000000 0.4310625000 1
59.1000000000 0.4310812500 1
59.2000000000 0.4311000000 1
59.3000000000 0.4311187500 1
59.4000000000 0.4311375000 1
59.5000000000 0.4311562500 1
59.6000000000 0.4311750000 1
59.7000000000 0.4311937500 1
59.8000000000 0.4312125000 1
59.9000000000 0.4312312500 1
60.0000000000 0.4312500000 1
60.1000000000 0.4312687500 1
60.2000000000 0.4312875000 1
60.3000000000 0.4313062500 1
60.4000000000 0.4313250000 1
60.5000000000 0.4313437500 1
60.6000000000 0.4313625000 1
60.7000000000 0.4313812500 1
60.8000000000 0.4314000000 1
60.9000000000 0.4314187500 1
61.0000000000 0.4314375000 1
61.1000000000 0.4314562500 1
61.2000000000 0.4314750000 1
61.3000000000 0.4314937500 1
61.4000000000 0.4315125000 1
61.5000000000 0.4315312500 1
61.6000000000 0.4315500000 1
61.7000000000 0.4315687500 1
61.8000000000 0.4315875000 1
61.9000000000 0.4316062500 1
62.0000000000 0.4316250000 1
62.1000000000 0.4316437500 1
62.2000000000 0.4316625000 1
62.3000000000 0.4316812500 1
62.4000000000 0.4317000000 1
62.5000000000 0.4317187500 1
62.6000000000 0.4317375000 1
62.7000000000 0.4317562500 1
62.8000000000 0.4317750000 1
62.9000000000 0.4317937500 1
63.0000000000 0.4318125000 1
63.1000000000 0.4318312500 1
63.2000000000 0.4318500000 1
63.3000000000 0.4318687500 1
63.4000000000 0.4318875000 1
63.5000000000 0.4319062500 1
63.6000000000 0.4319250000 1
63.7000000000 0.4319437500 1
63.8000000000 0.4319625000 1
63.9000000000 0.4319812500 1
64.0000000000 0.4320000000 1
64.1000000000 0.4320187500 1
64.2000000000 0.4320375000 1
64.3000000000 0.4320562500 1
64.4000000000 0.4320750000 1
64.5000000000 0.4320937500 1
64.6000000000 0.4321125000 1
64.7000000000 0.4321312500 1
64.8000000000 0.4321500000 1
64.9000000000 0.4321687500 1
65.0000000000 0.4321875000 1
65.1000000000 0.4322062500 1
65.2000000000 0.4322250000 1
65.3000000000 0.4322437500 1
65.4000000000 0.4322625000 1
65.5000000000 0.4322812500 1
65.6000000000 0.4323000000 1
65.7000000000 0.4323187500 1
65.8000000000 0.4323375000 1
65.9000000000 0.4323562500 1
66.0000000000 0.4323750000 1
66.1000000000 0.4323937500 1
66.2000000000 0.4324125000 1
66.3000000000 0.4324312500 1
66.4000000000 0.4324500000 1
66.5000000000 0.4324687500 1
66.6000000000 0.4324875000 1
66.7000000000 0.4325062500 1
66.8000000000 0.4325250000 1
66.9000000000 0.4325437500 1
67.0000000000 0.4325625000 1
67.1000000000 0.4325812500 1
67.2000000000 0.4326000000 1
67.3000000000 0.4326187500 1
67.4000000000 0.4326375000 1
67.5000000000 0.4326562500 1
67.6000000000 0.4326750000 1
67.7000000000 0.4326937500 1
67.8000000000 0.4327125000 1
67.9000000000 0.4327312500 1
68.0000000000 0.4327500000 1
68.1000000000 0.4327687500 1
68.2000000000 0.4327875000 1
68.3000000000 0.4328062500 1
68.4000000000 0.4328250000 1
68.5000000000 0.4328437500 1
68.6000000000 0.4328625000 1
68.7000000000 0.4328812500 1
68.8000000000 0.4329000000 1
68.9000000000 0.4329187500 1
69.0000000000 0.4329375000 1
69.1000000000 0.4329562500 1
69.2000000000 0.4329750000 1
69.3000000000 0.4329937500 1
69.4000000000 0.4330125000 1
69.5000000000 0.4330312500 1
69.6000000000 0.4330500000 1
69.7000000000 0.4330687500 1
69.8000000000 0.4330875000 1
69.9000000000 0.4331062500 1
70.0000000000 0.4331250000 1
70.1000000000 0.4331437500 1
70.2000000000 0.4331625000 1
70.3000000000 0.4331812500 1
70.4000000000 0.4332000000 1
70.5000000000 0.4332187500 1
70.6000000000 0.4332375000 1
70.7000000000 0.4332562500 1
70.8000000000 0.4332750000 1
70.9000000000 0.4332937500 1
71.0000000000 0.4333125000 1
71.1000000000 0.4333312500 1
71.2000000000 0.4333500000 1
71.3000000000 0.4333687500 1
71.4000000000 0.4333875000 1
71.5000000000 0.4334062500 1
71.6000000000 0.4334250000 1
71.7000000000 0.4334437500 1
71.8000000000 0.4334625000 1
71.9000000000 0.4334812500 1
72.0000000000 0.4335000000 1
72.1000000000 0.4335187500 1
72.2000000000 0.4335375000 1
72.3000000000 0.4335562500 1
72.4000000000 0.4335750000 1
72.5000000000 0.4335937500 1
72.6000000000 0.4336125000 1
72.7000000000 0.4336312500 1
72.8000000000 0.4336500000 1
72.9000000000 0.4336687500 1
73.0000000000 0.4336875000 1
73.1000000000 0.4337062500 1
73.2000000000 0.4337250000 1
73.3000000000 0.4337437500 1
73.4000000000 0.4337625000 1
73.5000000000 0.4337812500 1
73.6000000000 0.4338000000 1
73.7000000000 0.4338187500 1
73.8000000000 0.4338375000 1
73.9000000000 0.4338562500 1
74.0000000000 0.4338750000 1
74.1000000000 0.4338937500 1
74.2000000000 0.4339125000 1
74.3000000000 0.4339312500 1
74.4000000000 0.4339500000 1
74.5000000000 0.4339687500 1
74.6000000000 0.4339875000 1
74.7000000000 0.4340062500 1
74.8000000000 0.4340250000 1
74.9000000000 0.4340437500 1
75.0000000000 0.4340625000 1
75.1000000000 0.4340812500 1
75.2000000000 0.4341000000 1
75.3000000000 0.4341187500 1
75.4000000000 0.4341375000 1
75.5000000000 0.4341562500 1
75.6000000000 0.4341750000 1
75.7000000000 0.4341937500 1
75.8000000000 0.4342125000 1
75.9000000000 0.4342312500 1
76.0000000000 0.4342500000 1
76.1000000000 0.4342687500 1
76.2000000000 0.4342875000 1
76.3000000000 0.4343062500 1
76.4000000000 0.4343250000 1
76.5000000000 0.4343437500 1
76.6000000000 0.4343625000 1
76.7000000000 0.4343812500 1
76.8000000000 0.4344000000 1
76.9000000000 0.4344187500 1
77.0000000000 0.4344375000 1
77.1000000000 0.4344562500 1
77.2000000000 0.4344750000 1
77.3000000000 0.4344937500 1
77.4000000000 0.4345125000 1
77.5000000000 0.4345312500 1
77.6000000000 0.4345500000 1
77.7000000000 0.4345687500 1
77.8000000000 0.4345875000 1
77.9000000000 0.4346062500 1
78.0000000000 0.4346250000 1
78.1000000000 0.4346437500 1
78.2000000000 0.4346625000 1
78.3000000000 0.4346812500 1
78.4000000000 0.4347000000 1
78.5000000000 0.4347187500 1
78.6000000000 0.4347375000 1
78.7000000000 0.4347562500 1
78.8000000000 0.4347750000 1
78.9000000000 0.4347937500 1
79.0000000000 0.4348125000 1
79.1000000000 0.4348312500 1
79.2000000000 0.4348500000 1
79.3000000000 0.4348687500 1
79.4000000000 0.4348875000 1
79.5000000000 0.4349062500 1
79.6000000000 0.4349250000 1
79.7000000000 0.4349437500 1
79.8000000000 0.4349625000 1
79.9000000000 0.4349812500 1
80.0000000000 0.4350000000 1
80.1000000000 0.4350187500 1
80.2000000000 0.4350375000 1
80.3000000000 0.4350562500 1
80.4000000000 0.4350750000 1
80.5000000000 0.4350937500 1
80.6000000000 0.4351125000 1
80.7000000000 0.4351312500 1
80.8000000000 0.4351500000 1
80.9000000000 0.4351687500 1
81.0000000000 0.4351875000 1
81.1000000000 0.4352062500 1
81.2000000000 0.4352250000 1
81.3000000000 0.4352437500 1
81.4000000000 0.4352625000 1
81.5000000000 0.4352812500 1
81.6000000000 0.4353000000 1
81.7000000000 0.4353187500 1
81.8000000000 0.4353375000 1
81.9000000000 0.4353562500 1
82.0000000000 0.4353750000 1
82.1000000000 0.4353937500 1
82.2000000000 0.4354125000 1
82.3000000000 0.4354312500 1
82.4000000000 0.4354500000 1
82.5000000000 0.4354687500 1
82.6000000000 0.4354875000 1
82.7000000000 0.4355062500 1
82.8000000000 0.4355250000 1
82.9000000000 0.4355437500 1
83.0000000000 0.4355625000 1
83.1000000000 0.4355812500 1
83.2000000000 0.4356000000 1
83.3000000000 0.4356187500 1
83.4000000000 0.4356375000 1
83.5000000000 0.4356562500 1
83.6000000000 0.4356750000 1
83.7000000000 0.4356937500 1
83.8000000000 0.4357125000 1
83.9000000000 0.4357312500 1
84.0000000000 0.4357500000 1
84.1000000000 0.4357687500 1
84.2000000000 0.4357875000 1
84.3000000000 0.4358062500 1
84.4000000000 0.4358250000 1
84.5000000000 0.4358437500 1
84.6000000000 0.4358625000 1
84.7000000000 0.4358812500 1
84.8000000000 0.4359000000 1
84.9000000000 0.4359187500 1
85.0000000000 0.4359375000 1
85.1000000000 0.4359562500 1
85.2000000000 0.4359750000 1
85.3000000000 0.4359937500 1
85.4000000000 0.4360125000 1
85.5000000000 0.4360312500 1
85.6000000000 0.4360500000 1
85.7000000000 0.4360687500 1
85.8000000000 0.4360875000 1
85.9000000000 0.4361062500 1
86.0000000000 0.4361250000 1
86.1000000000 0.4361437500 1
86.2000000000 0.4361625000 1
86.3000000000 0.4361812500 1
86.4000000000 0.4362000000 1
86.5000000000 0.4362187500 1
86.6000000000 0.4362375000 1
86.7000000000 0.4362562500 1
86.8000000000 0.4362750000 1
86.9000000000 0.4362937500 1
87.0000000000 0.4363125000 1
87.1000000000 0.4363312500 1
87.2000000000 0.4363500000 1
87.3000000000 0.4363687500 1
87.4000000000 0.4363875000 1
87.5000000000 0.4364062500 1
87.6000000000 0.4364250000 1
87.7000000000 0.4364437500 1
87.8000000000 0.4364625000 1
87.9000000000 0.4364812500 1
88.0000000000 0.4365000000 1
88.1000000000 0.4365187500 1
88.2000000000 0.4365375000 1
88.3000000000 0.4365562500 1
88.4000000000 0.4365750000 1
88.5000000000 0.4365937500 1
88.6000000000 0.4366125000 1
88.7000000000 0.4366312500 1
88.8000000000 0.4366500000 1
88.9000000000 0.4366687500 1
89.0000000000 0.4366875000 1
89.1000000000 0.4367062500 1
89.2000000000 0.4367250000 1
89.3000000000 0.4367437500 1
89.4000000000 0.4367625000 1
89.5000000000 0.4367812500 1
89.6000000000 0.4368000000 1
89.7000000000 0.4368187500 1
89.8000000000 0.4368375000 1
89.9000000000 0.4368562500 1
90.0000000000 0.4368750000 1
90.1000000000 0.4368937500 1
90.2000000000 0.4369125000 1
90.3000000000 0.4369312500 1
90.4000000000 0.4369500000 1
90.5000000000 0.4369687500 1
90.6000000000 0.4369875000 1
90.7000000000 0.4370062500 1
90.8000000000 0.4370250000 1
90.9000000000 0.4370437500 1
91.0000000000 0.4370625000 1
91.1000000000 0.4370812500 1
91.2000000000 0.4371000000 1
91.3000000000 0.4371187500 1
91.4000000000 0.4371375000 1
91.5000000000 0.4371562500 1
91.6000000000 0.4371750000 1
91.7000000000 0.4371937500 1
91.8000000000 0.4372125000 1
91.9000000000 0.4372312500 1
92.0000000000 0.4372500000 1
92.1000000000 0.4372687500 1
92.2000000000 0.4372875000 1
92.3000000000 0.4373062500 1
92.4000000000 0.4373250000 1
92.5000000000 0.4373437500 1
92.6000000000 0.4373625000 1
92.7000000000 0.4373812500 1
92.8000000000 0.4374000000 1
92.9000000000 0.4374187500 1
93.0000000000 0.4374375000 1
93.1000000000 0.4374562500 1
93.2000000000 0.4374750000 1
93.3000000000 0.4374937500 1
93.4000000000 0.4375125000 1
93.5000000000 0.4375312500 1
93.6000000000 0.4375500000 1
93.7000000000 0.4375687500 1
93.8000000000 0.4375875000 1
93.9000000000 0.4376062500 1
94.0000000000 0.4376250000 1
94.1000000000 0.4376437500 1
94.2000000000 0.4376625000 1
94.3000000000 0.4376812500 1
94.4000000000 0.4377000000 1
94.5000000000 0.4377187500 1
94.6000000000 0.4377375000 1
94.7000000000 0.4377562500 1
94.8000000000 0.4377750000 1
94.9000000000 0.4377937500 1
95.0000000000 0.4378125000 1
95.1000000000 0.4378312500 1
95.2000000000 0.4378500000 1
95.3000000000 0.4378687500 1
95.4000000000 0.4378875000 1
95.5000000000 0.4379062500 1
95.6000000000 0.4379250000 1
95.7000000000 0.4379437500 1
95.8000000000 0.4379625000 1
95.9000000000 0.4379812500 1
96.0000000000 0.4380000000 1
96.1000000000 0.4380187500 1
96.2000000000 0.4380375000 1
96.3000000000 0.4380562500 1
96.4000000000 0.4380750000 1
96.5000000000 0.4380937500 1
96.6000000000 0.4381125000 1
96.7000000000 0.4381312500 1
96.8000000000 0.4381500000 1
96.9000000000 0.4381687500 1
97.0000000000 0.4381875000 1
97.1000000000 0.4382062500 1
97.2000000000 0.4382250000 1
97.3000000000 0.4382437500 1
97.4000000000 0.4382625000 1
97.5000000000 0.4382812500 1
97.6000000000 0.4383000000 1
97.7000000000 0.4383187500 1
97.8000000000 0.4383375000 1
97.9000000000 0.4383562500 1
98.0000000000 0.4383750000 1
98.1000000000 0.4383937500 1
98.2000000000 0.4384125000 1
98.3000000000 0.4384312500 1
98.4000000000 0.4384500000 1
98.5000000000 0.4384687500 1
98.6000000000 0.4384875000 1
98.7000000000 0.4385062500 1
98.8000000000 0.4385250000 1
98.9000000000 0.4385437500 1
99.0000000000 0.4385625000 1
99.1000000000 0.4385812500 1
99.2000000000 0.4386000000 1
99.3000000000 0.4386187500 1
99.4000000000 0.4386375000 1
99.5000000000 0.4386562500 1
99.6000000000 0.4386750000 1
99.7000000000 0.4386937500 1
99.8000000000 0.4387125000 1
99.9000000000 0.4387312500 1
100.0000000000 0.4387500000 1
100.1000000000 0.4387687500 1
100.2000000000 0.4387875000 1
100.3000000000 0.4388062500 1
100.4000000000 0.4388250000 1
100.5000000000 0.4388437500 1
100.6000000000 0.4388625000 1
100.7000000000 0.4388812500 1
100.8000000000 0.4389000000 1
100.9000000000 0.4389187500 1
101.0000000000 0.4389375000 1
101.1000000000 0.4389562500 1
101.2000000000 0.4389750000 1
101.3000000000 0.4389937500 1
101.4000000000 0.4390125000 1
101.5000000000 0.4390312500 1
101.6000000000 0.4390500000 1
101.7000000000 0.4390687500 1
101.8000000000 0.4390875000 1
101.9000000000 0.4391062500 1
102.0000000000 0.4391250000 1
102.1000000000 0.4391437500 1
102.2000000000 0.4391625000 1
102.3000000000 0.4391812500 1
102.4000000000 0.4392000000 1
102.5000000000 0.4392187500 1
102.6000000000 0.4392375000 1
102.7000000000 0.4392562500 1
102.8000000000 0.4392750000 1
102.9000000000 0.4392937500 1
103.0000000000 0.4393125000 1
103.1000000000 0.4393312500 1
103.2000000000 0.4393500000 1
103.3000000000 0.4393687500 1
103.4000000000 0.4393875000 1
103.5000000000 0.4394062500 1
103.6000000000 0.4394250000 1
103.7000000000 0.4394437500 1
103.8000000000 0.4394625000 1
103.9000000000 0.4394812500 1
104.0000000000 0.4395000000 1
104.1000000000 0.4395187500 1
104.2000000000 0.4395375000 1
104.3000000000 0.4395562500 1
104.4000000000 0.4395750000 1
104.5000000000 0.4395937500 1
104.6000000000 0.4396125000 1
104.7000000000 0.4396312500 1
104.8000000000 0.4396500000 1
104.9000000000 0.4396687500 1
105.0000000000 0.4396875000 1
105.1000000000 0.4397062500 1
105.2000000000 0.4397250000 1
105.3000000000 0.4397437500 1
105.4000000000 0.4397625000 1
105.5000000000 0.4397812500 1
105.6000000000 0.4398000000 1
105.7000000000 0.4398187500 1
105.8000000000 0.4398375000 1
105.9000000000 0.4398562500 1
106.0000000000 0.4398750000 1
106.1000000000 0.4398937500 1
106.2000000000 0.4399125000 1
106.3000000000 0.4399312500 1
106.4000000000 0.4399500000 1
106.5000000000 0.4399687500 1
106.6000000000 0.4399875000 1
106.7000000000 0.4400062500 1
106.8000000000 0.4400250000 1
106.9000000000 0.4400437500 1
107.0000000000 0.4400625000 1
107.1000000000 0.4400812500 1
107.2000000000 0.4401000000 1
107.3000000000 0.4401187500 1
107.4000000000 0.4401375000 1
107.5000000000 0.4401562500 1
107.6000000000 0.4401750000 1
107.7000000000 0.4401937500 1
107.8000000000 0.4402125000 1
107.9000000000 0.4402312500 1
108.0000000000 0.4402500000 1
108.1000000000 0.4402687500 1
108.2000000000 0.4402875000 1
108.3000000000 0.4403062500 1
108.4000000000 0.4403250000 1
108.5000000000 0.4403437500 1
108.6000000000 0.4403625000 1
108.7000000000 0.4403812500 1
108.8000000000 0.4404000000 1
108.9000000000 0.4404187500 1
109.0000000000 0.4404375000 1
109.1000000000 0.4404562500 1
109.2000000000 0.4404750000 1
109.3000000000 0.4404937500 1
109.4000000000 0.4405125000 1
109.5000000000 0.4405312500 1
109.6000000000 0.4405500000 1
109.7000000000 0.4405687500 1
109.8000000000 0.4405875000 1
109.9000000000 0.4406062500 1
110.0000000000 0.4406250000 1
110.1000000000 0.4406437500 1
110.2000000000 0.4406625000 1
110.3000000000 0.4406812500 1
110.4000000000 0.4407000000 1
110.5000000000 0.4407187500 1
110.6000000000 0.4407375000 1
110.7000000000 0.4407562500 1
110.8000000000 0.4407750000 1
110.9000000000 0.4407937500 1
111.0000000000 0.4408125000 1
111.1000000000 0.4408312500 1
111.2000000000 0.4408500000 1
111.3000000000 0.4408687500 1
111.4000000000 0.4408875000 1
111.5000000000 0.4409062500 1
111.6000000000 0.4409250000 1
111.7000000000 0.4409437500 1
111.8000000000 0.4409625000 1
111.9000000000 0.4409812500 1
112.0000000000 0.4410000000 1
112.1000000000 0.4410187500 1
112.2000000000 0.4410375000 1
112.3000000000 0.4410562500 1
112.4000000000 0.4410750000 1
112.5000000000 0.4410937500 1
112.6000000000 0.4411125000 1
112.7000000000 0.4411312500 1
112.8000000000 0.4411500000 1
112.9000000000 0.4411687500 1
113.0000000000 0.4411875000 1
113.1000000000 0.4412062500 1
113.2000000000 0.4412250000 1
113.3000000000 0.4412437500 1
113.4000000000 0.4412625000 1
113.5000000000 0.4412812500 1
113.6000000000 0.4413000000 1
113.7000000000 0.4413187500 1
113.8000000000 0.4413375000 1
113.9000000000 0.4413562500 1
114.0000000000 0.4413750000 1
114.1000000000 0.4413937500 1
114.2000000000 0.4414125000 1
114.3000000000 0.4414312500 1
114.4000000000 0.4414500000 1
114.5000000000 0.4414687500 1
114.6000000000 0.4414875000 1
114.7000000000 0.4415062500 1
114.8000000000 0.4415250000 1
114.9000000000 0.4415437500 1
115.0000000000 0.4415625000 1
115.1000000000 0.4415812500 1
115.2000000000 0.4416000000 1
115.3000000000 0.4416187500 1
115.4000000000 0.4416375000 1
115.5000000000 0.4416562500 1
115.6000000000 0.4416750000 1
115.7000000000 0.4416937500 1
115.8000000000 0.4417125000 1
115.9000000000 0.4417312500 1
116.0000000000 0.4417500000 1
116.1000000000 0.4417687500 1
116.2000000000 0.4417875000 1
116.3000000000 0.4418062500 1
116.4000000000 0.4418250000 1
116.5000000000 0.4418437500 1
116.6000000000 0.4418625000 1
116.7000000000 0.4418812500 1
116.8000000000 0.4419000000 1
116.9000000000 0.4419187500 1
117.0000000000 0.4419375000 1
117.1000000000 0.4419562500 1
117.2000000000 0.4419750000 1
117.3000000000 0.4419937500 1
117.4000000000 0.4420125000 1
117.5000000000 0.4420312500 1
117.6000000000 0.4420500000 1
117.7000000000 0.4420687500 1
117.8000000000 0.4420875000 1
117.9000000000 0.4421062500 1
118.0000000000 0.4421250000 1
118.1000000000 0.4421437500 1
118.2000000000 0.4421625000 1
118.3000000000 0.4421812500 1
118.4000000000 0.4422000000 1
118.5000000000 0.4422187500 1
118.6000000000 0.4422375000 1
118.7000000000 0.4422562500 1
118.8000000000 0.4422750000 1
118.9000000000 0.4422937500 1
119.0000000000 0.4423125000 1
119.1000000000 0.4423312500 1
119.2000000000 0.4423500000 1
119.3000000000 0.4423687500 1
119.4000000000 0.4423875000 1
119.5000000000 0.4424062500 1
119.6000000000 0.4424250000 1
119.7000000000 0.4424437500 1
119.8000000000 0.4424625000 1
119.9000000000 0.4424812500 1
120.0000000000 0.4425000000 1
120.1000000000 0.4425187500 1
120.2000000000 0.4425375000 1
120.3000000000 0.4425562500 1
120.4000000000 0.4425750000 1
120.5000000000 0.4425937500 1
120.6000000000 0.4426125000 1
120.7000000000 0.4426312500 1
120.8000000000 0.4426500000 1
120.9000000000 0.4426687500 1
121.0000000000 0.4426875000 1
121.1000000000 0.4427062500 1
121.2000000000 0.4427250000 1
121.3000000000 0.4427437500 1
121.4000000000 0.4427625000 1
121.5000000000 0.4427812500 1
121.6000000000 0.4428000000 1
121.7000000000 0.4428187500 1
121.8000000000 0.4428375000 1
121.9000000000 0.4428562500 1
122.0000000000 0.4428750000 1
122.1000000000 0.4428937500 1
122.2000000000 0.4429125000 1
122.3000000000 0.4429312500 1
122.4000000000 0.4429500000 1
122.5000000000 0.4429687500 1
122.6000000000 0.4429875000 1
122.7000000000 0.4430062500 1
122.8000000000 0.4430250000 1
122.9000000000 0.4430437500 1
123.0000000000 0.4430625000 1
123.1000000000 0.4430812500 1
123.2000000000 0.4431000000 1
123.3000000000 0.4431187500 1
123.4000000000 0.4431375000 1
123.5000000000 0.4431562500 1
123.6000000000 0.4431750000 1
123.7000000000 0.4431937500 1
123.8000000000 0.4432125000 1
123.9000000000 0.4432312500 1
124.0000000000 0.4432500000 1
124.1000000000 0.4432687500 1
124.2000000000 0.4432875000 1
124.3000000000 0.4433062500 1
124.4000000000 0.4433250000 1
124.5000000000 0.4433437500 1
124.6000000000 0.4433625000 1
124.7000000000 0.4433812500 1
124.8000000000 0.4434000000 1
124.9000000000 0.4434187500 1
125.0000000000 0.4434375000 1
125.1000000000 0.4434562500 1
125.2000000000 0.4434750000 1
125.3000000000 0.4434937500 1
125.4000000000 0.4435125000 1
125.5000000000 0.4435312500 1
125.6000000000 0.4435500000 1
125.7000000000 0.4435687500 1
125.8000000000 0.4435875000 1
125.9000000000 0.4436062500 1
126.0000000000 0.4436250000 1
126.1000000000 0.4436437500 1
126.2000000000 0.4436625000 1
126.3000000000 0.4436812500 1
126.4000000000 0.4437000000 1
126.5000000000 0.4437187500 1
126.6000000000 0.4437375000 1
126.7000000000 0.4437562500 1
126.8000000000 0.4437750000 1
126.9000000000 0.4437937500 1
127.0000000000 0.4438125000 1
127.1000000000 0.4438312500 1
127.2000000000 0.4438500000 1
127.3000000000 0.4438687500 1
127.4000000000 0.4438875000 1
127.5000000000 0.4439062500 1
127.6000000000 0.4439250000 1
127.7000000000 0.4439437500 1
127.8000000000 0.4439625000 1
127.9000000000 0.4439812500 1
128.0000000000 0.4440000000 1
128.1000000000 0.4440187500 1
128.2000000000 0.4440375000 1
128.3000000000 0.4440562500 1
128.4000000000 0.4440750000 1
128.5000000000 0.4440937500 1
128.6000000000 0.4441125000 1
128.7000000000 0.4441312500 1
128.8000000000 0.4441500000 1
128.9000000000 0.4441687500 1
129.0000000000 0.4441875000 1
129.1000000000 0.4442062500 1
129.2000000000 0.4442250000 1
129.3000000000 0.4442437500 1
129.4000000000 0.4442625000 1
129.5000000000 0.4442812500 1
129.6000000000 0.4443000000 1
129.7000000000 0.4443187500 1
129.8000000000 0.4443375000 1
129.9000000000 0.4443562500 1
130.0000000000 0.4443750000 1
130.1000000000 0.4443937500 1
130.2000000000 0.4444125000 1
130.3000000000 0.4444312500 1
130.4000000000 0.4444500000 1
130.5000000000 0.4444687500 1
130.6000000000 0.4444875000 1
130.7000000000 0.4445062500 1
130.8000000000 0.4445250000 1
130.9000000000 0.4445437500 1
131.0000000000 0.4445625000 1
131.1000000000 0.4445812500 1
131.2000000000 0.4446000000 1
131.3000000000 0.4446187500 1
131.4000000000 0.4446375000 1
131.5000000000 0.4446562500 1
131.6000000000 0.4446750000 1
131.7000000000 0.4446937500 1
131.8000000000 0.4447125000 1
131.9000000000 0.4447312500 1
132.0000000000 0.4447500000 1
132.1000000000 0.4447687500 1
132.2000000000 0.4447875000 1
132.3000000000 0.4448062500 1
132.4000000000 0.4448250000 1
132.5000000000 0.4448437500 1
132.6000000000 0.4448625000 1
132.7000000000 0.4448812500 1
132.8000000000 0.4449000000 1
132.9000000000 0.4449187500 1
133.0000000000 0.4449375000 1
133.1000000000 0.4449562500 1
133.2000000000 0.4449750000 1
133.3000000000 0.4449937500 1
133.4000000000 0.4450125000 1
133.5000000000 0.4450312500 1
133.6000000000 0.4450500000 1
133.7000000000 0.4450687500 1
133.8000000000 0.4450875000 1
133.9000000000 0.4451062500 1
134.0000000000 0.4451250000 1
134.1000000000 0.4451437500 1
134.2000000000 0.4451625000 1
134.3000000000 0.4451812500 1
134.4000000000 0.4452000000 1
134.5000000000 0.4452187500 1
134.6000000000 0.4452375000 1
134.7000000000 0.4452562500 1
134.8000000000 0.4452750000 1
134.9000000000 0.4452937500 1
135.0000000000 0.4453125000 1
135.1000000000 0.4453312500 1
135.2000000000 0.4453500000 1
135.3000000000 0.4453687500 1
135.4000000000 0.4453875000 1
135.5000000000 0.4454062500 1
135.6000000000 0.4454250000 1
135.7000000000 0.4454437500 1
135.8000000000 0.4454625000 1
135.9000000000 0.4454812500 1
136.0000000000 0.4455000000 1
136.1000000000 0.4455187500 1
136.2000000000 0.4455375000 1
136.3000000000 0.4455562500 1
136.4000000000 0.4455750000 1
136.5000000000 0.4455937500 1
136.6000000000 0.4456125000 1
136.7000000000 0.4456312500 1
136.8000000000 0.4456500000 1
136.9000000000 0.4456687500 1
137.0000000000 0.4456875000 1
137.1000000000 0.4457062500 1
137.2000000000 0.4457250000 1
137.3000000000 0.4457437500 1
137.4000000000 0.4457625000 1
137.5000000000 0.4457812500 1
137.6000000000 0.4458000000 1
137.7000000000 0.4458187500 1
137.8000000000 0.4458375000 1
137.9000000000 0.4458562500 1
138.0000000000 0.4458750000 1
138.1000000000 0.4458937500 1
138.2000000000 0.4459125000 1
138.3000000000 0.4459312500 1
138.4000000000 0.4459500000 1
138.5000000000 0.4459687500 1
138.6000000000 0.4459875000 1
138.7000000000 0.4460062500 1
138.8000000000 0.4460250000 1
138.9000000000 0.4460437500 1
139.0000000000 0.4460625000 1
139.1000000000 0.4460812500 1
139.2000000000 0.4461000000 1
139.3000000000 0.4461187500 1
139.4000000000 0.4461375000 1
139.5000000000 0.4461562500 1
139.6000000000 0.4461750000 1
139.7000000000 0.4461937500 1
139.8000000000 0.4462125000 1
139.9000000000 0.4462312500 1
140.0000000000 0.4462500000 1
140.1000000000 0.4462687500 1
140.2000000000 0.4462875000 1
140.3000000000 0.4463062500 1
140.4000000000 0.4463250000 1
140.5000000000 0.4463437500 1
140.6000000000 0.4463625000 1
140.7000000000 0.4463812500 1
140.8000000000 0.4464000000 1
140.9000000000 0.4464187500 1
141.0000000000 0.4464375000 1
141.1000000000 0.4464562500 1
141.2000000000 0.4464750000 1
141.3000000000 0.4464937500 1
141.4000000000 0.4465125000 1
141.5000000000 0.4465312500 1
141.6000000000 0.4465500000 1
141.7000000000 0.4465687500 1
141.8000000000 0.4465875000 1
141.9000000000 0.4466062500 1
142.0000000000 0.4466250000 1
142.1000000000 0.4466437500 1
142.2000000000 0.4466625000 1
142.3000000000 0.4466812500 1
142.4000000000 0.4467000000 1
142.5000000000 0.4467187500 1
142.6000000000 0.4467375000 1
142.7000000000 0.4467562500 1
142.8000000000 0.4467750000 1
142.9000000000 0.4467937500 1
143.0000000000 0.4468125000 1
143.1000000000 0.4468312500 1
143.2000000000 0.4468500000 1
143.3000000000 0.4468687500 1
143.4000000000 0.4468875000 1
143.5000000000 0.4469062500 1
143.6000000000 0.4469250000 1
143.7000000000 0.4469437500 1
143.8000000000 0.4469625000 1
143.9000000000 0.4469812500 1
144.0000000000 0.4470000000 1
144.1000000000 0.4470187500 1
144.2000000000 0.4470375000 1
144.3000000000 0.4470562500 1
144.4000000000 0.4470750000 1
144.5000000000 0.4470937500 1
144.6000000000 0.4471125000 1
144.7000000000 0.4471312500 1
144.8000000000 0.4471500000 1
144.9000000000 0.4471687500 1
145.0000000000 0.4471875000 1
145.1000000000 0.4472062500 1
145.2000000000 0.4472250000 1
145.3000000000 0.4472437500 1
145.4000000000 0.4472625000 1
145.5000000000 0.4472812500 1
145.6000000000 0.4473000000 1
145.7000000000 0.4473187500 1
145.8000000000 0.4473375000 1
145.9000000000 0.4473562500 1
146.0000000000 0.4473750000 1
146.1000000000 0.4473937500 1
146.2000000000 0.4474125000 1
146.3000000000 0.4474312500 1
146.4000000000 0.4474500000 1
146.5000000000 0.4474687500 1
146.6000000000 0.4474875000 1
146.7000000000 0.4475062500 1
146.8000000000 0.4475250000 1
146.9000000000 0.4475437500 1
147.0000000000 0.4475625000 1
147.1000000000 0.4475812500 1
147.2000000000 0.4476000000 1
147.3000000000 0.4476187500 1
147.4000000000 0.4476375000 1
147.5000000000 0.4476562500 1
147.6000000000 0.4476750000 1
147.7000000000 0.4476937500 1
147.8000000000 0.4477125000 1
147.9000000000 0.4477312500 1
148.0000000000 0.4477500000 1
148.1000000000 0.4477687500 1
148.2000000000 0.4477875000 1
148.3000000000 0.4478062500 1
148.4000000000 0.4478250000 1
148.5000000000 0.4478437500 1
148.6000000000 0.4478625000 1
148.7000000000 0.4478812500 1
148.8000000000 0.4479000000 1
148.9000000000 0.4479187500 1
149.0000000000 0.4479375000 1
149.1000000000 0.4479562500 1
149.2000000000 0.4479750000 1
149.3000000000 0.4479937500 1
149.4000000000 0.4480125000 1
149.5000000000 0.4480312500 1
149.6000000000 0.4480500000 1
149.7000000000 0.4480687500 1
149.8000000000 0.4480875000 1
149.9000000000 0.4481062500 1
150.0000000000 0.4481250000 1
150.1000000000 0.4481437500 1
150.2000000000 0.4481625000 1
150.3000000000 0.4481812500 1
150.4000000000 0.4482000000 1
150.5000000000 0.4482187500 1
150.6000000000 0.4482375000 1
150.7000000000 0.4482562500 1
150.8000000000 0.4482750000 1
150.9000000000 0.4482937500 1
151.0000000000 0.4483125000 1
151.1000000000 0.4483312500 1
151.2000000000 0.4483500000 1
151.3000000000 0.4483687500 1
151.4000000000 0.4483875000 1
151.5000000000 0.4484062500 1
151.6000000000 0.4484250000 1
151.7000000000 0.4484437500 1
151.8000000000 0.4484625000 1
151.9000000000 0.4484812500 1
152.0000000000 0.4485000000 1
152.1000000000 0.4485187500 1
152.2000000000 0.4485375000 1
152.3000000000 0.4485562500 1
152.4000000000 0.4485750000 1
152.5000000000 0.4485937500 1
152.6000000000 0.4486125000 1
152.7000000000 0.4486312500 1
152.8000000000 0.4486500000 1
152.9000000000 0.4486687500 1
153.0000000000 0.4486875000 1
153.1000000000 0.4487062500 1
153.2000000000 0.4487250000 1
153.3000000000 0.4487437500 1
153.4000000000 0.4487625000 1
153.5000000000 0.4487812500 1
153.6000000000 0.4488000000 1
153.7000000000 0.4488187500 1
153.8000000000 0.4488375000 1
153.9000000000 0.4488562500 1
154.0000000000 0.4488750000 1
154.1000000000 0.4488937500 1
154.2000000000 0.4489125000 1
154.3000000000 0.4489312500 1
154.4000000000 0.4489500000 1
154.5000000000 0.4489687500 1
154.6000000000 0.4489875000 1
154.7000000000 0.4490062500 1
154.8000000000 0.4490250000 1
154.9000000000 0.4490437500 1
155.0000000000 0.4490625000 1
155.1000000000 0.4490812500 1
155.2000000000 0.4491000000 1
155.3000000000 0.4491187500 1
155.4000000000 0.4491375000 1
155.5000000000 0.4491562500 1
155.6000000000 0.4491750000 1
155.7000000000 0.4491937500 1
155.8000000000 0.4492125000 1
155.9000000000 0.4492312500 1
156.0000000000 0.4492500000 1
156.1000000000 0.4492687500 1
156.2000000000 0.4492875000 1
156.3000000000 0.4493062500 1
156.4000000000 0.4493250000 1
156.5000000000 0.4493437500 1
156.6000000000 0.4493625000 1
156.7000000000 0.4493812500 1
156.8000000000 0.4494000000 1
156.9000000000 0.4494187500 1
157.0000000000 0.4494375000 1
157.1000000000 0.4494562500 1
157.2000000000 0.4494750000 1
157.3000000000 0.4494937500 1
157.4000000000 0.4495125000 1
157.5000000000 0.4495312500 1
157.6000000000 0.4495500000 1
157.7000000000 0.4495687500 1
157.8000000000 0.4495875000 1
157.9000000000 0.4496062500 1
158.0000000000 0.4496250000 1
158.1000000000 0.4496437500 1
158.2000000000 0.4496625000 1
158.3000000000 0.4496812500 1
158.4000000000 0.4497000000 1
158.5000000000 0.4497187500 1
158.6000000000 0.4497375000 1
158.7000000000 0.4497562500 1
158.8000000000 0.4497750000 1
158.9000000000 0.4497937500 1
159.0000000000 0.4498125000 1
159.1000000000 0.4498312500 1
159.2000000000 0.4498500000 1
159.3000000000 0.4498687500 1
159.4000000000 0.4498875000 1
159.5000000000 0.4499062500 1
159.6000000000 0.4499250000 1
159.7000000000 0.4499437500 1
159.8000000000 0.4499625000 1
159.9000000000 0.4499812500 1
160.0000000000 0.4500000000 1
160.1000000000 0.4500187500 1
160.2000000000 0.4500375000 1
160.3000000000 0.4500562500 1
160.4000000000 0.4500750000 1
160.5000000000 0.4500937500 1
160.6000000000 0.4501125000 1
160.7000000000 0.4501312500 1
160.8000000000 0.4501500000 1
160.9000000000 0.4501687500 1
161.0000000000 0.4501875000 1
161.1000000000 0.4502062500 1
161.2000000000 0.4502250000 1
161.3000000000 0.4502437500 1
161.4000000000 0.4502625000 1
161.5000000000 0.4502812500 1
161.6000000000 0.4503000000 1
161.7000000000 0.4503187500 1
161.8000000000 0.4503375000 1
161.9000000000 0.4503562500 1
162.0000000000 0.4503750000 1
162.1000000000 0.4503937500 1
162.2000000000 0.4504125000 1
162.3000000000 0.4504312500 1
162.4000000000 0.4504500000 1
162.5000000000 0.4504687500 1
162.6000000000 0.4504875000 1
162.7000000000 0.4505062500 1
162.8000000000 0.4505250000 1
162.9000000000 0.4505437500 1
163.0000000000 0.4505625000 1
163.1000000000 0.4505812500 1
163.2000000000 0.4506000000 1
163.3000000000 0.4506187500 1
163.4000000000 0.4506375000 1
163.5000000000 0.4506562500 1
163.6000000000 0.4506750000 1
163.7000000000 0.4506937500 1
163.8000000000 0.4507125000 1
163.9000000000 0.4507312500 1
164.0000000000 0.4507500000 1
164.1000000000 0.4507687500 1
164.2000000000 0.4507875000 1
164.3000000000 0.4508062500 1
164.4000000000 0.4508250000 1
164.5000000000 0.4508437500 1
164.6000000000 0.4508625000 1
164.7000000000 0.4508812500 1
164.8000000000 0.4509000000 1
164.9000000000 0.4509187500 1
165.0000000000 0.4509375000 1
165.1000000000 0.4509562500 1
165.2000000000 0.4509750000 1
165.3000000000 0.4509937500 1
165.4000000000 0.4510125000 1
165.5000000000 0.4510312500 1
165.6000000000 0.4510500000 1
165.7000000000 0.4510687500 1
165.8000000000 0.4510875000 1
165.9000000000 0.4511062500 1
166.0000000000 0.4511250000 1
166.1000000000 0.4511437500 1
166.2000000000 0.4511625000 1
166.3000000000 0.4511812500 1
166.4000000000 0.4512000000 1
166.5000000000 0.4512187500 1
166.6000000000 0.4512375000 1
166.7000000000 0.4512562500 1
166.8000000000 0.4512750000 1
166.9000000000 0.4512937500 1
167.0000000000 0.4513125000 1
167.1000000000 0.4513312500 1
167.2000000000 0.4513500000 1
167.3000000000 0.4513687500 1
167.4000000000 0.4513875000 1
167.5000000000 0.4514062500 1
167.6000000000 0.4514250000 1
167.7000000000 0.4514437500 1
167.8000000000 0.4514625000 1
167.9000000000 0.4514812500 1
168.0000000000 0.4515000000 1
168.1000000000 0.4515187500 1
168.2000000000 0.4515375000 1
168.3000000000 0.4515562500 1
168.4000000000 0.4515750000 1
168.5000000000 0.4515937500 1
168.6000000000 0.4516125000 1
168.7000000000 0.4516312500 1
168.8000000000 0.4516500000 1
168.9000000000 0.4516687500 1
169.0000000000 0.4516875000 1
169.1000000000 0.4517062500 1
169.2000000000 0.4517250000 1
169.3000000000 0.4517437500 1
169.4000000000 0.4517625000 1
169.5000000000 0.4517812500 1
169.6000000000 0.4518000000 1
169.7000000000 0.4518187500 1
169.8000000000 0.4518375000 1
169.9000000000 0.4518562500 1
170.0000000000 0.4518750000 1
170.1000000000 0.4518937500 1
170.2000000000 0.4519125000 1
170.3000000000 0.4519312500 1
170.4000000000 0.4519500000 1
170.5000000000 0.4519687500 1
170.6000000000 0.4519875000 1
170.7000000000 0.4520062500 1
170.8000000000 0.4520250000 1
170.9000000000 0.4520437500 1
171.0000000000 0.4520625000 1
171.1000000000 0.4520812500 1
171.2000000000 0.4521000000 1
171.3000000000 0.4521187500 1
171.4000000000 0.4521375000 1
171.5000000000 0.4521562500 1
171.6000000000 0.4521750000 1
171.7000000000 0.4521937500 1
171.8000000000 0.4522125000 1
171.9000000000 0.4522312500 1
172.0000000000 0.4522500000 1
172.1000000000 0.4522687500 1
172.2000000000 0.4522875000 1
172.3000000000 0.4523062500 1
172.4000000000 0.4523250000 1
172.5000000000 0.4523437500 1
172.6000000000 0.4523625000 1
172.7000000000 0.4523812500 1
172.8000000000 0.4524000000 1
172.9000000000 0.4524187500 1
173.0000000000 0.4524375000 1
173.1000000000 0.4524562500 1
173.2000000000 0.4524750000 1
173.3000000000 0.4524937500 1
173.4000000000 0.4525125000 1
173.5000000000 0.4525312500 1
173.6000000000 0.4525500000 1
173.7000000000 0.4525687500 1
173.8000000000 0.4525875000 1
173.9000000000 0.4526062500 1
174.0000000000 0.4526250000 1
174.1000000000 0.4526437500 1
174.2000000000 0.4526625000 1
174.3000000000 0.4526812500 1
174.4000000000 0.4527000000 1
174.5000000000 0.4527187500 1
174.6000000000 0.4527375000 1
174.7000000000 0.4527562500 1
174.8000000000 0.4527750000 1
174.9000000000 0.4527937500 1
175.0000000000 0.4528125000 1
175.1000000000 0.4528312500 1
175.2000000000 0.4528500000 1
175.3000000000 0.4528687500 1
175.4000000000 0.4528875000 1
175.5000000000 0.4529062500 1
175.6000000000 0.4529250000 1
175.7000000000 0.4529437500 1
175.8000000000 0.4529625000 1
175.9000000000 0.4529812500 1
176.0000000000 0.4530000000 1
176.1000000000 0.4530187500 1
176.2000000000 0.4530375000 1
176.3000000000 0.4530562500 1
176.4000000000 0.4530750000 1
176.5000000000 0.4530937500 1
176.6000000000 0.4531125000 1
176.7000000000 0.4531312500 1
176.8000000000 0.4531500000 1
176.9000000000 0.4531687500 1
177.0000000000 0.4531875000 1
177.1000000000 0.4532062500 1
177.2000000000 0.4532250000 1
177.3000000000 0.4532437500 1
177.4000000000 0.4532625000 1
177.5000000000 0.4532812500 1
177.6000000000 0.4533000000 1
177.7000000000 0.4533187500 1
177.8000000000 0.4533375000 1
177.9000000000 0.4533562500 1
178.0000000000 0.4533750000 1
178.1000000000 0.4533937500 1
178.2000000000 0.4534125000 1
178.3000000000 0.4534312500 1
178.4000000000 0.4534500000 1
178.5000000000 0.4534687500 1
178.6000000000 0.4534875000 1
178.7000000000 0.4535062500 1
178.8000000000 0.4535250000 1
178.9000000000 0.4535437500 1
179.0000000000 0.4535625000 1
179.1000000000 0.4535812500 1
179.2000000000 0.4536000000 1
179.3000000000 0.4536187500 1
179.4000000000 0.4536375000 1
179.5000000000 0.4536562500 1
179.6000000000 0.4536750000 1
179.7000000000 0.4536937500 1
179.8000000000 0.4537125000 1
179.9000000000 0.4537312500 1
180.0000000000 0.4537500000 1
180.1000000000 0.4537687500 1
180.2000000000 0.4537875000 1
180.3000000000 0.4538062500 1
180.4000000000 0.4538250000 1
180.5000000000 0.4538437500 1
180.6000000000 0.4538625000 1
180.7000000000 0.4538812500 1
180.8000000000 0.4539000000 1
180.9000000000 0.4539187500 1
181.0000000000 0.4539375000 1
181.1000000000 0.4539562500 1
181.2000000000 0.4539750000 1
181.3000000000 0.4539937500 1
181.4000000000 0.4540125000 1
181.5000000000 0.4540312500 1
181.6000000000 0.4540500000 1
181.7000000000 0.4540687500 1
181.8000000000 0.4540875000 1
181.9000000000 0.4541062500 1
182.0000000000 0.4541250000 1
182.1000000000 0.4541437500 1
182.2000000000 0.4541625000 1
182.3000000000 0.4541812500 1
182.4000000000 0.4542000000 1
182.5000000000 0.4542187500 1
182.6000000000 0.4542375000 1
182.7000000000 0.4542562500 1
182.8000000000 0.4542750000 1
182.9000000000 0.4542937500 1
183.0000000000 0.4543125000 1
183.1000000000 0.4543312500 1
183.2000000000 0.4543500000 1
183.3000000000 0.4543687500 1
183.4000000000 0.4543875000 1
183.5000000000 0.4544062500 1
183.6000000000 0.4544250000 1
183.7000000000 0.4544437500 1
183.8000000000 0.4544625000 1
183.9000000000 0.4544812500 1
184.0000000000 0.4545000000 1
184.1000000000 0.4545187500 1
184.2000000000 0.4545375000 1
184.3000000000 0.4545562500 1
184.4000000000 0.4545750000 1
184.5000000000 0.4545937500 1
184.6000000000 0.4546125000 1
184.7000000000 0.4546312500 1
184.8000000000 0.4546500000 1
184.9000000000 0.4546687500 1
185.0000000000 0.4546875000 1
185.1000000000 0.4547062500 1
185.2000000000 0.4547250000 1
185.3000000000 0.4547437500 1
185.4000000000 0.4547625000 1
185.5000000000 0.4547812500 1
185.6000000000 0.4548000000 1
185.7000000000 0.4548187500 1
185.8000000000 0.4548375000 1
185.9000000000 0.4548562500 1
186.0000000000 0.4548750000 1
186.1000000000 0.4548937500 1
186.2000000000 0.4549125000 1
186.3000000000 0.4549312500 1
186.4000000000 0.4549500000 1
186.5000000000 0.4549687500 1
186.6000000000 0.4549875000 1
186.7000000000 0.4550062500 1
186.8000000000 0.4550250000 1
186.9000000000 0.4550437500 1
187.0000000000 0.4550625000 1
187.1000000000 0.4550812500 1
187.2000000000 0.4551000000 1
187.3000000000 0.4551187500 1
187.4000000000 0.4551375000 1
187.5000000000 0.4551562500 1
187.6000000000 0.4551750000 1
187.7000000000 0.4551937500 1
187.8000000000 0.4552125000 1
187.9000000000 0.4552312500 1
188.0000000000 0.4552500000 1
188.1000000000 0.4552687500 1
188.2000000000 0.4552875000 1
188.3000000000 0.4553062500 1
188.4000000000 0.4553250000 1
188.5000000000 0.4553437500 1
188.6000000000 0.4553625000 1
188.7000000000 0.4553812500 1
188.8000000000 0.4554000000 1
188.9000000000 0.4554187500 1
189.0000000000 0.4554375000 1
189.1000000000 0.4554562500 1
189.2000000000 0.4554750000 1
189.3000000000 0.4554937500 1
189.4000000000 0.4555125000 1
189.5000000000 0.4555312500 1
189.6000000000 0.4555500000 1
189.7000000000 0.4555687500 1
189.8000000000 0.4555875000 1
189.9000000000 0.4556062500 1
190.0000000000 0.4556250000 1
190.1000000000 0.4556437500 1
190.2000000000 0.4556625000 1
190.3000000000 0.4556812500 1
190.4000000000 0.4557000000 1
190.5000000000 0.4557187500 1
190.6000000000 0.4557375000 1
190.7000000000 0.4557562500 1
190.8000000000 0.4557750000 1
190.9000000000 0.4557937500 1
191.0000000000 0.4558125000 1
191.1000000000 0.4558312500 1
191.2000000000 0.4558500000 1
191.3000000000 0.4558687500 1
191.4000000000 0.4558875000 1
191.5000000000 0.4559062500 1
191.6000000000 0.4559250000 1
191.7000000000 0.4559437500 1
191.8000000000 0.4559625000 1
191.9000000000 0.4559812500 1
192.0000000000 0.4560000000 1
192.1000000000 0.4560187500 1
192.2000000000 0.4560375000 1
192.3000000000 0.4560562500 1
192.4000000000 0.4560750000 1
192.5000000000 0.4560937500 1
192.6000000000 0.4561125000 1
192.7000000000 0.4561312500 1
192.8000000000 0.4561500000 1
192.9000000000 0.4561687500 1
193.0000000000 0.4561875000 1
193.1000000000 0.4562062500 1
193.2000000000 0.4562250000 1
193.3000000000 0.4562437500 1
193.4000000000 0.4562625000 1
193.5000000000 0.4562812500 1
193.6000000000 0.4563000000 1
193.7000000000 0.4563187500 1
193.8000000000 0.4563375000 1
193.9000000000 0.4563562500 1
194.0000000000 0.4563750000 1
194.1000000000 0.4563937500 1
194.2000000000 0.4564125000 1
194.3000000000 0.4564312500 1
194.4000000000 0.4564500000 1
194.5000000000 0.4564687500 1
194.6000000000 0.4564875000 1
194.7000000000 0.4565062500 1
194.8000000000 0.4565250000 1
194.9000000000 0.4565437500 1
195.0000000000 0.4565625000 1
195.1000000000 0.4565812500 1
195.2000000000 0.4566000000 1
195.3000000000 0.4566187500 1
195.4000000000 0.4566375000 1
195.5000000000 0.4566562500 1
195.6000000000 0.4566750000 1
195.7000000000 0.4566937500 1
195.8000000000 0.4567125000 1
195.9000000000 0.4567312500 1
196.0000000000 0.4567500000 1
196.1000000000 0.4567687500 1
196.2000000000 0.4567875000 1
196.3000000000 0.4568062500 1
196.4000000000 0.4568250000 1
196.5000000000 0.4568437500 1
196.6000000000 0.4568625000 1
196.7000000000 0.4568812500 1
196.8000000000 0.4569000000 1
196.9000000000 0.4569187500 1
197.0000000000 0.4569375000 1
197.1000000000 0.4569562500 1
197.2000000000 0.4569750000 1
197.3000000000 0.4569937500 1
197.4000000000 0.4570125000 1
197.5000000000 0.4570312500 1
197.6000000000 0.4570500000 1
197.7000000000 0.4570687500 1
197.8000000000 0.4570875000 1
197.9000000000 0.4571062500 1
198.0000000000 0.4571250000 1
198.1000000000 0.4571437500 1
198.2000000000 0.4571625000 1
198.3000000000 0.4571812500 1
198.4000000000 0.4572000000 1
198.5000000000 0.4572187500 1
198.6000000000 0.4572375000 1
198.7000000000 0.4572562500 1
198.8000000000 0.4572750000 1
198.9000000000 0.4572937500 1
199.0000000000 0.4573125000 1
199.1000000000 0.4573312500 1
199.2000000000 0.4573500000 1
199.3000000000 0.4573687500 1
199.4000000000 0.4573875000 1
199.5000000000 0.4574062500 1
199.6000000000 0.4574250000 1
199.7000000000 0.4574437500 1
199.8000000000 0.4574625000 1
199.9000000000 0.4574812500 1
200.0000000000 0.4575000000 1
200.1000000000 0.4575187500 1
200.2000000000 0.4575375000 1
200.3000000000 0.4575562500 1
200.4000000000 0.4575750000 1
200.5000000000 0.4575937500 1
200.6000000000 0.4576125000 1
200.7000000000 0.4576312500 1
200.8000000000 0.4576500000 1
200.9000000000 0.4576687500 1
201.0000000000 0.4576875000 1
201.1000000000 0.4577062500 1
201.2000000000 0.4577250000 1
201.3000000000 0.4577437500 1
201.4000000000 0.4577625000 1
201.5000000000 0.4577812500 1
201.6000000000 0.4578000000 1
201.7000000000 0.4578187500 1
201.8000000000 0.4578375000 1
201.9000000000 0.4578562500 1
202.0000000000 0.4578750000 1
202.1000000000 0.4578937500 1
202.2000000000 0.4579125000 1
202.3000000000 0.4579312500 1
202.4000000000 0.4579500000 1
202.5000000000 0.4579687500 1
202.6000000000 0.4579875000 1
202.7000000000 0.4580062500 1
202.8000000000 0.4580250000 1
202.9000000000 0.4580437500 1
203.0000000000 0.4580625000 1
203.1000000000 0.4580812500 1
203.2000000000 0.4581000000 1
203.3000000000 0.4581187500 1
203.4000000000 0.4581375000 1
203.5000000000 0.4581562500 1
203.6000000000 0.4581750000 1
203.7000000000 0.4581937500 1
203.8000000000 0.4582125000 1
203.9000000000 0.4582312500 1
204.0000000000 0.4582500000 1
204.1000000000 0.4582687500 1
204.2000000000 0.4582875000 1
204.3000000000 0.4583062500 1
204.4000000000 0.4583250000 1
204.5000000000 0.4583437500 1
204.6000000000 0.4583625000 1
204.7000000000 0.4583812500 1
204.8000000000 0.4584000000 1
204.9000000000 0.4584187500 1
205.0000000000 0.4584375000 1
205.1000000000 0.4584562500 1
205.2000000000 0.4584750000 1
205.3000000000 0.4584937500 1
205.4000000000 0.4585125000 1
205.5000000000 0.4585312500 1
205.6000000000 0.4585500000 1
205.7000000000 0.4585687500 1
205.8000000000 0.4585875000 1
205.9000000000 0.4586062500 1
206.0000000000 0.4586250000 1
206.1000000000 0.4586437500 1
206.2000000000 0.4586625000 1
206.3000000000 0.4586812500 1
206.4000000000 0.4587000000 1
206.5000000000 0.4587187500 1
206.6000000000 0.4587375000 1
206.7000000000 0.4587562500 1
206.8000000000 0.4587750000 1
206.9000000000 0.4587937500 1
207.0000000000 0.4588125000 1
207.1000000000 0.4588312500 1
207.2000000000 0.4588500000 1
207.3000000000 0.4588687500 1
207.4000000000 0.4588875000 1
207.5000000000 0.4589062500 1
207.6000000000 0.4589250000 1
207.7000000000 0.4589437500 1
207.8000000000 0.4589625000 1
207.9000000000 0.4589812500 1
208.0000000000 0.4590000000 1
208.1000000000 0.4590187500 1
208.2000000000 0.4590375000 1
208.3000000000 0.4590562500 1
208.4000000000 0.4590750000 1
208.5000000000 0.4590937500 1
208.6000000000 0.4591125000 1
208.7000000000 0.4591312500 1
208.8000000000 0.4591500000 1
208.9000000000 0.4591687500 1
209.0000000000 0.4591875000 1
209.1000000000 0.4592062500 1
209.2000000000 0.4592250000 1
209.3000000000 0.4592437500 1
209.4000000000 0.4592625000 1
209.5000000000 0.4592812500 1
209.6000000000 0.4593000000 1
209.7000000000 0.4593187500 1
209.8000000000 0.4593375000 1
209.9000000000 0.4593562500 1
210.0000000000 0.4593750000 1
210.1000000000 0.4593937500 1
210.2000000000 0.4594125000 1
210.3000000000 0.4594312500 1
210.4000000000 0.4594500000 1
210.5000000000 0.4594687500 1
210.6000000000 0.4594875000 1
210.7000000000 0.4595062500 1
210.8000000000 0.4595250000 1
210.9000000000 0.4595437500 1
211.0000000000 0.4595625000 1
211.1000000000 0.4595812500 1
211.2000000000 0.4596000000 1
211.3000000000 0.4596187500 1
211.4000000000 0.4596375000 1
211.5000000000 0.4596562500 1
211.6000000000 0.4596750000 1
211.7000000000 0.4596937500 1
211.8000000000 0.4597125000 1
211.9000000000 0.4597312500 1
212.0000000000 0.4597500000 1
212.1000000000 0.4597687500 1
212.2000000000 0.4597875000 1
212.3000000000 0.4598062500 1
212.4000000000 0.4598250000 1
212.5000000000 0.4598437500 1
212.6000000000 0.4598625000 1
212.7000000000 0.4598812500 1
212.8000000000 0.4599000000 1
212.9000000000 0.4599187500 1
213.0000000000 0.4599375000 1
213.1000000000 0.4599562500 1
213.2000000000 0.4599750000 1
213.3000000000 0.4599937500 1
213.4000000000 0.4600125000 1
213.5000000000 0.4600312500 1
213.6000000000 0.4600500000 1
213.7000000000 0.4600687500 1
213.8000000000 0.4600875000 1
213.9000000000 0.4601062500 1
214.0000000000 0.4601250000 1
214.1000000000 0.4601437500 1
214.2000000000 0.4601625000 1
214.3000000000 0.4601812500 1
214.4000000000 0.4602000000 1
214.5000000000 0.4602187500 1
214.6000000000 0.4602375000 1
214.7000000000 0.4602562500 1
214.8000000000 0.4602750000 1
214.9000000000 0.4602937500 1
215.0000000000 0.4603125000 1
215.1000000000 0.4603312500 1
215.2000000000 0.4603500000 1
215.3000000000 0.4603687500 1
215.4000000000 0.4603875000 1
215.5000000000 0.4604062500 1
215.6000000000 0.4604250000 1
215.7000000000 0.4604437500 1
215.8000000000 0.4604625000 1
215.9000000000 0.4604812500 1
216.0000000000 0.4605000000 1
216.1000000000 0.4605187500 1
216.2000000000 0.4605375000 1
216.3000000000 0.4605562500 1
216.4000000000 0.4605750000 1
216.5000000000 0.4605937500 1
216.6000000000 0.4606125000 1
216.7000000000 0.4606312500 1
216.8000000000 0.4606500000 1
216.9000000000 0.4606687500 1
217.0000000000 0.4606875000 1
217.1000000000 0.4607062500 1
217.2000000000 0.4607250000 1
217.3000000000 0.4607437500 1
217.4000000000 0.4607625000 1
217.5000000000 0.4607812500 1
217.6000000000 0.4608000000 1
217.7000000000 0.4608187500 1
217.8000000000 0.4608375000 1
217.9000000000 0.4608562500 1
218.0000000000 0.4608750000 1
218.1000000000 0.4608937500 1
218.2000000000 0.4609125000 1
218.3000000000 0.4609312500 1
218.4000000000 0.4609500000 1
218.5000000000 0.4609687500 1
218.6000000000 0.4609875000 1
218.7000000000 0.4610062500 1
218.8000000000 0.4610250000 1
218.9000000000 0.4610437500 1
219.0000000000 0.4610625000 1
219.1000000000 0.4610812500 1
219.2000000000 0.4611000000 1
219.3000000000 0.4611187500 1
219.4000000000 0.4611375000 1
219.5000000000 0.4611562500 1
219.6000000000 0.4611750000 1
219.7000000000 0.4611937500 1
219.8000000000 0.4612125000 1
219.9000000000 0.4612312500 1
220.0000000000 0.4612500000 1
220.1000000000 0.4612687500 1
220.2000000000 0.4612875000 1
220.3000000000 0.4613062500 1
220.4000000000 0.4613250000 1
220.5000000000 0.4613437500 1
220.6000000000 0.4613625000 1
220.7000000000 0.4613812500 1
220.8000000000 0.4614000000 1
220.9000000000 0.4614187500 1
221.0000000000 0.4614375000 1
221.1000000000 0.4614562500 1
221.2000000000 0.4614750000 1
221.3000000000 0.4614937500 1
221.4000000000 0.4615125000 1
221.5000000000 0.4615312500 1
221.6000000000 0.4615500000 1
221.7000000000 0.4615687500 1
221.8000000000 0.4615875000 1
221.9000000000 0.4616062500 1
222.0000000000 0.4616250000 1
222.1000000000 0.4616437500 1
222.2000000000 0.4616625000 1
222.3000000000 0.4616812500 1
222.4000000000 0.4617000000 1
222.5000000000 0.4617187500 1
222.6000000000 0.4617375000 1
222.7000000000 0.4617562500 1
222.8000000000 0.4617750000 1
222.9000000000 0.4617937500 1
223.0000000000 0.4618125000 1
223.1000000000 0.4618312500 1
223.2000000000 0.4618500000 1
223.3000000000 0.4618687500 1
223.4000000000 0.4618875000 1
223.5000000000 0.4619062500 1
223.6000000000 0.4619250000 1
223.7000000000 0.4619437500 1
223.8000000000 0.4619625000 1
223.9000000000 0.4619812500 1
224.0000000000 0.4620000000 1
224.1000000000 0.4620187500 1
224.2000000000 0.4620375000 1
224.3000000000 0.4620562500 1
224.4000000000 0.4620750000 1
224.5000000000 0.4620937500 1
224.6000000000 0.4621125000 1
224.7000000000 0.4621312500 1
224.8000000000 0.4621500000 1
224.9000000000 0.4621687500 1
225.0000000000 0.4621875000 1
225.1000000000 0.4622062500 1
225.2000000000 0.4622250000 1
225.3000000000 0.4622437500 1
225.4000000000 0.4622625000 1
225.5000000000 0.4622812500 1
225.6000000000 0.4623000000 1
225.7000000000 0.4623187500 1
225.8000000000 0.4623375000 1
225.9000000000 0.4623562500 1
226.0000000000 0.4623750000 1
226.1000000000 0.4623937500 1
226.2000000000 0.4624125000 1
226.3000000000 0.4624312500 1
226.4000000000 0.4624500000 1
226.5000000000 0.4624687500 1
226.6000000000 0.4624875000 1
226.7000000000 0.4625062500 1
226.8000000000 0.4625250000 1
226.9000000000 0.4625437500 1
227.0000000000 0.4625625000 1
227.1000000000 0.4625812500 1
227.2000000000 0.4626000000 1
227.3000000000 0.4626187500 1
227.4000000000 0.4626375000 1
227.5000000000 0.4626562500 1
227.6000000000 0.4626750000 1
227.7000000000 0.4626937500 1
227.8000000000 0.4627125000 1
227.9000000000 0.4627312500 1
228.0000000000 0.4627500000 1
228.1000000000 0.4627687500 1
228.2000000000 0.4627875000 1
228.3000000000 0.4628062500 1
228.4000000000 0.4628250000 1
228.5000000000 0.4628437500 1
228.6000000000 0.4628625000 1
228.7000000000 0.4628812500 1
228.8000000000 0.4629000000 1
228.9000000000 0.4629187500 1
229.0000000000 0.4629375000 1
229.1000000000 0.4629562500 1
229.2000000000 0.4629750000 1
229.3000000000 0.4629937500 1
229.4000000000 0.4630125000 1
229.5000000000 0.4630312500 1
229.6000000000 0.4630500000 1
229.7000000000 0.4630687500 1
229.8000000000 0.4630875000 1
229.9000000000 0.4631062500 1
230.0000000000 0.4631250000 1
230.1000000000 0.4631437500 1
230.2000000000 0.4631625000 1
230.3000000000 0.4631812500 1
230.4000000000 0.4632000000 1
230.5000000000 0.4632187500 1
230.6000000000 0.4632375000 1
230.7000000000 0.4632562500 1
230.8000000000 0.4632750000 1
230.9000000000 0.4632937500 1
231.0000000000 0.4633125000 1
231.1000000000 0.4633312500 1
231.2000000000 0.4633500000 1
231.3000000000 0.4633687500 1
231.4000000000 0.4633875000 1
231.5000000000 0.4634062500 1
231.6000000000 0.4634250000 1
231.7000000000 0.4634437500 1
231.8000000000 0.4634625000 1
231.9000000000 0.4634812500 1
232.0000000000 0.4635000000 1
232.1000000000 0.4635187500 1
232.2000000000 0.4635375000 1
232.3000000000 0.4635562500 1
232.4000000000 0.4635750000 1
232.5000000000 0.4635937500 1
232.6000000000 0.4636125000 1
232.7000000000 0.4636312500 1
232.8000000000 0.4636500000 1
232.9000000000 0.4636687500 1
233.0000000000 0.4636875000 1
233.1000000000 0.4637062500 1
233.2000000000 0.4637250000 1
233.3000000000 0.4637437500 1
233.4000000000 0.4637625000 1
233.5000000000 0.4637812500 1
233.6000000000 0.4638000000 1
233.7000000000 0.4638187500 1
233.8000000000 0.4638375000 1
233.9000000000 0.4638562500 1
234.0000000000 0.4638750000 1
234.1000000000 0.4638937500 1
234.2000000000 0.4639125000 1
234.3000000000 0.4639312500 1
234.4000000000 0.4639500000 1
234.5000000000 0.4639687500 1
234.6000000000 0.4639875000 1
234.7000000000 0.4640062500 1
234.8000000000 0.4640250000 1
234.9000000000 0.4640437500 1
235.0000000000 0.4640625000 1
235.1000000000 0.4640812500 1
235.2000000000 0.4641000000 1
235.3000000000 0.4641187500 1
235.4000000000 0.4641375000 1
235.5000000000 0.4641562500 1
235.6000000000 0.4641750000 1
235.7000000000 0.4641937500 1
235.8000000000 0.4642125000 1
235.9000000000 0.4642312500 1
236.0000000000 0.4642500000 1
236.1000000000 0.4642687500 1
236.2000000000 0.4642875000 1
236.3000000000 0.4643062500 1
236.4000000000 0.4643250000 1
236.5000000000 0.4643437500 1
236.6000000000 0.4643625000 1
236.7000000000 0.4643812500 1
236.8000000000 0.4644000000 1
236.9000000000 0.4644187500 1
237.0000000000 0.4644375000 1
237.1000000000 0.4644562500 1
237.2000000000 0.4644750000 1
237.3000000000 0.4644937500 1
237.4000000000 0.4645125000 1
237.5000000000 0.4645312500 1
237.6000000000 0.4645500000 1
237.7000000000 0.4645687500 1
237.8000000000 0.4645875000 1
237.9000000000 0.4646062500 1
238.0000000000 0.4646250000 1
238.1000000000 0.4646437500 1
238.2000000000 0.4646625000 1
238.3000000000 0.4646812500 1
238.4000000000 0.4647000000 1
238.5000000000 0.4647187500 1
238.6000000000 0.4647375000 1
238.7000000000 0.4647562500 1
238.8000000000 0.4647750000 1
238.9000000000 0.4647937500 1
239.0000000000 0.4648125000 1
239.1000000000 0.4648312500 1
239.2000000000 0.4648500000 1
239.3000000000 0.4648687500 1
239.4000000000 0.4648875000 1
239.5000000000 0.4649062500 1
239.6000000000 0.4649250000 1
239.7000000000 0.4649437500 1
239.8000000000 0.4649625000 1
239.9000000000 0.4649812500 1
240.0000000000 0.4650000000 1
240.1000000000 0.4650187500 1
240.2000000000 0.4650375000 1
240.3000000000 0.4650562500 1
240.4000000000 0.4650750000 1
240.5000000000 0.4650937500 1
240.6000000000 0.4651125000 1
240.7000000000 0.4651312500 1
240.8000000000 0.4651500000 1
240.9000000000 0.4651687500 1
241.0000000000 0.4651875000 1
241.1000000000 0.4652062500 1
241.2000000000 0.4652250000 1
241.3000000000 0.4652437500 1
241.4000000000 0.4652625000 1
241.5000000000 0.4652812500 1
241.6000000000 0.4653000000 1
241.7000000000 0.4653187500 1
241.8000000000 0.4653375000 1
241.9000000000 0.4653562500 1
242.0000000000 0.4653750000 1
242.1000000000 0.4653937500 1
242.2000000000 0.4654125000 1
242.3000000000 0.4654312500 1
242.4000000000 0.4654500000 1
242.5000000000 0.4654687500 1
242.6000000000 0.4654875000 1
242.7000000000 0.4655062500 1
242.8000000000 0.4655250000 1
242.9000000000 0.4655437500 1
243.0000000000 0.4655625000 1
243.1000000000 0.4655812500 1
243.2000000000 0.4656000000 1
243.3000000000 0.4656187500 1
243.4000000000 0.4656375000 1
243.5000000000 0.4656562500 1
243.6000000000 0.4656750000 1
243.7000000000 0.4656937500 1
243.8000000000 0.4657125000 1
243.9000000000 0.4657312500 1
244.0000000000 0.4657500000 1
244.1000000000 0.4657687500 1
244.2000000000 0.4657875000 1
244.3000000000 0.4658062500 1
244.4000000000 0.4658250000 1
244.5000000000 0.4658437500 1
244.6000000000 0.4658625000 1
244.7000000000 0.4658812500 1
244.8000000000 0.4659000000 1
244.9000000000 0.4659187500 1
245.0000000000 0.4659375000 1
245.1000000000 0.4659562500 1
245.2000000000 0.4659750000 1
245.3000000000 0.4659937500 1
245.4000000000 0.4660125000 1
245.5000000000 0.4660312500 1
245.6000000000 0.4660500000 1
245.7000000000 0.4660687500 1
245.8000000000 0.4660875000 1
245.9000000000 0.4661062500 1
246.0000000000 0.4661250000 1
246.1000000000 0.4661437500 1
246.2000000000 0.4661625000 1
246.3000000000 0.4661812500 1
246.4000000000 0.4662000000 1
246.5000000000 0.4662187500 1
246.6000000000 0.4662375000 1
246.7000000000 0.4662562500 1
246.8000000000 0.4662750000 1
246.9000000000 0.4662937500 1
247.0000000000 0.4663125000 1
247.1000000000 0.4663312500 1
247.2000000000 0.4663500000 1
247.3000000000 0.4663687500 1
247.4000000000 0.4663875000 1
247.5000000000 0.4664062500 1
247.6000000000 0.4664250000 1
247.7000000000 0.4664437500 1
247.8000000000 0.4664625000 1
247.9000000000 0.4664812500 1
248.0000000000 0.4665000000 1
248.1000000000 0.4665187500 1
248.2000000000 0.4665375000 1
248.3000000000 0.4665562500 1
248.4000000000 0.4665750000 1
248.5000000000 0.4665937500 1
248.6000000000 0.4666125000 1
248.7000000000 0.4666312500 1
248.8000000000 0.4666500000 1
248.9000000000 0.4666687500 1
249.0000000000 0.4666875000 1
249.1000000000 0.4667062500 1
249.2000000000 0.4667250000 1
249.3000000000 0.4667437500 1
249.4000000000 0.4667625000 1
249.5000000000 0.4667812500 1
249.6000000000 0.4668000000 1
249.7000000000 0.4668187500 1
249.8000000000 0.4668375000 1
249.9000000000 0.4668562500 1
250.0000000000 0.4668750000 1
250.1000000000 0.4668937500 1
250.2000000000 0.4669125000 1
250.3000000000 0.4669312500 1
250.4000000000 0.4669500000 1
250.5000000000 0.4669687500 1
250.6000000000 0.4669875000 1
250.7000000000 0.4670062500 1
250.8000000000 0.4670250000 1
250.9000000000 0.4670437500 1
251.0000000000 0.4670625000 1
251.1000000000 0.4670812500 1
251.2000000000 0.4671000000 1
251.3000000000 0.4671187500 1
251.4000000000 0.4671375000 1
251.5000000000 0.4671562500 1
251.6000000000 0.4671750000 1
251.7000000000 0.4671937500 1
251.8000000000 0.4672125000 1
251.9000000000 0.4672312500 1
252.0000000000 0.4672500000 1
252.1000000000 0.4672687500 1
252.2000000000 0.4672875000 1
252.3000000000 0.4673062500 1
252.4000000000 0.4673250000 1
252.5000000000 0.4673437500 1
252.6000000000 0.4673625000 1
252.7000000000 0.4673812500 1
252.8000000000 0.4674000000 1
252.9000000000 0.4674187500 1
253.0000000000 0.4674375000 1
253.1000000000 0.4674562500 1
253.2000000000 0.4674750000 1
253.3000000000 0.4674937500 1
253.4000000000 0.4675125000 1
253.5000000000 0.4675312500 1
253.6000000000 0.4675500000 1
253.7000000000 0.4675687500 1
253.8000000000 0.4675875000 1
253.9000000000 0.4676062500 1
254.0000000000 0.4676250000 1
254.1000000000 0.4676437500 1
254.2000000000 0.4676625000 1
254.3000000000 0.4676812500 1
254.4000000000 0.4677000000 1
254.5000000000 0.4677187500 1
254.6000000000 0.4677375000 1
254.7000000000 0.4677562500 1
254.8000000000 0.4677750000 1
254.9000000000 0.4677937500 1
255.0000000000 0.4678125000 1
255.1000000000 0.4678312500 1
255.2000000000 0.4678500000 1
255.3000000000 0.4678687500 1
255.4000000000 0.4678875000 1
255.5000000000 0.4679062500 1
255.6000000000 0.4679250000 1
255.7000000000 0.4679437500 1
255.8000000000 0.4679625000 1
255.9000000000 0.4679812500 1
256.0000000000 0.4680000000 1
256.1000000000 0.4680187500 1
256.2000000000 0.4680375000 1
256.3000000000 0.4680562500 1
256.4000000000 0.4680750000 1
256.5000000000 0.4680937500 1
256.6000000000 0.4681125000 1
256.7000000000 0.4681312500 1
256.8000000000 0.4681500000 1
256.9000000000 0.4681687500 1
257.0000000000 0.4681875000 1
257.1000000000 0.4682062500 1
257.2000000000 0.4682250000 1
257.3000000000 0.4682437500 1
257.4000000000 0.4682625000 1
257.5000000000 0.4682812500 1
257.6000000000 0.4683000000 1
257.7000000000 0.4683187500 1
257.8000000000 0.4683375000 1
257.9000000000 0.4683562500 1
258.0000000000 0.4683750000 1
258.1000000000 0.4683937500 1
258.2000000000 0.4684125000 1
258.3000000000 0.4684312500 1
258.4000000000 0.4684500000 1
258.5000000000 0.4684687500 1
258.6000000000 0.4684875000 1
258.7000000000 0.4685062500 1
258.8000000000 0.4685250000 1
258.9000000000 0.4685437500 1
259.0000000000 0.4685625000 1
259.1000000000 0.4685812500 1
259.2000000000 0.4686000000 1
259.3000000000 0.4686187500 1
259.4000000000 0.4686375000 1
259.5000000000 0.4686562500 1
259.6000000000 0.4686750000 1
259.7000000000 0.4686937500 1
259.8000000000 0.4687125000 1
259.9000000000 0.4687312500 1
260.0000000000 0.4687500000 1
260.1000000000 0.4687687500 1
260.2000000000 0.4687875000 1
260.3000000000 0.4688062500 1
260.4000000000 0.4688250000 1
260.5000000000 0.4688437500 1
260.6000000000 0.4688625000 1
260.7000000000 0.4688812500 1
260.8000000000 0.4689000000 1
260.9000000000 0.4689187500 1
261.0000000000 0.4689375000 1
261.1000000000 0.4689562500 1
261.2000000000 0.4689750000 1
261.3000000000 0.4689937500 1
261.4000000000 0.4690125000 1
261.5000000000 0.4690312500 1
261.6000000000 0.4690500000 1
261.7000000000 0.4690687500 1
261.8000000000 0.4690875000 1
261.9000000000 0.4691062500 1
262.0000000000 0.4691250000 1
262.1000000000 0.4691437500 1
262.2000000000 0.4691625000 1
262.3000000000 0.4691812500 1
262.4000000000 0.4692000000 1
262.5000000000 0.4692187500 1
262.6000000000 0.4692375000 1
262.7000000000 0.4692562500 1
262.8000000000 0.4692750000 1
262.9000000000 0.4692937500 1
263.0000000000 0.4693125000 1
263.1000000000 0.4693312500 1
263.2000000000 0.4693500000 1
263.3000000000 0.4693687500 1
263.4000000000 0.4693875000 1
263.5000000000 0.4694062500 1
263.6000000000 0.4694250000 1
263.7000000000 0.4694437500 1
263.8000000000 0.4694625000 1
263.9000000000 0.4694812500 1
264.0000000000 0.4695000000 1
264.1000000000 0.4695187500 1
264.2000000000 0.4695375000 1
264.3000000000 0.4695562500 1
264.4000000000 0.4695750000 1
264.5000000000 0.4695937500 1
264.6000000000 0.4696125000 1
264.7000000000 0.4696312500 1
264.8000000000 0.4696500000 1
264.9000000000 0.4696687500 1
265.0000000000 0.4696875000 1
265.1000000000 0.4697062500 1
265.2000000000 0.4697250000 1
265.3000000000 0.4697437500 1
265.4000000000 0.4697625000 1
265.5000000000 0.4697812500 1
265.6000000000 0.4698000000 1
265.7000000000 0.4698187500 1
265.8000000000 0.4698375000 1
265.9000000000 0.4698562500 1
266.0000000000 0.4698750000 1
266.1000000000 0.4698937500 1
266.2000000000 0.4699125000 1
266.3000000000 0.4699312500 1
266.4000000000 0.4699500000 1
266.5000000000 0.4699687500 1
266.6000000000 0.4699875000 1
266.7000000000 0.4700062500 1
266.8000000000 0.4700250000 1
266.9000000000 0.4700437500 1
267.0000000000 0.4700625000 1
267.1000000000 0.4700812500 1
267.2000000000 0.4701000000 1
267.3000000000 0.4701187500 1
267.4000000000 0.4701375000 1
267.5000000000 0.4701562500 1
267.6000000000 0.4701750000 1
267.7000000000 0.4701937500 1
267.8000000000 0.4702125000 1
267.9000000000 0.4702312500 1
268.0000000000 0.4702500000 1
268.1000000000 0.4702687500 1
268.2000000000 0.4702875000 1
268.3000000000 0.4703062500 1
268.4000000000 0.4703250000 1
268.5000000000 0.4703437500 1
268.6000000000 0.4703625000 1
268.7000000000 0.4703812500 1
268.8000000000 0.4704000000 1
268.9000000000 0.4704187500 1
269.0000000000 0.4704375000 1
269.1000000000 0.4704562500 1
269.2000000000 0.4704750000 1
269.3000000000 0.4704937500 1
269.4000000000 0.4705125000 1
269.5000000000 0.4705312500 1
269.6000000000 0.4705500000 1
269.7000000000 0.4705687500 1
269.8000000000 0.4705875000 1
269.9000000000 0.4706062500 1
270.0000000000 0.4706250000 1
270.1000000000 0.4706437500 1
270.2000000000 0.4706625000 1
270.3000000000 0.4706812500 1
270.4000000000 0.4707000000 1
270.5000000000 0.4707187500 1
270.6000000000 0.4707375000 1
270.7000000000 0.4707562500 1
270.8000000000 0.4707750000 1
270.9000000000 0.4707937500 1
271.0000000000 0.4708125000 1
271.1000000000 0.4708312500 1
271.2000000000 0.4708500000 1
271.3000000000 0.4708687500 1
271.4000000000 0.4708875000 1
271.5000000000 0.4709062500 1
271.6000000000 0.4709250000 1
271.7000000000 0.4709437500 1
271.8000000000 0.4709625000 1
271.9000000000 0.4709812500 1
272.0000000000 0.4710000000 1
272.1000000000 0.4710187500 1
272.2000000000 0.4710375000 1
272.3000000000 0.4710562500 1
272.4000000000 0.4710750000 1
272.5000000000 0.4710937500 1
272.6000000000 0.4711125000 1
272.7000000000 0.4711312500 1
272.8000000000 0.4711500000 1
272.9000000000 0.4711687500 1
273.0000000000 0.4711875000 1
273.1000000000 0.4712062500 1
273.2000000000 0.4712250000 1
273.3000000000 0.4712437500 1
273.4000000000 0.4712625000 1
273.5000000000 0.4712812500 1
273.6000000000 0.4713000000 1
273.7000000000 0.4713187500 1
273.8000000000 0.4713375000 1
273.9000000000 0.4713562500 1
274.0000000000 0.4713750000 1
274.1000000000 0.4713937500 1
274.2000000000 0.4714125000 1
274.3000000000 0.4714312500 1
274.4000000000 0.4714500000 1
274.5000000000 0.4714687500 1
274.6000000000 0.4714875000 1
274.7000000000 0.4715062500 1
274.8000000000 0.4715250000 1
274.9000000000 0.4715437500 1
275.0000000000 0.4715625000 1
275.1000000000 0.4715812500 1
275.2000000000 0.4716000000 1
275.3000000000 0.4716187500 1
275.4000000000 0.4716375000 1
275.5000000000 0.4716562500 1
275.6000000000 0.4716750000 1
275.7000000000 0.4716937500 1
275.8000000000 0.4717125000 1
275.9000000000 0.4717312500 1
276.0000000000 0.4717500000 1
276.1000000000 0.4717687500 1
276.2000000000 0.4717875000 1
276.3000000000 0.4718062500 1
276.4000000000 0.4718250000 1
276.5000000000 0.4718437500 1
276.6000000000 0.4718625000 1
276.7000000000 0.4718812500 1
276.8000000000 0.4719000000 1
276.9000000000 0.4719187500 1
277.0000000000 0.4719375000 1
277.1000000000 0.4719562500 1
277.2000000000 0.4719750000 1
277.3000000000 0.4719937500 1
277.4000000000 0.4720125000 1
277.5000000000 0.4720312500 1
277.6000000000 0.4720500000 1
277.7000000000 0.4720687500 1
277.8000000000 0.4720875000 1
277.9000000000 0.4721062500 1
278.0000000000 0.4721250000 1
278.1000000000 0.4721437500 1
278.2000000000 0.4721625000 1
278.3000000000 0.4721812500 1
278.4000000000 0.4722000000 1
278.5000000000 0.4722187500 1
278.6000000000 0.4722375000 1
278.7000000000 0.4722562500 1
278.8000000000 0.4722750000 1
278.9000000000 0.4722937500 1
279.0000000000 0.4723125000 1
279.1000000000 0.4723312500 1
279.2000000000 0.4723500000 1
279.3000000000 0.4723687500 1
279.4000000000 0.4723875000 1
279.5000000000 0.4724062500 1
279.6000000000 0.4724250000 1
279.7000000000 0.4724437500 1
279.8000000000 0.4724625000 1
279.9000000000 0.4724812500 1
280.0000000000 0.4725000000 1
280.1000000000 0.4725187500 1
280.2000000000 0.4725375000 1
280.3000000000 0.4725562500 1
280.4000000000 0.4725750000 1
280.5000000000 0.4725937500 1
280.6000000000 0.4726125000 1
280.7000000000 0.4726312500 1
280.8000000000 0.4726500000 1
280.9000000000 0.4726687500 1
281.0000000000 0.4726875000 1
281.1000000000 0.4727062500 1
281.2000000000 0.4727250000 1
281.3000000000 0.4727437500 1
281.4000000000 0.4727625000 1
281.5000000000 0.4727812500 1
281.6000000000 0.4728000000 1
281.7000000000 0.4728187500 1
281.8000000000 0.4728375000 1
281.9000000000 0.4728562500 1
282.0000000000 0.4728750000 1
282.1000000000 0.4728937500 1
282.2000000000 0.4729125000 1
282.3000000000 0.4729312500 1
282.4000000000 0.4729500000 1
282.5000000000 0.4729687500 1
282.6000000000 0.4729875000 1
282.7000000000 0.4730062500 1
282.8000000000 0.4730250000 1
282.9000000000 0.4730437500 1
283.0000000000 0.4730625000 1
283.1000000000 0.4730812500 1
283.2000000000 0.4731000000 1
283.3000000000 0.4731187500 1
283.4000000000 0.4731375000 1
283.5000000000 0.4731562500 1
283.6000000000 0.4731750000 1
283.7000000000 0.4731937500 1
283.8000000000 0.4732125000 1
283.9000000000 0.4732312500 1
284.0000000000 0.4732500000 1
284.1000000000 0.4732687500 1
284.2000000000 0.4732875000 1
284.3000000000 0.4733062500 1
284.4000000000 0.4733250000 1
284.5000000000 0.4733437500 1
284.6000000000 0.4733625000 1
284.7000000000 0.4733812500 1
284.8000000000 0.4734000000 1
284.9000000000 0.4734187500 1
285.0000000000 0.4734375000 1
285.1000000000 0.4734562500 1
285.2000000000 0.4734750000 1
285.3000000000 0.4734937500 1
285.4000000000 0.4735125000 1
285.5000000000 0.4735312500 1
285.6000000000 0.4735500000 1
285.7000000000 0.4735687500 1
285.8000000000 0.4735875000 1
285.9000000000 0.4736062500 1
286.0000000000 0.4736250000 1
286.1000000000 0.4736437500 1
286.2000000000 0.4736625000 1
286.3000000000 0.4736812500 1
286.4000000000 0.4737000000 1
286.5000000000 0.4737187500 1
286.6000000000 0.4737375000 1
286.7000000000 0.4737562500 1
286.8000000000 0.4737750000 1
286.9000000000 0.4737937500 1
287.0000000000 0.4738125000 1
287.1000000000 0.4738312500 1
287.2000000000 0.4738500000 1
287.3000000000 0.4738687500 1
287.4000000000 0.4738875000 1
287.5000000000 0.4739062500 1
287.6000000000 0.4739250000 1
287.7000000000 0.4739437500 1
287.8000000000 0.4739625000 1
287.9000000000 0.4739812500 1
288.0000000000 0.4740000000 1
288.1000000000 0.4740187500 1
288.2000000000 0.4740375000 1
288.3000000000 0.4740562500 1
288.4000000000 0.4740750000 1
288.5000000000 0.4740937500 1
288.6000000000 0.4741125000 1
288.7000000000 0.4741312500 1
288.8000000000 0.4741500000 1
288.9000000000 0.4741687500 1
289.0000000000 0.4741875000 1
289.1000000000 0.4742062500 1
289.2000000000 0.4742250000 1
289.3000000000 0.4742437500 1
289.4000000000 0.4742625000 1
289.5000000000 0.4742812500 1
289.6000000000 0.4743000000 1
289.7000000000 0.4743187500 1
289.8000000000 0.4743375000 1
289.9000000000 0.4743562500 1
290.0000000000 0.4743750000 1
290.1000000000 0.4743937500 1
290.2000000000 0.4744125000 1
290.3000000000 0.4744312500 1
290.4000000000 0.4744500000 1
290.5000000000 0.4744687500 1
290.6000000000 0.4744875000 1
290.7000000000 0.4745062500 1
290.8000000000 0.4745250000 1
290.9000000000 0.4745437500 1
291.0000000000 0.4745625000 1
291.1000000000 0.4745812500 1
291.2000000000 0.4746000000 1
291.3000000000 0.4746187500 1
291.4000000000 0.4746375000 1
291.5000000000 0.4746562500 1
291.6000000000 0.4746750000 1
291.7000000000 0.4746937500 1
291.8000000000 0.4747125000 1
291.9000000000 0.4747312500 1
292.0000000000 0.4747500000 1
292.1000000000 0.4747687500 1
292.2000000000 0.4747875000 1
292.3000000000 0.4748062500 1
292.4000000000 0.4748250000 1
292.5000000000 0.4748437500 1
292.6000000000 0.4748625000 1
292.7000000000 0.4748812500 1
292.8000000000 0.4749000000 1
292.9000000000 0.4749187500 1
293.0000000000 0.4749375000 1
293.1000000000 0.4749562500 1
293.2000000000 0.4749750000 1
293.3000000000 0.4749937500 1
293.4000000000 0.4750125000 1
293.5000000000 0.4750312500 1
293.6000000000 0.4750500000 1
293.7000000000 0.4750687500 1
293.8000000000 0.4750875000 1
293.9000000000 0.4751062500 1
294.0000000000 0.4751250000 1
294.1000000000 0.4751437500 1
294.2000000000 0.4751625000 1
294.3000000000 0.4751812500 1
294.4000000000 0.4752000000 1
294.5000000000 0.4752187500 1
294.6000000000 0.4752375000 1
294.7000000000 0.4752562500 1
294.8000000000 0.4752750000 1
294.9000000000 0.4752937500 1
295.0000000000 0.4753125000 1
295.1000000000 0.4753312500 1
295.2000000000 0.4753500000 1
295.3000000000 0.4753687500 1
295.4000000000 0.4753875000 1
295.5000000000 0.4754062500 1
295.6000000000 0.4754250000 1
295.7000000000 0.4754437500 1
295.8000000000 0.4754625000 1
295.9000000000 0.4754812500 1
296.0000000000 0.4755000000 1
296.1000000000 0.4755187500 1
296.2000000000 0.4755375000 1
296.3000000000 0.4755562500 1
296.4000000000 0.4755750000 1
296.5000000000 0.4755937500 1
296.6000000000 0.4756125000 1
296.7000000000 0.4756312500 1
296.8000000000 0.4756500000 1
296.9000000000 0.4756687500 1
297.0000000000 0.4756875000 1
297.1000000000 0.4757062500 1
297.2000000000 0.4757250000 1
297.3000000000 0.4757437500 1
297.4000000000 0.4757625000 1
297.5000000000 0.4757812500 1
297.6000000000 0.4758000000 1
297.7000000000 0.4758187500 1
297.8000000000 0.4758375000 1
297.9000000000 0.4758562500 1
298.0000000000 0.4758750000 1
298.1000000000 0.4758937500 1
298.2000000000 0.4759125000 1
298.3000000000 0.4759312500 1
298.4000000000 0.4759500000 1
298.5000000000 0.4759687500 1
298.6000000000 0.4759875000 1
298.7000000000 0.4760062500 1
298.8000000000 0.4760250000 1
298.9000000000 0.4760437500 1
299.0000000000 0.4760625000 1
299.1000000000 0.4760812500 1
299.2000000000 0.4761000000 1
299.3000000000 0.4761187500 1
299.4000000000 0.4761375000 1
299.5000000000 0.4761562500 1
299.6000000000 0.4761750000 1
299.7000000000 0.4761937500 1
299.8000000000 0.4762125000 1
299.9000000000 0.4762312500 1
300.0000000000 0.4762500000 1
300.1000000000 0.4762687500 1
300.2000000000 0.4762875000 1
300.3000000000 0.4763062500 1
300.4000000000 0.4763250000 1
300.5000000000 0.4763437500 1
300.6000000000 0.4763625000 1
300.7000000000 0.4763812500 1
300.8000000000 0.4764000000 1
300.9000000000 0.4764187500 1
301.0000000000 0.4764375000 1
301.1000000000 0.4764562500 1
301.2000000000 0.4764750000 1
301.3000000000 0.4764937500 1
301.4000000000 0.4765125000 1
301.5000000000 0.4765312500 1
301.6000000000 0.4765500000 1
301.7000000000 0.4765687500 1
301.8000000000 0.4765875000 1
301.9000000000 0.4766062500 1
302.0000000000 0.4766250000 1
302.1000000000 0.4766437500 1
302.2000000000 0.4766625000 1
302.3000000000 0.4766812500 1
302.4000000000 0.4767000000 1
302.5000000000 0.4767187500 1
302.6000000000 0.4767375000 1
302.7000000000 0.4767562500 1
302.8000000000 0.4767750000 1
302.9000000000 0.4767937500 1
303.0000000000 0.4768125000 1
303.1000000000 0.4768312500 1
303.2000000000 0.4768500000 1
303.3000000000 0.4768687500 1
303.4000000000 0.4768875000 1
303.5000000000 0.4769062500 1
303.6000000000 0.4769250000 1
303.7000000000 0.4769437500 1
303.8000000000 0.4769625000 1
303.9000000000 0.4769812500 1
304.0000000000 0.4770000000 1
304.1000000000 0.4770187500 1
304.2000000000 0.4770375000 1
304.3000000000 0.4770562500 1
304.4000000000 0.4770750000 1
304.5000000000 0.4770937500 1
304.6000000000 0.4771125000 1
304.7000000000 0.4771312500 1
304.8000000000 0.4771500000 1
304.9000000000 0.4771687500 1
305.0000000000 0.4771875000 1
305.1000000000 0.4772062500 1
305.2000000000 0.4772250000 1
305.3000000000 0.4772437500 1
305.4000000000 0.4772625000 1
305.5000000000 0.4772812500 1
305.6000000000 0.4773000000 1
305.7000000000 0.4773187500 1
305.8000000000 0.4773375000 1
305.9000000000 0.4773562500 1
306.0000000000 0.4773750000 1
306.1000000000 0.4773937500 1
306.2000000000 0.4774125000 1
306.3000000000 0.4774312500 1
306.4000000000 0.4774500000 1
306.5000000000 0.4774687500 1
306.6000000000 0.4774875000 1
306.7000000000 0.4775062500 1
306.8000000000 0.4775250000 1
306.9000000000 0.4775437500 1
307.0000000000 0.4775625000 1
307.1000000000 0.4775812500 1
307.2000000000 0.4776000000 1
307.3000000000 0.4776187500 1
307.4000000000 0.4776375000 1
307.5000000000 0.4776562500 1
307.6000000000 0.4776750000 1
307.7000000000 0.4776937500 1
307.8000000000 0.4777125000 1
307.9000000000 0.4777312500 1
308.0000000000 0.4777500000 1
308.1000000000 0.4777687500 1
308.2000000000 0.4777875000 1
308.3000000000 0.4778062500 1
308.4000000000 0.4778250000 1
308.5000000000 0.4778437500 1
308.6000000000 0.4778625000 1
308.7000000000 0.4778812500 1
308.8000000000 0.4779000000 1
308.9000000000 0.4779187500 1
309.0000000000 0.4779375000 1
309.1000000000 0.4779562500 1
309.2000000000 0.4779750000 1
309.3000000000 0.4779937500 1
309.4000000000 0.4780125000 1
309.5000000000 0.4780312500 1
309.6000000000 0.4780500000 1
309.7000000000 0.4780687500 1
309.8000000000 0.4780875000 1
309.9000000000 0.4781062500 1
310.0000000000 0.4781250000 1
310.1000000000 0.4781437500 1
310.2000000000 0.4781625000 1
310.3000000000 0.4781812500 1
310.4000000000 0.4782000000 1
310.5000000000 0.4782187500 1
310.6000000000 0.4782375000 1
310.7000000000 0.4782562500 1
310.8000000000 0.4782750000 1
310.9000000000 0.4782937500 1
311.0000000000 0.4783125000 1
311.1000000000 0.4783312500 1
311.2000000000 0.4783500000 1
311.3000000000 0.4783687500 1
311.4000000000 0.4783875000 1
311.5000000000 0.4784062500 1
311.6000000000 0.4784250000 1
311.7000000000 0.4784437500 1
311.8000000000 0.4784625000 1
311.9000000000 0.4784812500 1
312.0000000000 0.4785000000 1
312.1000000000 0.4785187500 1
312.2000000000 0.4785375000 1
312.3000000000 0.4785562500 1
312.4000000000 0.4785750000 1
312.5000000000 0.4785937500 1
312.6000000000 0.4786125000 1
312.7000000000 0.4786312500 1
312.8000000000 0.4786500000 1
312.9000000000 0.4786687500 1
313.0000000000 0.4786875000 1
313.1000000000 0.4787062500 1
313.2000000000 0.4787250000 1
313.3000000000 0.4787437500 1
313.4000000000 0.4787625000 1
313.5000000000 0.4787812500 1
313.6000000000 0.4788000000 1
313.7000000000 0.4788187500 1
313.8000000000 0.4788375000 1
313.9000000000 0.4788562500 1
314.0000000000 0.4788750000 1
314.1000000000 0.4788937500 1
314.2000000000 0.4789125000 1
314.3000000000 0.4789312500 1
314.4000000000 0.4789500000 1
314.5000000000 0.4789687500 1
314.6000000000 0.4789875000 1
314.7000000000 0.4790062500 1
314.8000000000 0.4790250000 1
314.9000000000 0.4790437500 1
315.0000000000 0.4790625000 1
315.1000000000 0.4790812500 1
315.2000000000 0.4791000000 1
315.3000000000 0.4791187500 1
315.4000000000 0.4791375000 1
315.5000000000 0.4791562500 1
315.6000000000 0.4791750000 1
315.7000000000 0.4791937500 1
315.8000000000 0.4792125000 1
315.9000000000 0.4792312500 1
316.0000000000 0.4792500000 1
316.1000000000 0.4792687500 1
316.2000000000 0.4792875000 1
316.3000000000 0.4793062500 1
316.4000000000 0.4793250000 1
316.5000000000 0.4793437500 1
316.6000000000 0.4793625000 1
316.7000000000 0.4793812500 1
316.8000000000 0.4794000000 1
316.9000000000 0.4794187500 1
317.0000000000 0.4794375000 1
317.1000000000 0.4794562500 1
317.2000000000 0.4794750000 1
317.3000000000 0.4794937500 1
317.4000000000 0.4795125000 1
317.5000000000 0.4795312500 1
317.6000000000 0.4795500000 1
317.7000000000 0.4795687500 1
317.8000000000 0.4795875000 1
317.9000000000 0.4796062500 1
318.0000000000 0.4796250000 1
318.1000000000 0.4796437500 1
318.2000000000 0.4796625000 1
318.3000000000 0.4796812500 1
318.4000000000 0.4797000000 1
318.5000000000 0.4797187500 1
318.6000000000 0.4797375000 1
318.7000000000 0.4797562500 1
318.8000000000 0.4797750000 1
318.9000000000 0.4797937500 1
319.0000000000 0.4798125000 1
319.1000000000 0.4798312500 1
319.2000000000 0.4798500000 1
319.3000000000 0.4798687500 1
319.4000000000 0.4798875000 1
319.5000000000 0.4799062500 1
319.6000000000 0.4799250000 1
319.7000000000 0.4799437500 1
319.8000000000 0.4799625000 1
319.9000000000 0.4799812500 1
320.0000000000 0.4800000000 1
