	1.530	1.540	1.550	1.560	1.570
0.0	0.9675591878	0.9912693649	0.9999993872	0.9905102629	0.9598289971
0.1	0.9675098985	0.9912196020	0.9999499561	0.9904620941	0.9597831353
0.2	0.9673622259	0.9910704468	0.9998016738	0.9903174193	0.9596451267
0.3	0.9671162001	0.9908219292	0.9995545695	0.9900762667	0.9594149977
0.4	0.9667718713	0.9904740991	0.9992086921	0.9897386831	0.9590927924
0.5	0.9663293094	0.9900270264	0.9987641101	0.9893047344	0.9586785724
0.6	0.9657886047	0.9894808007	0.9982209112	0.9887745050	0.9581724172
0.7	0.9651498671	0.9888355315	0.9975792030	0.9881480982	0.9575744237
0.8	0.9644132266	0.9880913485	0.9968391123	0.9874256359	0.9568847068
0.9	0.9635788331	0.9872484008	0.9960007854	0.9866072590	0.9561033985
1.0	0.9626468564	0.9863068575	0.9950643881	0.9856931268	0.9552306489
1.1	0.9616174860	0.9852669076	0.9940301055	0.9846834174	0.9542666253
1.2	0.9604909315	0.9841287596	0.9928981422	0.9835783276	0.9532115128
1.3	0.9592674220	0.9828926419	0.9916687219	0.9823780726	0.9520655137
1.4	0.9579472064	0.9815588023	0.9903420877	0.9810828862	0.9508288480
1.5	0.9565305533	0.9801275085	0.9889185020	0.9796930209	0.9495017531
1.6	0.9550177508	0.9785990476	0.9873982461	0.9782087473	0.9480844835
1.7	0.9534091068	0.9769737260	0.9857816208	0.9766303548	0.9465773113
1.8	0.9517049485	0.9752518699	0.9840689456	0.9749581508	0.9449805258
1.9	0.9499056224	0.9734338246	0.9822605591	0.9731924611	0.9432944335
2.0	0.9480114948	0.9715199547	0.9803568190	0.9713336298	0.9415193579
2.1	0.9460229508	0.9695106442	0.9783581016	0.9693820192	0.9396556397
2.2	0.9439403949	0.9674062960	0.9762648022	0.9673380093	0.9377036368
2.3	0.9417642508	0.9652073322	0.9740773345	0.9652019986	0.9356637239
2.4	0.9394949611	0.9629141939	0.9717961312	0.9629744032	0.9335362924
2.5	0.9371329875	0.9605273410	0.9694216433	0.9606556572	0.9313217507
2.6	0.9346788103	0.9580472523	0.9669543402	0.9582462124	0.9290205240
2.7	0.9321329288	0.9554744251	0.9643947098	0.9557465383	0.9266330541
2.8	0.9294958609	0.9528093756	0.9617432583	0.9531571220	0.9241597992
2.9	0.9267681428	0.9500526382	0.9590005097	0.9504784681	0.9216012342
3.0	0.9239503296	0.9472047659	0.9561670066	0.9477110984	0.9189578501
3.1	0.9210429942	0.9442663298	0.9532433090	0.9448555524	0.9162301546
3.2	0.9180467281	0.9412379194	0.9502299951	0.9419123863	0.9134186712
3.3	0.9149621408	0.9381201419	0.9471276606	0.9388821738	0.9105239397
3.4	0.9117898596	0.9349136227	0.9439369191	0.9357655052	0.9075465158
3.5	0.9085305298	0.9316190050	0.9406584013	0.9325629879	0.9044869711
3.6	0.9051848143	0.9282369496	0.9372927554	0.9292752461	0.9013458931
3.7	0.9017533937	0.9247681347	0.9338406471	0.9259029202	0.8981238848
3.8	0.8982369659	0.9212132560	0.9303027587	0.9224466676	0.8948215647
3.9	0.8946362461	0.9175730266	0.9266797899	0.9189071617	0.8914395669
4.0	0.8909519668	0.9138481766	0.9229724569	0.9152850921	0.8879785407
4.1	0.8871848773	0.9100394530	0.9191814929	0.9115811649	0.8844391506
4.2	0.8833357437	0.9061476197	0.9153076473	0.9077961016	0.8808220761
4.3	0.8794053491	0.9021734573	0.9113516860	0.9039306400	0.8771280117
4.4	0.8753944928	0.8981177629	0.9073143914	0.8999855333	0.8733576667
4.5	0.8713039907	0.8939813498	0.9031965616	0.8959615502	0.8695117649
4.6	0.8671346747	0.8897650476	0.8989990108	0.8918594749	0.8655910448
4.7	0.8628873928	0.8854697021	0.8947225690	0.8876801069	0.8615962591
4.8	0.8585630089	0.8810961747	0.8903680818	0.8834242604	0.8575281748
4.9	0.8541624025	0.8766453424	0.8859364100	0.8790927649	0.8533875730
5.0	0.8496864688	0.8721180981	0.8814284299	0.8746864645	0.8491752488
5.1	0.8451361181	0.8675153497	0.8768450330	0.8702062178	0.8448920109
5.2	0.8405122758	0.8628380203	0.8721871253	0.8656528978	0.8405386818
5.3	0.8358158825	0.8580870480	0.8674556279	0.8610273920	0.8361160972
5.4	0.8310478933	0.8532633857	0.8626514764	0.8563306017	0.8316251064
5.5	0.8262092780	0.8483680007	0.8577756205	0.8515634422	0.8270665716
5.6	0.8213010208	0.8434018750	0.8528290243	0.8467268424	0.8224413682
5.7	0.8163241199	0.8383660045	0.8478126660	0.8418217449	0.8177503843
5.8	0.8112795876	0.8332613992	0.8427275373	0.8368491057	0.8129945204
5.9	0.8061684500	0.8280890828	0.8375746438	0.8318098936	0.8081746900
6.0	0.8009917464	0.8228500928	0.8323550041	0.8267050908	0.8032918183
6.1	0.7957505299	0.8175454798	0.8270696505	0.8215356921	0.7983468431
6.2	0.7904458664	0.8121763078	0.8217196278	0.8163027048	0.7933407137
6.3	0.7850788348	0.8067436535	0.8163059940	0.8110071487	0.7882743914
6.4	0.7796505268	0.8012486066	0.8108298194	0.8056500558	0.7831488492
6.5	0.7741620464	0.7956922690	0.8052921867	0.8002324701	0.7779650710
6.6	0.7686145098	0.7900757552	0.7996941910	0.7947554474	0.7727240524
6.7	0.7630090454	0.7844001916	0.7940369390	0.7892200549	0.7674267997
6.8	0.7573467933	0.7786667165	0.7883215493	0.7836273714	0.7620743300
6.9	0.7516289050	0.7728764798	0.7825491520	0.7779784869	0.7566676712
7.0	0.7458565435	0.7670306426	0.7767208884	0.7722745021	0.7512078614
7.1	0.7400308829	0.7611303776	0.7708379109	0.7665165286	0.7456959490
7.2	0.7341531079	0.7551768679	0.7649013826	0.7607056886	0.7401329925
7.3	0.7282244141	0.7491713076	0.7589124774	0.7548431144	0.7345200600
7.4	0.7222460072	0.7431149012	0.7528723794	0.7489299486	0.7288582293
7.5	0.7162191032	0.7370088632	0.7467822829	0.7429673435	0.7231485877
7.6	0.7101449278	0.7308544184	0.7406433919	0.7369564611	0.7173922316
7.7	0.7040247165	0.7246528009	0.7344569204	0.7308984728	0.7115902662
7.8	0.6978597139	0.7184052547	0.7282240914	0.7247945592	0.7057438058
7.9	0.6916511740	0.7121130326	0.7219461375	0.7186459098	0.6998539730
8.0	0.6854003594	0.7057773965	0.7156242998	0.7124537228	0.6939218987
8.1	0.6791085415	0.6993996172	0.7092598283	0.7062192051	0.6879487223
8.2	0.6727769999	0.6929809738	0.7028539815	0.6999435716	0.6819355905
8.3	0.6664070224	0.6865227534	0.6964080258	0.6936280453	0.6758836582
8.4	0.6599999044	0.6800262514	0.6899232359	0.6872738570	0.6697940875
8.5	0.6535569491	0.6734927706	0.6834008939	0.6808822450	0.6636680478
8.6	0.6470794669	0.6669236213	0.6768422894	0.6744544549	0.6575067154
8.7	0.6405687751	0.6603201211	0.6702487192	0.6679917394	0.6513112735
8.8	0.6340261979	0.6536835942	0.6636214870	0.6614953580	0.6450829118
8.9	0.6274530659	0.6470153717	0.6569619032	0.6549665767	0.6388228265
9.0	0.6208507161	0.6403167909	0.6502712844	0.6484066678	0.6325322195
9.1	0.6142204911	0.6335891952	0.6435509536	0.6418169098	0.6262122990
9.2	0.6075637394	0.6268339339	0.6368022396	0.6351985869	0.6198642786
9.3	0.6008818150	0.6200523616	0.6300264767	0.6285529890	0.6134893772
9.4	0.5941760767	0.6132458386	0.6232250045	0.6218814110	0.6070888192
9.5	0.5874478883	0.6064157298	0.6163991681	0.6151851533	0.6006638336
9.6	0.5806986183	0.5995634051	0.6095503168	0.6084655208	0.5942156543
9.7	0.5739296392	0.5926902387	0.6026798050	0.6017238231	0.5877455196
9.8	0.5671423279	0.5857976091	0.5957889911	0.5949613741	0.5812546720
9.9	0.5603380645	0.5788868984	0.5888792375	0.5881794915	0.5747443579
10.0	0.5535182331	0.5719594929	0.5819519104	0.5813794973	0.5682158277
10.1	0.5466842205	0.5650167816	0.5750083796	0.5745627164	0.5616703349
10.2	0.5398374167	0.5580601570	0.5680500179	0.5677304776	0.5551091367
10.3	0.5329792142	0.5510910143	0.5610782012	0.5608841122	0.5485334931
10.4	0.5261110077	0.5441107511	0.5540943079	0.5540249545	0.5419446668
10.5	0.5192341941	0.5371207673	0.5470997189	0.5471543414	0.5353439232
10.6	0.5123501720	0.5301224648	0.5400958172	0.5402736117	0.5287325299
10.7	0.5054603414	0.5231172470	0.5330839876	0.5333841065	0.5221117565
10.8	0.4985661035	0.5161065189	0.5260656166	0.5264871685	0.5154828746
10.9	0.4916688605	0.5090916866	0.5190420917	0.5195841417	0.5088471572
11.0	0.4847700151	0.5020741567	0.5120148017	0.5126763715	0.5022058786
11.1	0.4778709703	0.4950553366	0.5049851361	0.5057652042	0.4955603143
11.2	0.4709731293	0.4880366341	0.4979544848	0.4988519865	0.4889117405
11.3	0.4640778948	0.4810194567	0.4909242379	0.4919380660	0.4822614341
11.4	0.4571866692	0.4740052116	0.4838957854	0.4850247900	0.4756106722
11.5	0.4503008541	0.4669953056	0.4768705170	0.4781135058	0.4689607321
11.6	0.4434218496	0.4599911446	0.4698498218	0.4712055603	0.4623128909
11.7	0.4365510550	0.4529941331	0.4628350879	0.4643023000	0.4556684253
11.8	0.4296898675	0.4460056744	0.4558277023	0.4574050700	0.4490286115
11.9	0.4228396825	0.4390271701	0.4488290505	0.4505152148	0.4423947245
12.0	0.4160018931	0.4320600197	0.4418405163	0.4436340769	0.4357680384
12.1	0.4091778900	0.4251056204	0.4348634814	0.4367629975	0.4291498259
12.2	0.4023690609	0.4181653670	0.4278993255	0.4299033158	0.4225413581
12.3	0.3955767907	0.4112406512	0.4209494254	0.4230563685	0.4159439040
12.4	0.3888024605	0.4043328618	0.4140151553	0.4162234901	0.4093587309
12.5	0.3820474482	0.3974433841	0.4070978863	0.4094060124	0.4027871033
12.6	0.3753131275	0.3905735999	0.4001989860	0.4026052639	0.3962302835
12.7	0.3686008679	0.3837248868	0.3933198186	0.3958225701	0.3896895306
12.8	0.3619120346	0.3768986183	0.3864617442	0.3890592529	0.3831661009
12.9	0.3552479879	0.3700961633	0.3796261188	0.3823166303	0.3766612473
13.0	0.3486100829	0.3633188862	0.3728142939	0.3755960166	0.3701762190
13.1	0.3419996697	0.3565681461	0.3660276164	0.3688987215	0.3637122616
13.2	0.3354180925	0.3498452967	0.3592674282	0.3622260503	0.3572706166
13.3	0.3288666900	0.3431516864	0.3525350659	0.3555793035	0.3508525211
13.4	0.3223467943	0.3364886575	0.3458318606	0.3489597764	0.3444592078
13.5	0.3158597315	0.3298575462	0.3391591377	0.3423687591	0.3380919045
13.6	0.3094068209	0.3232596824	0.3325182167	0.3358075363	0.3317518343
13.7	0.3029893746	0.3166963893	0.3259104104	0.3292773868	0.3254402149
13.8	0.2966086978	0.3101689830	0.3193370255	0.3227795831	0.3191582584
13.9	0.2902660882	0.3036787726	0.3127993616	0.3163153917	0.3129071714
14.0	0.2839628356	0.2972270598	0.3062987114	0.3098860724	0.3066881545
14.1	0.2777002218	0.2908151383	0.2998363602	0.3034928784	0.3005024023
14.2	0.2714795204	0.2844442939	0.2934135857	0.2971370556	0.2943511027
14.3	0.2653019965	0.2781158045	0.2870316579	0.2908198427	0.2882354373
14.4	0.2591689065	0.2718309390	0.2806918387	0.2845424710	0.2821565807
14.5	0.2530814975	0.2655909578	0.2743953815	0.2783061640	0.2761157004
14.6	0.2470410074	0.2593971124	0.2681435312	0.2721121370	0.2701139568
14.7	0.2410486648	0.2532506449	0.2619375241	0.2659615973	0.2641525026
14.8	0.2351056882	0.2471527878	0.2557785872	0.2598557436	0.2582324828
14.9	0.2292132862	0.2411047642	0.2496679383	0.2537957660	0.2523550345
15.0	0.2233726570	0.2351077867	0.2436067855	0.2477828456	0.2465212867
15.1	0.2175849885	0.2291630582	0.2375963273	0.2418181542	0.2407323599
15.2	0.2118514576	0.2232717707	0.2316377521	0.2359028545	0.2349893660
15.3	0.2061732302	0.2174351057	0.2257322380	0.2300380993	0.2292934080
15.4	0.2005514611	0.2116542337	0.2198809526	0.2242250316	0.2236455801
15.5	0.1949872936	0.2059303139	0.2140850530	0.2184647845	0.2180469671
15.6	0.1894818591	0.2002644943	0.2083456851	0.2127584806	0.2124986445
15.7	0.1840362773	0.1946579111	0.2026639837	0.2071072322	0.2070016778
15.8	0.1786516554	0.1891116886	0.1970410721	0.2015121406	0.2015571231
15.9	0.1733290885	0.1836269390	0.1914780622	0.1959742964	0.1961660262
16.0	0.1680696590	0.1782047622	0.1859760539	0.1904947790	0.1908294225
16.1	0.1628744365	0.1728462456	0.1805361350	0.1850746563	0.1855483372
16.2	0.1577444773	0.1675524638	0.1751593812	0.1797149848	0.1803237847
16.3	0.1526808246	0.1623244783	0.1698468555	0.1744168090	0.1751567687
16.4	0.1476845083	0.1571633377	0.1645996084	0.1691811617	0.1700482816
16.5	0.1427565442	0.1520700767	0.1594186773	0.1640090633	0.1649993048
16.6	0.1378979346	0.1470457170	0.1543050866	0.1589015219	0.1600108081
16.7	0.1331096673	0.1420912659	0.1492598475	0.1538595330	0.1550837498
16.8	0.1283927161	0.1372077171	0.1442839574	0.1488840793	0.1502190765
16.9	0.1237480402	0.1323960498	0.1393784002	0.1439761306	0.1454177225
17.0	0.1191765841	0.1276572290	0.1345441459	0.1391366436	0.1406806103
17.1	0.1146792773	0.1229922050	0.1297821502	0.1343665615	0.1360086498
17.2	0.1102570344	0.1184019132	0.1250933548	0.1296668140	0.1314027385
17.3	0.1059107547	0.1138872742	0.1204786867	0.1250383172	0.1268637614
17.4	0.1016413218	0.1094491932	0.1159390583	0.1204819732	0.1223925902
17.5	0.0974496040	0.1050885603	0.1114753672	0.1159986702	0.1179900841
17.6	0.0933364536	0.1008062499	0.1070884960	0.1115892820	0.1136570888
17.7	0.0893027070	0.0966031207	0.1027793120	0.1072546681	0.1093944367
17.8	0.0853491844	0.0924800156	0.0985486674	0.1029956734	0.1052029467
17.9	0.0814766897	0.0884377613	0.0943973985	0.0988131280	0.1010834241
18.0	0.0776860104	0.0844771685	0.0903263262	0.0947078472	0.0970366603
18.1	0.0739779172	0.0805990313	0.0863362554	0.0906806312	0.0930634328
18.2	0.0703531641	0.0768041275	0.0824279750	0.0867322649	0.0891645050
18.3	0.0668124881	0.0730932180	0.0786022579	0.0828635181	0.0853406259
18.4	0.0633566092	0.0694670469	0.0748598603	0.0790751448	0.0815925303
18.5	0.0599862301	0.0659263414	0.0712015223	0.0753678834	0.0779209383
18.6	0.0567020361	0.0624718114	0.0676279672	0.0717424567	0.0743265553
18.7	0.0535046948	0.0591041497	0.0641399016	0.0681995713	0.0708100719
18.8	0.0503948565	0.0558240315	0.0607380152	0.0647399177	0.0673721638
18.9	0.0473731534	0.0526321146	0.0574229805	0.0613641705	0.0640134916
19.0	0.0444401999	0.0495290390	0.0541954530	0.0580729876	0.0607347006
19.1	0.0415965924	0.0465154269	0.0510560709	0.0548670107	0.0575364209
19.2	0.0388429089	0.0435918827	0.0480054549	0.0517468646	0.0544192671
19.3	0.0361797093	0.0407589924	0.0450442081	0.0487131576	0.0513838381
19.4	0.0336075352	0.0380173243	0.0421729162	0.0457664810	0.0484307173
19.5	0.0311269094	0.0353674279	0.0393921467	0.0429074094	0.0455604721
19.6	0.0287383362	0.0328098346	0.0367024496	0.0401365000	0.0427736541
19.7	0.0264423013	0.0303450572	0.0341043566	0.0374542931	0.0400707989
19.8	0.0242392715	0.0279735900	0.0315983813	0.0348613115	0.0374524259
19.9	0.0221296946	0.0256959083	0.0291850194	0.0323580607	0.0349190385
20.0	0.0201139995	0.0235124690	0.0268647480	0.0299450288	0.0324711234
20.1	0.0181925959	0.0214237098	0.0246380258	0.0276226861	0.0301091512
20.2	0.0163658744	0.0194300494	0.0225052932	0.0253914855	0.0278335758
20.3	0.0146342063	0.0175318875	0.0204669717	0.0232518619	0.0256448348
20.4	0.0129979437	0.0157296049	0.0185234645	0.0212042325	0.0235433487
20.5	0.0114574190	0.0140235626	0.0166751558	0.0192489965	0.0215295217
20.6	0.0100129456	0.0124141029	0.0149224110	0.0173865351	0.0196037408
20.7	0.0086648168	0.0109015483	0.0132655767	0.0156172116	0.0177663763
20.8	0.0074133067	0.0094862021	0.0117049805	0.0139413707	0.0160177814
20.9	0.0062586697	0.0081683480	0.0102409310	0.0123593395	0.0143582924
21.0	0.0052011404	0.0069482502	0.0088737176	0.0108714263	0.0127882284
21.1	0.0042409336	0.0058261533	0.0076036107	0.0094779212	0.0113078913
21.2	0.0033782444	0.0048022821	0.0064308613	0.0081790961	0.0099175659
21.3	0.0026132481	0.0038768418	0.0053557014	0.0069752043	0.0086175195
21.4	0.0019461001	0.0030500181	0.0043783436	0.0058664805	0.0074080023
21.5	0.0013769358	0.0023219765	0.0034989810	0.0048531410	0.0062892469
21.6	0.0009058708	0.0016928629	0.0027177876	0.0039353834	0.0052614687
21.7	0.0005330008	0.0011628034	0.0020349177	0.0031133869	0.0043248655
21.8	0.0002584012	0.0007319041	0.0014505065	0.0023873118	0.0034796175
21.9	0.0000821279	0.0004002514	0.0009646695	0.0017572997	0.0027258876
22.0	0.0000042163	0.0001679116	0.0005775027	0.0012234737	0.0020638209
22.1	0.0000246823	0.0000349312	0.0002890827	0.0007859380	0.0014935450
22.2	0.0001435213	0.0000013368	0.0000994665	0.0004447780	0.0010151699
22.3	0.0003607090	0.0000671349	0.0000086916	0.0002000604	0.0006287879
22.4	0.0006762011	0.0002323122	0.0000167760	0.0000518330	0.0003344737
22.5	0.0010899331	0.0004968355	0.0001237180	0.0000001250	0.0001322841
22.6	0.0016018208	0.0008606515	0.0003294964	0.0000449466	0.0000222586
22.7	0.0022117597	0.0013236873	0.0006340707	0.0001862893	0.0000044187
22.8	0.0029196257	0.0018858497	0.0010373806	0.0004241258	0.0000787682
22.9	0.0037252745	0.0025470259	0.0015393463	0.0007584097	0.0002452934
23.0	0.0046285422	0.0033070833	0.0021398686	0.0011890763	0.0005039627
23.1	0.0056292447	0.0041658691	0.0028388287	0.0017160417	0.0008547270
23.2	0.0067271784	0.0051232111	0.0036360885	0.0023392035	0.0012975192
23.3	0.0079221197	0.0061789172	0.0045314902	0.0030584404	0.0018322550
23.4	0.0092138254	0.0073327754	0.0055248570	0.0038736124	0.0024588319
23.5	0.0106020326	0.0085845542	0.0066159923	0.0047845609	0.0031771302
23.6	0.0120864587	0.0099340025	0.0078046803	0.0057911085	0.0039870125
23.7	0.0136668017	0.0113808495	0.0090906862	0.0068930592	0.0048883235
23.8	0.0153427399	0.0129248048	0.0104737556	0.0080901985	0.0058808907
23.9	0.0171139322	0.0145655588	0.0119536150	0.0093822933	0.0069645240
24.0	0.0189800182	0.0163027822	0.0135299718	0.0107690920	0.0081390158
24.1	0.0209406182	0.0181361264	0.0152025143	0.0122503244	0.0094041409
24.2	0.0229953333	0.0200652237	0.0169709119	0.0138257021	0.0107596568
24.3	0.0251437452	0.0220896871	0.0188348149	0.0154949184	0.0122053038
24.4	0.0273854169	0.0242091104	0.0207938548	0.0172576480	0.0137408047
24.5	0.0297198923	0.0264230683	0.0228476441	0.0191135476	0.0153658650
24.6	0.0321466963	0.0287311169	0.0249957769	0.0210622558	0.0170801732
24.7	0.0346653351	0.0311327930	0.0272378283	0.0231033930	0.0188834006
24.8	0.0372752964	0.0336276148	0.0295733552	0.0252365615	0.0207752012
24.9	0.0399760491	0.0362150819	0.0320018956	0.0274613458	0.0227552123
25.0	0.0427670437	0.0388946752	0.0345229694	0.0297773126	0.0248230542
25.1	0.0456477124	0.0416658573	0.0371360782	0.0321840108	0.0269783301
25.2	0.0486174691	0.0445280721	0.0398407052	0.0346809713	0.0292206266
25.3	0.0516757096	0.0474807456	0.0426363158	0.0372677080	0.0315495137
25.4	0.0548218117	0.0505232853	0.0455223570	0.0399437167	0.0339645445
25.5	0.0580551353	0.0536550812	0.0484982584	0.0427084762	0.0364652558
25.6	0.0613750227	0.0568755048	0.0515634315	0.0455614479	0.0390511677
25.7	0.0647807984	0.0601839102	0.0547172702	0.0485020760	0.0417217842
25.8	0.0682717696	0.0635796338	0.0579591510	0.0515297875	0.0444765928
25.9	0.0718472261	0.0670619943	0.0612884328	0.0546439926	0.0473150650
26.0	0.0755064404	0.0706302934	0.0647044574	0.0578440846	0.0502366561
26.1	0.0792486682	0.0742838152	0.0682065494	0.0611294401	0.0532408057
26.2	0.0830731482	0.0780218269	0.0717940163	0.0644994189	0.0563269371
26.3	0.0869791024	0.0818435786	0.0754661488	0.0679533644	0.0594944583
26.4	0.0909657361	0.0857483039	0.0792222208	0.0714906039	0.0627427614
26.5	0.0950322384	0.0897352194	0.0830614897	0.0751104480	0.0660712231
26.6	0.0991777820	0.0938035254	0.0869831963	0.0788121915	0.0694792045
26.7	0.1034015236	0.0979524059	0.0909865652	0.0825951131	0.0729660519
26.8	0.1077026039	0.1021810288	0.0950708050	0.0864584760	0.0765310959
26.9	0.1120801481	0.1064885457	0.0992351080	0.0904015272	0.0801736524
27.0	0.1165332656	0.1108740928	0.1034786508	0.0944234986	0.0838930224
27.1	0.1210610505	0.1153367904	0.1078005945	0.0985236065	0.0876884920
27.2	0.1256625819	0.1198757432	0.1122000844	0.1027010521	0.0915593329
27.3	0.1303369235	0.1244900410	0.1166762507	0.1069550213	0.0955048021
27.4	0.1350831247	0.1291787581	0.1212282083	0.1112846855	0.0995241424
27.5	0.1399002198	0.1339409542	0.1258550573	0.1156892009	0.1036165824
27.6	0.1447872291	0.1387756739	0.1305558827	0.1201677093	0.1077813366
27.7	0.1497431583	0.1436819477	0.1353297552	0.1247193382	0.1120176057
27.8	0.1547669995	0.1486587913	0.1401757308	0.1293432007	0.1163245766
27.9	0.1598577306	0.1537052067	0.1450928514	0.1340383958	0.1207014226
28.0	0.1650143160	0.1588201814	0.1500801447	0.1388040088	0.1251473036
28.1	0.1702357070	0.1640026897	0.1551366246	0.1436391109	0.1296613664
28.2	0.1755208413	0.1692516921	0.1602612914	0.1485427602	0.1342427445
28.3	0.1808686439	0.1745661356	0.1654531317	0.1535140011	0.1388905584
28.4	0.1862780269	0.1799449545	0.1707111192	0.1585518650	0.1436039162
28.5	0.1917478901	0.1853870697	0.1760342140	0.1636553703	0.1483819130
28.6	0.1972771208	0.1908913899	0.1814213637	0.1688235225	0.1532236317
28.7	0.2028645942	0.1964568109	0.1868715033	0.1740553147	0.1581281430
28.8	0.2085091739	0.2020822165	0.1923835549	0.1793497273	0.1630945055
28.9	0.2142097116	0.2077664784	0.1979564289	0.1847057288	0.1681217657
29.0	0.2199650478	0.2135084564	0.2035890232	0.1901222755	0.1732089588
29.1	0.2257740118	0.2193069990	0.2092802243	0.1955983120	0.1783551082
29.2	0.2316354220	0.2251609430	0.2150289068	0.2011327712	0.1835592260
29.3	0.2375480861	0.2310691144	0.2208339341	0.2067245748	0.1888203133
29.4	0.2435108015	0.2370303281	0.2266941583	0.2123726331	0.1941373602
29.5	0.2495223553	0.2430433885	0.2326084209	0.2180758456	0.1995093459
29.6	0.2555815247	0.2491070896	0.2385755524	0.2238331009	0.2049352393
29.7	0.2616870772	0.2552202151	0.2445943730	0.2296432773	0.2104139988
29.8	0.2678377709	0.2613815389	0.2506636926	0.2355052426	0.2159445726
29.9	0.2740323548	0.2675898253	0.2567823112	0.2414178545	0.2215258991
30.0	0.2802695687	0.2738438291	0.2629490190	0.2473799608	0.2271569068
