z[um]	w[um]	pcm(0:si, 1:cpcm, 2:apcm)
0.0000000000 0.4000000000 1
0.1000000000 0.4000333333 1
0.2000000000 0.4000666667 1
0.3000000000 0.4001000000 1
0.4000000000 0.4001333333 1
0.5000000000 0.4001666667 1
0.6000000000 0.4002000000 1
0.7000000000 0.4002333333 1
0.8000000000 0.4002666667 1
0.9000000000 0.4003000000 1
1.0000000000 0.4003333333 1
1.1000000000 0.4003666667 1
1.2000000000 0.4004000000 1
1.3000000000 0.4004333333 1
1.4000000000 0.4004666667 1
1.5000000000 0.4005000000 1
1.6000000000 0.4005333333 1
1.7000000000 0.4005666667 1
1.8000000000 0.4006000000 1
1.9000000000 0.4006333333 1
2.0000000000 0.4006666667 1
2.1000000000 0.4007000000 1
2.2000000000 0.4007333333 1
2.3000000000 0.4007666667 1
2.4000000000 0.4008000000 1
2.5000000000 0.4008333333 1
2.6000000000 0.4008666667 1
2.7000000000 0.4009000000 1
2.8000000000 0.4009333333 1
2.9000000000 0.4009666667 1
3.0000000000 0.4010000000 1
3.1000000000 0.4010333333 1
3.2000000000 0.4010666667 1
3.3000000000 0.4011000000 1
3.4000000000 0.4011333333 1
3.5000000000 0.4011666667 1
3.6000000000 0.4012000000 1
3.7000000000 0.4012333333 1
3.8000000000 0.4012666667 1
3.9000000000 0.4013000000 1
4.0000000000 0.4013333333 1
4.1000000000 0.4013666667 1
4.2000000000 0.4014000000 1
4.3000000000 0.4014333333 1
4.4000000000 0.4014666667 1
4.5000000000 0.4015000000 1
4.6000000000 0.4015333333 1
4.7000000000 0.4015666667 1
4.8000000000 0.4016000000 1
4.9000000000 0.4016333333 1
5.0000000000 0.4016666667 1
5.1000000000 0.4017000000 1
5.2000000000 0.4017333333 1
5.3000000000 0.4017666667 1
5.4000000000 0.4018000000 1
5.5000000000 0.4018333333 1
5.6000000000 0.4018666667 1
5.7000000000 0.4019000000 1
5.8000000000 0.4019333333 1
5.9000000000 0.4019666667 1
6.0000000000 0.4020000000 1
6.1000000000 0.4020333333 1
6.2000000000 0.4020666667 1
6.3000000000 0.4021000000 1
6.4000000000 0.4021333333 1
6.5000000000 0.4021666667 1
6.6000000000 0.4022000000 1
6.7000000000 0.4022333333 1
6.8000000000 0.4022666667 1
6.9000000000 0.4023000000 1
7.0000000000 0.4023333333 1
7.1000000000 0.4023666667 1
7.2000000000 0.4024000000 1
7.3000000000 0.4024333333 1
7.4000000000 0.4024666667 1
7.5000000000 0.4025000000 1
7.6000000000 0.4025333333 1
7.7000000000 0.4025666667 1
7.8000000000 0.4026000000 1
7.9000000000 0.4026333333 1
8.0000000000 0.4026666667 1
8.1000000000 0.4027000000 1
8.2000000000 0.4027333333 1
8.3000000000 0.4027666667 1
8.4000000000 0.4028000000 1
8.5000000000 0.4028333333 1
8.6000000000 0.4028666667 1
8.7000000000 0.4029000000 1
8.8000000000 0.4029333333 1
8.9000000000 0.4029666667 1
9.0000000000 0.4030000000 1
9.1000000000 0.4030333333 1
9.2000000000 0.4030666667 1
9.3000000000 0.4031000000 1
9.4000000000 0.4031333333 1
9.5000000000 0.4031666667 1
9.6000000000 0.4032000000 1
9.7000000000 0.4032333333 1
9.8000000000 0.4032666667 1
9.9000000000 0.4033000000 1
10.0000000000 0.4033333333 1
10.1000000000 0.4033666667 1
10.2000000000 0.4034000000 1
10.3000000000 0.4034333333 1
10.4000000000 0.4034666667 1
10.5000000000 0.4035000000 1
10.6000000000 0.4035333333 1
10.7000000000 0.4035666667 1
10.8000000000 0.4036000000 1
10.9000000000 0.4036333333 1
11.0000000000 0.4036666667 1
11.1000000000 0.4037000000 1
11.2000000000 0.4037333333 1
11.3000000000 0.4037666667 1
11.4000000000 0.4038000000 1
11.5000000000 0.4038333333 1
11.6000000000 0.4038666667 1
11.7000000000 0.4039000000 1
11.8000000000 0.4039333333 1
11.9000000000 0.4039666667 1
12.0000000000 0.4040000000 1
12.1000000000 0.4040333333 1
12.2000000000 0.4040666667 1
12.3000000000 0.4041000000 1
12.4000000000 0.4041333333 1
12.5000000000 0.4041666667 1
12.6000000000 0.4042000000 1
12.7000000000 0.4042333333 1
12.8000000000 0.4042666667 1
12.9000000000 0.4043000000 1
13.0000000000 0.4043333333 1
13.1000000000 0.4043666667 1
13.2000000000 0.4044000000 1
13.3000000000 0.4044333333 1
13.4000000000 0.4044666667 1
13.5000000000 0.4045000000 1
13.6000000000 0.4045333333 1
13.7000000000 0.4045666667 1
13.8000000000 0.4046000000 1
13.9000000000 0.4046333333 1
14.0000000000 0.4046666667 1
14.1000000000 0.4047000000 1
14.2000000000 0.4047333333 1
14.3000000000 0.4047666667 1
14.4000000000 0.4048000000 1
14.5000000000 0.4048333333 1
14.6000000000 0.4048666667 1
14.7000000000 0.4049000000 1
14.8000000000 0.4049333333 1
14.9000000000 0.4049666667 1
15.0000000000 0.4050000000 1
15.1000000000 0.4050333333 1
15.2000000000 0.4050666667 1
15.3000000000 0.4051000000 1
15.4000000000 0.4051333333 1
15.5000000000 0.4051666667 1
15.6000000000 0.4052000000 1
15.7000000000 0.4052333333 1
15.8000000000 0.4052666667 1
15.9000000000 0.4053000000 1
16.0000000000 0.4053333333 1
16.1000000000 0.4053666667 1
16.2000000000 0.4054000000 1
16.3000000000 0.4054333333 1
16.4000000000 0.4054666667 1
16.5000000000 0.4055000000 1
16.6000000000 0.4055333333 1
16.7000000000 0.4055666667 1
16.8000000000 0.4056000000 1
16.9000000000 0.4056333333 1
17.0000000000 0.4056666667 1
17.1000000000 0.4057000000 1
17.2000000000 0.4057333333 1
17.3000000000 0.4057666667 1
17.4000000000 0.4058000000 1
17.5000000000 0.4058333333 1
17.6000000000 0.4058666667 1
17.7000000000 0.4059000000 1
17.8000000000 0.4059333333 1
17.9000000000 0.4059666667 1
18.0000000000 0.4060000000 1
18.1000000000 0.4060333333 1
18.2000000000 0.4060666667 1
18.3000000000 0.4061000000 1
18.4000000000 0.4061333333 1
18.5000000000 0.4061666667 1
18.6000000000 0.4062000000 1
18.7000000000 0.4062333333 1
18.8000000000 0.4062666667 1
18.9000000000 0.4063000000 1
19.0000000000 0.4063333333 1
19.1000000000 0.4063666667 1
19.2000000000 0.4064000000 1
19.3000000000 0.4064333333 1
19.4000000000 0.4064666667 1
19.5000000000 0.4065000000 1
19.6000000000 0.4065333333 1
19.7000000000 0.4065666667 1
19.8000000000 0.4066000000 1
19.9000000000 0.4066333333 1
20.0000000000 0.4066666667 1
20.1000000000 0.4067000000 1
20.2000000000 0.4067333333 1
20.3000000000 0.4067666667 1
20.4000000000 0.4068000000 1
20.5000000000 0.4068333333 1
20.6000000000 0.4068666667 1
20.7000000000 0.4069000000 1
20.8000000000 0.4069333333 1
20.9000000000 0.4069666667 1
21.0000000000 0.4070000000 1
21.1000000000 0.4070333333 1
21.2000000000 0.4070666667 1
21.3000000000 0.4071000000 1
21.4000000000 0.4071333333 1
21.5000000000 0.4071666667 1
21.6000000000 0.4072000000 1
21.7000000000 0.4072333333 1
21.8000000000 0.4072666667 1
21.9000000000 0.4073000000 1
22.0000000000 0.4073333333 1
22.1000000000 0.4073666667 1
22.2000000000 0.4074000000 1
22.3000000000 0.4074333333 1
22.4000000000 0.4074666667 1
22.5000000000 0.4075000000 1
22.6000000000 0.4075333333 1
22.7000000000 0.4075666667 1
22.8000000000 0.4076000000 1
22.9000000000 0.4076333333 1
23.0000000000 0.4076666667 1
23.1000000000 0.4077000000 1
23.2000000000 0.4077333333 1
23.3000000000 0.4077666667 1
23.4000000000 0.4078000000 1
23.5000000000 0.4078333333 1
23.6000000000 0.4078666667 1
23.7000000000 0.4079000000 1
23.8000000000 0.4079333333 1
23.9000000000 0.4079666667 1
24.0000000000 0.4080000000 1
24.1000000000 0.4080333333 1
24.2000000000 0.4080666667 1
24.3000000000 0.4081000000 1
24.4000000000 0.4081333333 1
24.5000000000 0.4081666667 1
24.6000000000 0.4082000000 1
24.7000000000 0.4082333333 1
24.8000000000 0.4082666667 1
24.9000000000 0.4083000000 1
25.0000000000 0.4083333333 1
25.1000000000 0.4083666667 1
25.2000000000 0.4084000000 1
25.3000000000 0.4084333333 1
25.4000000000 0.4084666667 1
25.5000000000 0.4085000000 1
25.6000000000 0.4085333333 1
25.7000000000 0.4085666667 1
25.8000000000 0.4086000000 1
25.9000000000 0.4086333333 1
26.0000000000 0.4086666667 1
26.1000000000 0.4087000000 1
26.2000000000 0.4087333333 1
26.3000000000 0.4087666667 1
26.4000000000 0.4088000000 1
26.5000000000 0.4088333333 1
26.6000000000 0.4088666667 1
26.7000000000 0.4089000000 1
26.8000000000 0.4089333333 1
26.9000000000 0.4089666667 1
27.0000000000 0.4090000000 1
27.1000000000 0.4090333333 1
27.2000000000 0.4090666667 1
27.3000000000 0.4091000000 1
27.4000000000 0.4091333333 1
27.5000000000 0.4091666667 1
27.6000000000 0.4092000000 1
27.7000000000 0.4092333333 1
27.8000000000 0.4092666667 1
27.9000000000 0.4093000000 1
28.0000000000 0.4093333333 1
28.1000000000 0.4093666667 1
28.2000000000 0.4094000000 1
28.3000000000 0.4094333333 1
28.4000000000 0.4094666667 1
28.5000000000 0.4095000000 1
28.6000000000 0.4095333333 1
28.7000000000 0.4095666667 1
28.8000000000 0.4096000000 1
28.9000000000 0.4096333333 1
29.0000000000 0.4096666667 1
29.1000000000 0.4097000000 1
29.2000000000 0.4097333333 1
29.3000000000 0.4097666667 1
29.4000000000 0.4098000000 1
29.5000000000 0.4098333333 1
29.6000000000 0.4098666667 1
29.7000000000 0.4099000000 1
29.8000000000 0.4099333333 1
29.9000000000 0.4099666667 1
30.0000000000 0.4100000000 1
30.1000000000 0.4100333333 1
30.2000000000 0.4100666667 1
30.3000000000 0.4101000000 1
30.4000000000 0.4101333333 1
30.5000000000 0.4101666667 1
30.6000000000 0.4102000000 1
30.7000000000 0.4102333333 1
30.8000000000 0.4102666667 1
30.9000000000 0.4103000000 1
31.0000000000 0.4103333333 1
31.1000000000 0.4103666667 1
31.2000000000 0.4104000000 1
31.3000000000 0.4104333333 1
31.4000000000 0.4104666667 1
31.5000000000 0.4105000000 1
31.6000000000 0.4105333333 1
31.7000000000 0.4105666667 1
31.8000000000 0.4106000000 1
31.9000000000 0.4106333333 1
32.0000000000 0.4106666667 1
32.1000000000 0.4107000000 1
32.2000000000 0.4107333333 1
32.3000000000 0.4107666667 1
32.4000000000 0.4108000000 1
32.5000000000 0.4108333333 1
32.6000000000 0.4108666667 1
32.7000000000 0.4109000000 1
32.8000000000 0.4109333333 1
32.9000000000 0.4109666667 1
33.0000000000 0.4110000000 1
33.1000000000 0.4110333333 1
33.2000000000 0.4110666667 1
33.3000000000 0.4111000000 1
33.4000000000 0.4111333333 1
33.5000000000 0.4111666667 1
33.6000000000 0.4112000000 1
33.7000000000 0.4112333333 1
33.8000000000 0.4112666667 1
33.9000000000 0.4113000000 1
34.0000000000 0.4113333333 1
34.1000000000 0.4113666667 1
34.2000000000 0.4114000000 1
34.3000000000 0.4114333333 1
34.4000000000 0.4114666667 1
34.5000000000 0.4115000000 1
34.6000000000 0.4115333333 1
34.7000000000 0.4115666667 1
34.8000000000 0.4116000000 1
34.9000000000 0.4116333333 1
35.0000000000 0.4116666667 1
35.1000000000 0.4117000000 1
35.2000000000 0.4117333333 1
35.3000000000 0.4117666667 1
35.4000000000 0.4118000000 1
35.5000000000 0.4118333333 1
35.6000000000 0.4118666667 1
35.7000000000 0.4119000000 1
35.8000000000 0.4119333333 1
35.9000000000 0.4119666667 1
36.0000000000 0.4120000000 1
36.1000000000 0.4120333333 1
36.2000000000 0.4120666667 1
36.3000000000 0.4121000000 1
36.4000000000 0.4121333333 1
36.5000000000 0.4121666667 1
36.6000000000 0.4122000000 1
36.7000000000 0.4122333333 1
36.8000000000 0.4122666667 1
36.9000000000 0.4123000000 1
37.0000000000 0.4123333333 1
37.1000000000 0.4123666667 1
37.2000000000 0.4124000000 1
37.3000000000 0.4124333333 1
37.4000000000 0.4124666667 1
37.5000000000 0.4125000000 1
37.6000000000 0.4125333333 1
37.7000000000 0.4125666667 1
37.8000000000 0.4126000000 1
37.9000000000 0.4126333333 1
38.0000000000 0.4126666667 1
38.1000000000 0.4127000000 1
38.2000000000 0.4127333333 1
38.3000000000 0.4127666667 1
38.4000000000 0.4128000000 1
38.5000000000 0.4128333333 1
38.6000000000 0.4128666667 1
38.7000000000 0.4129000000 1
38.8000000000 0.4129333333 1
38.9000000000 0.4129666667 1
39.0000000000 0.4130000000 1
39.1000000000 0.4130333333 1
39.2000000000 0.4130666667 1
39.3000000000 0.4131000000 1
39.4000000000 0.4131333333 1
39.5000000000 0.4131666667 1
39.6000000000 0.4132000000 1
39.7000000000 0.4132333333 1
39.8000000000 0.4132666667 1
39.9000000000 0.4133000000 1
40.0000000000 0.4133333333 1
40.1000000000 0.4133666667 1
40.2000000000 0.4134000000 1
40.3000000000 0.4134333333 1
40.4000000000 0.4134666667 1
40.5000000000 0.4135000000 1
40.6000000000 0.4135333333 1
40.7000000000 0.4135666667 1
40.8000000000 0.4136000000 1
40.9000000000 0.4136333333 1
41.0000000000 0.4136666667 1
41.1000000000 0.4137000000 1
41.2000000000 0.4137333333 1
41.3000000000 0.4137666667 1
41.4000000000 0.4138000000 1
41.5000000000 0.4138333333 1
41.6000000000 0.4138666667 1
41.7000000000 0.4139000000 1
41.8000000000 0.4139333333 1
41.9000000000 0.4139666667 1
42.0000000000 0.4140000000 1
42.1000000000 0.4140333333 1
42.2000000000 0.4140666667 1
42.3000000000 0.4141000000 1
42.4000000000 0.4141333333 1
42.5000000000 0.4141666667 1
42.6000000000 0.4142000000 1
42.7000000000 0.4142333333 1
42.8000000000 0.4142666667 1
42.9000000000 0.4143000000 1
43.0000000000 0.4143333333 1
43.1000000000 0.4143666667 1
43.2000000000 0.4144000000 1
43.3000000000 0.4144333333 1
43.4000000000 0.4144666667 1
43.5000000000 0.4145000000 1
43.6000000000 0.4145333333 1
43.7000000000 0.4145666667 1
43.8000000000 0.4146000000 1
43.9000000000 0.4146333333 1
44.0000000000 0.4146666667 1
44.1000000000 0.4147000000 1
44.2000000000 0.4147333333 1
44.3000000000 0.4147666667 1
44.4000000000 0.4148000000 1
44.5000000000 0.4148333333 1
44.6000000000 0.4148666667 1
44.7000000000 0.4149000000 1
44.8000000000 0.4149333333 1
44.9000000000 0.4149666667 1
45.0000000000 0.4150000000 1
45.1000000000 0.4150333333 1
45.2000000000 0.4150666667 1
45.3000000000 0.4151000000 1
45.4000000000 0.4151333333 1
45.5000000000 0.4151666667 1
45.6000000000 0.4152000000 1
45.7000000000 0.4152333333 1
45.8000000000 0.4152666667 1
45.9000000000 0.4153000000 1
46.0000000000 0.4153333333 1
46.1000000000 0.4153666667 1
46.2000000000 0.4154000000 1
46.3000000000 0.4154333333 1
46.4000000000 0.4154666667 1
46.5000000000 0.4155000000 1
46.6000000000 0.4155333333 1
46.7000000000 0.4155666667 1
46.8000000000 0.4156000000 1
46.9000000000 0.4156333333 1
47.0000000000 0.4156666667 1
47.1000000000 0.4157000000 1
47.2000000000 0.4157333333 1
47.3000000000 0.4157666667 1
47.4000000000 0.4158000000 1
47.5000000000 0.4158333333 1
47.6000000000 0.4158666667 1
47.7000000000 0.4159000000 1
47.8000000000 0.4159333333 1
47.9000000000 0.4159666667 1
48.0000000000 0.4160000000 1
48.1000000000 0.4160333333 1
48.2000000000 0.4160666667 1
48.3000000000 0.4161000000 1
48.4000000000 0.4161333333 1
48.5000000000 0.4161666667 1
48.6000000000 0.4162000000 1
48.7000000000 0.4162333333 1
48.8000000000 0.4162666667 1
48.9000000000 0.4163000000 1
49.0000000000 0.4163333333 1
49.1000000000 0.4163666667 1
49.2000000000 0.4164000000 1
49.3000000000 0.4164333333 1
49.4000000000 0.4164666667 1
49.5000000000 0.4165000000 1
49.6000000000 0.4165333333 1
49.7000000000 0.4165666667 1
49.8000000000 0.4166000000 1
49.9000000000 0.4166333333 1
50.0000000000 0.4166666667 1
50.1000000000 0.4167000000 1
50.2000000000 0.4167333333 1
50.3000000000 0.4167666667 1
50.4000000000 0.4168000000 1
50.5000000000 0.4168333333 1
50.6000000000 0.4168666667 1
50.7000000000 0.4169000000 1
50.8000000000 0.4169333333 1
50.9000000000 0.4169666667 1
51.0000000000 0.4170000000 1
51.1000000000 0.4170333333 1
51.2000000000 0.4170666667 1
51.3000000000 0.4171000000 1
51.4000000000 0.4171333333 1
51.5000000000 0.4171666667 1
51.6000000000 0.4172000000 1
51.7000000000 0.4172333333 1
51.8000000000 0.4172666667 1
51.9000000000 0.4173000000 1
52.0000000000 0.4173333333 1
52.1000000000 0.4173666667 1
52.2000000000 0.4174000000 1
52.3000000000 0.4174333333 1
52.4000000000 0.4174666667 1
52.5000000000 0.4175000000 1
52.6000000000 0.4175333333 1
52.7000000000 0.4175666667 1
52.8000000000 0.4176000000 1
52.9000000000 0.4176333333 1
53.0000000000 0.4176666667 1
53.1000000000 0.4177000000 1
53.2000000000 0.4177333333 1
53.3000000000 0.4177666667 1
53.4000000000 0.4178000000 1
53.5000000000 0.4178333333 1
53.6000000000 0.4178666667 1
53.7000000000 0.4179000000 1
53.8000000000 0.4179333333 1
53.9000000000 0.4179666667 1
54.0000000000 0.4180000000 1
54.1000000000 0.4180333333 1
54.2000000000 0.4180666667 1
54.3000000000 0.4181000000 1
54.4000000000 0.4181333333 1
54.5000000000 0.4181666667 1
54.6000000000 0.4182000000 1
54.7000000000 0.4182333333 1
54.8000000000 0.4182666667 1
54.9000000000 0.4183000000 1
55.0000000000 0.4183333333 1
55.1000000000 0.4183666667 1
55.2000000000 0.4184000000 1
55.3000000000 0.4184333333 1
55.4000000000 0.4184666667 1
55.5000000000 0.4185000000 1
55.6000000000 0.4185333333 1
55.7000000000 0.4185666667 1
55.8000000000 0.4186000000 1
55.9000000000 0.4186333333 1
56.0000000000 0.4186666667 1
56.1000000000 0.4187000000 1
56.2000000000 0.4187333333 1
56.3000000000 0.4187666667 1
56.4000000000 0.4188000000 1
56.5000000000 0.4188333333 1
56.6000000000 0.4188666667 1
56.7000000000 0.4189000000 1
56.8000000000 0.4189333333 1
56.9000000000 0.4189666667 1
57.0000000000 0.4190000000 1
57.1000000000 0.4190333333 1
57.2000000000 0.4190666667 1
57.3000000000 0.4191000000 1
57.4000000000 0.4191333333 1
57.5000000000 0.4191666667 1
57.6000000000 0.4192000000 1
57.7000000000 0.4192333333 1
57.8000000000 0.4192666667 1
57.9000000000 0.4193000000 1
58.0000000000 0.4193333333 1
58.1000000000 0.4193666667 1
58.2000000000 0.4194000000 1
58.3000000000 0.4194333333 1
58.4000000000 0.4194666667 1
58.5000000000 0.4195000000 1
58.6000000000 0.4195333333 1
58.7000000000 0.4195666667 1
58.8000000000 0.4196000000 1
58.9000000000 0.4196333333 1
59.0000000000 0.4196666667 1
59.1000000000 0.4197000000 1
59.2000000000 0.4197333333 1
59.3000000000 0.4197666667 1
59.4000000000 0.4198000000 1
59.5000000000 0.4198333333 1
59.6000000000 0.4198666667 1
59.7000000000 0.4199000000 1
59.8000000000 0.4199333333 1
59.9000000000 0.4199666667 1
60.0000000000 0.4200000000 1
60.1000000000 0.4200333333 1
60.2000000000 0.4200666667 1
60.3000000000 0.4201000000 1
60.4000000000 0.4201333333 1
60.5000000000 0.4201666667 1
60.6000000000 0.4202000000 1
60.7000000000 0.4202333333 1
60.8000000000 0.4202666667 1
60.9000000000 0.4203000000 1
61.0000000000 0.4203333333 1
61.1000000000 0.4203666667 1
61.2000000000 0.4204000000 1
61.3000000000 0.4204333333 1
61.4000000000 0.4204666667 1
61.5000000000 0.4205000000 1
61.6000000000 0.4205333333 1
61.7000000000 0.4205666667 1
61.8000000000 0.4206000000 1
61.9000000000 0.4206333333 1
62.0000000000 0.4206666667 1
62.1000000000 0.4207000000 1
62.2000000000 0.4207333333 1
62.3000000000 0.4207666667 1
62.4000000000 0.4208000000 1
62.5000000000 0.4208333333 1
62.6000000000 0.4208666667 1
62.7000000000 0.4209000000 1
62.8000000000 0.4209333333 1
62.9000000000 0.4209666667 1
63.0000000000 0.4210000000 1
63.1000000000 0.4210333333 1
63.2000000000 0.4210666667 1
63.3000000000 0.4211000000 1
63.4000000000 0.4211333333 1
63.5000000000 0.4211666667 1
63.6000000000 0.4212000000 1
63.7000000000 0.4212333333 1
63.8000000000 0.4212666667 1
63.9000000000 0.4213000000 1
64.0000000000 0.4213333333 1
64.1000000000 0.4213666667 1
64.2000000000 0.4214000000 1
64.3000000000 0.4214333333 1
64.4000000000 0.4214666667 1
64.5000000000 0.4215000000 1
64.6000000000 0.4215333333 1
64.7000000000 0.4215666667 1
64.8000000000 0.4216000000 1
64.9000000000 0.4216333333 1
65.0000000000 0.4216666667 1
65.1000000000 0.4217000000 1
65.2000000000 0.4217333333 1
65.3000000000 0.4217666667 1
65.4000000000 0.4218000000 1
65.5000000000 0.4218333333 1
65.6000000000 0.4218666667 1
65.7000000000 0.4219000000 1
65.8000000000 0.4219333333 1
65.9000000000 0.4219666667 1
66.0000000000 0.4220000000 1
66.1000000000 0.4220333333 1
66.2000000000 0.4220666667 1
66.3000000000 0.4221000000 1
66.4000000000 0.4221333333 1
66.5000000000 0.4221666667 1
66.6000000000 0.4222000000 1
66.7000000000 0.4222333333 1
66.8000000000 0.4222666667 1
66.9000000000 0.4223000000 1
67.0000000000 0.4223333333 1
67.1000000000 0.4223666667 1
67.2000000000 0.4224000000 1
67.3000000000 0.4224333333 1
67.4000000000 0.4224666667 1
67.5000000000 0.4225000000 1
67.6000000000 0.4225333333 1
67.7000000000 0.4225666667 1
67.8000000000 0.4226000000 1
67.9000000000 0.4226333333 1
68.0000000000 0.4226666667 1
68.1000000000 0.4227000000 1
68.2000000000 0.4227333333 1
68.3000000000 0.4227666667 1
68.4000000000 0.4228000000 1
68.5000000000 0.4228333333 1
68.6000000000 0.4228666667 1
68.7000000000 0.4229000000 1
68.8000000000 0.4229333333 1
68.9000000000 0.4229666667 1
69.0000000000 0.4230000000 1
69.1000000000 0.4230333333 1
69.2000000000 0.4230666667 1
69.3000000000 0.4231000000 1
69.4000000000 0.4231333333 1
69.5000000000 0.4231666667 1
69.6000000000 0.4232000000 1
69.7000000000 0.4232333333 1
69.8000000000 0.4232666667 1
69.9000000000 0.4233000000 1
70.0000000000 0.4233333333 1
70.1000000000 0.4233666667 1
70.2000000000 0.4234000000 1
70.3000000000 0.4234333333 1
70.4000000000 0.4234666667 1
70.5000000000 0.4235000000 1
70.6000000000 0.4235333333 1
70.7000000000 0.4235666667 1
70.8000000000 0.4236000000 1
70.9000000000 0.4236333333 1
71.0000000000 0.4236666667 1
71.1000000000 0.4237000000 1
71.2000000000 0.4237333333 1
71.3000000000 0.4237666667 1
71.4000000000 0.4238000000 1
71.5000000000 0.4238333333 1
71.6000000000 0.4238666667 1
71.7000000000 0.4239000000 1
71.8000000000 0.4239333333 1
71.9000000000 0.4239666667 1
72.0000000000 0.4240000000 1
72.1000000000 0.4240333333 1
72.2000000000 0.4240666667 1
72.3000000000 0.4241000000 1
72.4000000000 0.4241333333 1
72.5000000000 0.4241666667 1
72.6000000000 0.4242000000 1
72.7000000000 0.4242333333 1
72.8000000000 0.4242666667 1
72.9000000000 0.4243000000 1
73.0000000000 0.4243333333 1
73.1000000000 0.4243666667 1
73.2000000000 0.4244000000 1
73.3000000000 0.4244333333 1
73.4000000000 0.4244666667 1
73.5000000000 0.4245000000 1
73.6000000000 0.4245333333 1
73.7000000000 0.4245666667 1
73.8000000000 0.4246000000 1
73.9000000000 0.4246333333 1
74.0000000000 0.4246666667 1
74.1000000000 0.4247000000 1
74.2000000000 0.4247333333 1
74.3000000000 0.4247666667 1
74.4000000000 0.4248000000 1
74.5000000000 0.4248333333 1
74.6000000000 0.4248666667 1
74.7000000000 0.4249000000 1
74.8000000000 0.4249333333 1
74.9000000000 0.4249666667 1
75.0000000000 0.4250000000 1
75.1000000000 0.4250333333 1
75.2000000000 0.4250666667 1
75.3000000000 0.4251000000 1
75.4000000000 0.4251333333 1
75.5000000000 0.4251666667 1
75.6000000000 0.4252000000 1
75.7000000000 0.4252333333 1
75.8000000000 0.4252666667 1
75.9000000000 0.4253000000 1
76.0000000000 0.4253333333 1
76.1000000000 0.4253666667 1
76.2000000000 0.4254000000 1
76.3000000000 0.4254333333 1
76.4000000000 0.4254666667 1
76.5000000000 0.4255000000 1
76.6000000000 0.4255333333 1
76.7000000000 0.4255666667 1
76.8000000000 0.4256000000 1
76.9000000000 0.4256333333 1
77.0000000000 0.4256666667 1
77.1000000000 0.4257000000 1
77.2000000000 0.4257333333 1
77.3000000000 0.4257666667 1
77.4000000000 0.4258000000 1
77.5000000000 0.4258333333 1
77.6000000000 0.4258666667 1
77.7000000000 0.4259000000 1
77.8000000000 0.4259333333 1
77.9000000000 0.4259666667 1
78.0000000000 0.4260000000 1
78.1000000000 0.4260333333 1
78.2000000000 0.4260666667 1
78.3000000000 0.4261000000 1
78.4000000000 0.4261333333 1
78.5000000000 0.4261666667 1
78.6000000000 0.4262000000 1
78.7000000000 0.4262333333 1
78.8000000000 0.4262666667 1
78.9000000000 0.4263000000 1
79.0000000000 0.4263333333 1
79.1000000000 0.4263666667 1
79.2000000000 0.4264000000 1
79.3000000000 0.4264333333 1
79.4000000000 0.4264666667 1
79.5000000000 0.4265000000 1
79.6000000000 0.4265333333 1
79.7000000000 0.4265666667 1
79.8000000000 0.4266000000 1
79.9000000000 0.4266333333 1
80.0000000000 0.4266666667 1
80.1000000000 0.4267000000 1
80.2000000000 0.4267333333 1
80.3000000000 0.4267666667 1
80.4000000000 0.4268000000 1
80.5000000000 0.4268333333 1
80.6000000000 0.4268666667 1
80.7000000000 0.4269000000 1
80.8000000000 0.4269333333 1
80.9000000000 0.4269666667 1
81.0000000000 0.4270000000 1
81.1000000000 0.4270333333 1
81.2000000000 0.4270666667 1
81.3000000000 0.4271000000 1
81.4000000000 0.4271333333 1
81.5000000000 0.4271666667 1
81.6000000000 0.4272000000 1
81.7000000000 0.4272333333 1
81.8000000000 0.4272666667 1
81.9000000000 0.4273000000 1
82.0000000000 0.4273333333 1
82.1000000000 0.4273666667 1
82.2000000000 0.4274000000 1
82.3000000000 0.4274333333 1
82.4000000000 0.4274666667 1
82.5000000000 0.4275000000 1
82.6000000000 0.4275333333 1
82.7000000000 0.4275666667 1
82.8000000000 0.4276000000 1
82.9000000000 0.4276333333 1
83.0000000000 0.4276666667 1
83.1000000000 0.4277000000 1
83.2000000000 0.4277333333 1
83.3000000000 0.4277666667 1
83.4000000000 0.4278000000 1
83.5000000000 0.4278333333 1
83.6000000000 0.4278666667 1
83.7000000000 0.4279000000 1
83.8000000000 0.4279333333 1
83.9000000000 0.4279666667 1
84.0000000000 0.4280000000 1
84.1000000000 0.4280333333 1
84.2000000000 0.4280666667 1
84.3000000000 0.4281000000 1
84.4000000000 0.4281333333 1
84.5000000000 0.4281666667 1
84.6000000000 0.4282000000 1
84.7000000000 0.4282333333 1
84.8000000000 0.4282666667 1
84.9000000000 0.4283000000 1
85.0000000000 0.4283333333 1
85.1000000000 0.4283666667 1
85.2000000000 0.4284000000 1
85.3000000000 0.4284333333 1
85.4000000000 0.4284666667 1
85.5000000000 0.4285000000 1
85.6000000000 0.4285333333 1
85.7000000000 0.4285666667 1
85.8000000000 0.4286000000 1
85.9000000000 0.4286333333 1
86.0000000000 0.4286666667 1
86.1000000000 0.4287000000 1
86.2000000000 0.4287333333 1
86.3000000000 0.4287666667 1
86.4000000000 0.4288000000 1
86.5000000000 0.4288333333 1
86.6000000000 0.4288666667 1
86.7000000000 0.4289000000 1
86.8000000000 0.4289333333 1
86.9000000000 0.4289666667 1
87.0000000000 0.4290000000 1
87.1000000000 0.4290333333 1
87.2000000000 0.4290666667 1
87.3000000000 0.4291000000 1
87.4000000000 0.4291333333 1
87.5000000000 0.4291666667 1
87.6000000000 0.4292000000 1
87.7000000000 0.4292333333 1
87.8000000000 0.4292666667 1
87.9000000000 0.4293000000 1
88.0000000000 0.4293333333 1
88.1000000000 0.4293666667 1
88.2000000000 0.4294000000 1
88.3000000000 0.4294333333 1
88.4000000000 0.4294666667 1
88.5000000000 0.4295000000 1
88.6000000000 0.4295333333 1
88.7000000000 0.4295666667 1
88.8000000000 0.4296000000 1
88.9000000000 0.4296333333 1
89.0000000000 0.4296666667 1
89.1000000000 0.4297000000 1
89.2000000000 0.4297333333 1
89.3000000000 0.4297666667 1
89.4000000000 0.4298000000 1
89.5000000000 0.4298333333 1
89.6000000000 0.4298666667 1
89.7000000000 0.4299000000 1
89.8000000000 0.4299333333 1
89.9000000000 0.4299666667 1
90.0000000000 0.4300000000 1
90.1000000000 0.4300333333 1
90.2000000000 0.4300666667 1
90.3000000000 0.4301000000 1
90.4000000000 0.4301333333 1
90.5000000000 0.4301666667 1
90.6000000000 0.4302000000 1
90.7000000000 0.4302333333 1
90.8000000000 0.4302666667 1
90.9000000000 0.4303000000 1
91.0000000000 0.4303333333 1
91.1000000000 0.4303666667 1
91.2000000000 0.4304000000 1
91.3000000000 0.4304333333 1
91.4000000000 0.4304666667 1
91.5000000000 0.4305000000 1
91.6000000000 0.4305333333 1
91.7000000000 0.4305666667 1
91.8000000000 0.4306000000 1
91.9000000000 0.4306333333 1
92.0000000000 0.4306666667 1
92.1000000000 0.4307000000 1
92.2000000000 0.4307333333 1
92.3000000000 0.4307666667 1
92.4000000000 0.4308000000 1
92.5000000000 0.4308333333 1
92.6000000000 0.4308666667 1
92.7000000000 0.4309000000 1
92.8000000000 0.4309333333 1
92.9000000000 0.4309666667 1
93.0000000000 0.4310000000 1
93.1000000000 0.4310333333 1
93.2000000000 0.4310666667 1
93.3000000000 0.4311000000 1
93.4000000000 0.4311333333 1
93.5000000000 0.4311666667 1
93.6000000000 0.4312000000 1
93.7000000000 0.4312333333 1
93.8000000000 0.4312666667 1
93.9000000000 0.4313000000 1
94.0000000000 0.4313333333 1
94.1000000000 0.4313666667 1
94.2000000000 0.4314000000 1
94.3000000000 0.4314333333 1
94.4000000000 0.4314666667 1
94.5000000000 0.4315000000 1
94.6000000000 0.4315333333 1
94.7000000000 0.4315666667 1
94.8000000000 0.4316000000 1
94.9000000000 0.4316333333 1
95.0000000000 0.4316666667 1
95.1000000000 0.4317000000 1
95.2000000000 0.4317333333 1
95.3000000000 0.4317666667 1
95.4000000000 0.4318000000 1
95.5000000000 0.4318333333 1
95.6000000000 0.4318666667 1
95.7000000000 0.4319000000 1
95.8000000000 0.4319333333 1
95.9000000000 0.4319666667 1
96.0000000000 0.4320000000 1
96.1000000000 0.4320333333 1
96.2000000000 0.4320666667 1
96.3000000000 0.4321000000 1
96.4000000000 0.4321333333 1
96.5000000000 0.4321666667 1
96.6000000000 0.4322000000 1
96.7000000000 0.4322333333 1
96.8000000000 0.4322666667 1
96.9000000000 0.4323000000 1
97.0000000000 0.4323333333 1
97.1000000000 0.4323666667 1
97.2000000000 0.4324000000 1
97.3000000000 0.4324333333 1
97.4000000000 0.4324666667 1
97.5000000000 0.4325000000 1
97.6000000000 0.4325333333 1
97.7000000000 0.4325666667 1
97.8000000000 0.4326000000 1
97.9000000000 0.4326333333 1
98.0000000000 0.4326666667 1
98.1000000000 0.4327000000 1
98.2000000000 0.4327333333 1
98.3000000000 0.4327666667 1
98.4000000000 0.4328000000 1
98.5000000000 0.4328333333 1
98.6000000000 0.4328666667 1
98.7000000000 0.4329000000 1
98.8000000000 0.4329333333 1
98.9000000000 0.4329666667 1
99.0000000000 0.4330000000 1
99.1000000000 0.4330333333 1
99.2000000000 0.4330666667 1
99.3000000000 0.4331000000 1
99.4000000000 0.4331333333 1
99.5000000000 0.4331666667 1
99.6000000000 0.4332000000 1
99.7000000000 0.4332333333 1
99.8000000000 0.4332666667 1
99.9000000000 0.4333000000 1
100.0000000000 0.4333333333 1
100.1000000000 0.4333666667 1
100.2000000000 0.4334000000 1
100.3000000000 0.4334333333 1
100.4000000000 0.4334666667 1
100.5000000000 0.4335000000 1
100.6000000000 0.4335333333 1
100.7000000000 0.4335666667 1
100.8000000000 0.4336000000 1
100.9000000000 0.4336333333 1
101.0000000000 0.4336666667 1
101.1000000000 0.4337000000 1
101.2000000000 0.4337333333 1
101.3000000000 0.4337666667 1
101.4000000000 0.4338000000 1
101.5000000000 0.4338333333 1
101.6000000000 0.4338666667 1
101.7000000000 0.4339000000 1
101.8000000000 0.4339333333 1
101.9000000000 0.4339666667 1
102.0000000000 0.4340000000 1
102.1000000000 0.4340333333 1
102.2000000000 0.4340666667 1
102.3000000000 0.4341000000 1
102.4000000000 0.4341333333 1
102.5000000000 0.4341666667 1
102.6000000000 0.4342000000 1
102.7000000000 0.4342333333 1
102.8000000000 0.4342666667 1
102.9000000000 0.4343000000 1
103.0000000000 0.4343333333 1
103.1000000000 0.4343666667 1
103.2000000000 0.4344000000 1
103.3000000000 0.4344333333 1
103.4000000000 0.4344666667 1
103.5000000000 0.4345000000 1
103.6000000000 0.4345333333 1
103.7000000000 0.4345666667 1
103.8000000000 0.4346000000 1
103.9000000000 0.4346333333 1
104.0000000000 0.4346666667 1
104.1000000000 0.4347000000 1
104.2000000000 0.4347333333 1
104.3000000000 0.4347666667 1
104.4000000000 0.4348000000 1
104.5000000000 0.4348333333 1
104.6000000000 0.4348666667 1
104.7000000000 0.4349000000 1
104.8000000000 0.4349333333 1
104.9000000000 0.4349666667 1
105.0000000000 0.4350000000 1
105.1000000000 0.4350333333 1
105.2000000000 0.4350666667 1
105.3000000000 0.4351000000 1
105.4000000000 0.4351333333 1
105.5000000000 0.4351666667 1
105.6000000000 0.4352000000 1
105.7000000000 0.4352333333 1
105.8000000000 0.4352666667 1
105.9000000000 0.4353000000 1
106.0000000000 0.4353333333 1
106.1000000000 0.4353666667 1
106.2000000000 0.4354000000 1
106.3000000000 0.4354333333 1
106.4000000000 0.4354666667 1
106.5000000000 0.4355000000 1
106.6000000000 0.4355333333 1
106.7000000000 0.4355666667 1
106.8000000000 0.4356000000 1
106.9000000000 0.4356333333 1
107.0000000000 0.4356666667 1
107.1000000000 0.4357000000 1
107.2000000000 0.4357333333 1
107.3000000000 0.4357666667 1
107.4000000000 0.4358000000 1
107.5000000000 0.4358333333 1
107.6000000000 0.4358666667 1
107.7000000000 0.4359000000 1
107.8000000000 0.4359333333 1
107.9000000000 0.4359666667 1
108.0000000000 0.4360000000 1
108.1000000000 0.4360333333 1
108.2000000000 0.4360666667 1
108.3000000000 0.4361000000 1
108.4000000000 0.4361333333 1
108.5000000000 0.4361666667 1
108.6000000000 0.4362000000 1
108.7000000000 0.4362333333 1
108.8000000000 0.4362666667 1
108.9000000000 0.4363000000 1
109.0000000000 0.4363333333 1
109.1000000000 0.4363666667 1
109.2000000000 0.4364000000 1
109.3000000000 0.4364333333 1
109.4000000000 0.4364666667 1
109.5000000000 0.4365000000 1
109.6000000000 0.4365333333 1
109.7000000000 0.4365666667 1
109.8000000000 0.4366000000 1
109.9000000000 0.4366333333 1
110.0000000000 0.4366666667 1
110.1000000000 0.4367000000 1
110.2000000000 0.4367333333 1
110.3000000000 0.4367666667 1
110.4000000000 0.4368000000 1
110.5000000000 0.4368333333 1
110.6000000000 0.4368666667 1
110.7000000000 0.4369000000 1
110.8000000000 0.4369333333 1
110.9000000000 0.4369666667 1
111.0000000000 0.4370000000 1
111.1000000000 0.4370333333 1
111.2000000000 0.4370666667 1
111.3000000000 0.4371000000 1
111.4000000000 0.4371333333 1
111.5000000000 0.4371666667 1
111.6000000000 0.4372000000 1
111.7000000000 0.4372333333 1
111.8000000000 0.4372666667 1
111.9000000000 0.4373000000 1
112.0000000000 0.4373333333 1
112.1000000000 0.4373666667 1
112.2000000000 0.4374000000 1
112.3000000000 0.4374333333 1
112.4000000000 0.4374666667 1
112.5000000000 0.4375000000 1
112.6000000000 0.4375333333 1
112.7000000000 0.4375666667 1
112.8000000000 0.4376000000 1
112.9000000000 0.4376333333 1
113.0000000000 0.4376666667 1
113.1000000000 0.4377000000 1
113.2000000000 0.4377333333 1
113.3000000000 0.4377666667 1
113.4000000000 0.4378000000 1
113.5000000000 0.4378333333 1
113.6000000000 0.4378666667 1
113.7000000000 0.4379000000 1
113.8000000000 0.4379333333 1
113.9000000000 0.4379666667 1
114.0000000000 0.4380000000 1
114.1000000000 0.4380333333 1
114.2000000000 0.4380666667 1
114.3000000000 0.4381000000 1
114.4000000000 0.4381333333 1
114.5000000000 0.4381666667 1
114.6000000000 0.4382000000 1
114.7000000000 0.4382333333 1
114.8000000000 0.4382666667 1
114.9000000000 0.4383000000 1
115.0000000000 0.4383333333 1
115.1000000000 0.4383666667 1
115.2000000000 0.4384000000 1
115.3000000000 0.4384333333 1
115.4000000000 0.4384666667 1
115.5000000000 0.4385000000 1
115.6000000000 0.4385333333 1
115.7000000000 0.4385666667 1
115.8000000000 0.4386000000 1
115.9000000000 0.4386333333 1
116.0000000000 0.4386666667 1
116.1000000000 0.4387000000 1
116.2000000000 0.4387333333 1
116.3000000000 0.4387666667 1
116.4000000000 0.4388000000 1
116.5000000000 0.4388333333 1
116.6000000000 0.4388666667 1
116.7000000000 0.4389000000 1
116.8000000000 0.4389333333 1
116.9000000000 0.4389666667 1
117.0000000000 0.4390000000 1
117.1000000000 0.4390333333 1
117.2000000000 0.4390666667 1
117.3000000000 0.4391000000 1
117.4000000000 0.4391333333 1
117.5000000000 0.4391666667 1
117.6000000000 0.4392000000 1
117.7000000000 0.4392333333 1
117.8000000000 0.4392666667 1
117.9000000000 0.4393000000 1
118.0000000000 0.4393333333 1
118.1000000000 0.4393666667 1
118.2000000000 0.4394000000 1
118.3000000000 0.4394333333 1
118.4000000000 0.4394666667 1
118.5000000000 0.4395000000 1
118.6000000000 0.4395333333 1
118.7000000000 0.4395666667 1
118.8000000000 0.4396000000 1
118.9000000000 0.4396333333 1
119.0000000000 0.4396666667 1
119.1000000000 0.4397000000 1
119.2000000000 0.4397333333 1
119.3000000000 0.4397666667 1
119.4000000000 0.4398000000 1
119.5000000000 0.4398333333 1
119.6000000000 0.4398666667 1
119.7000000000 0.4399000000 1
119.8000000000 0.4399333333 1
119.9000000000 0.4399666667 1
120.0000000000 0.4400000000 1
120.1000000000 0.4400333333 1
120.2000000000 0.4400666667 1
120.3000000000 0.4401000000 1
120.4000000000 0.4401333333 1
120.5000000000 0.4401666667 1
120.6000000000 0.4402000000 1
120.7000000000 0.4402333333 1
120.8000000000 0.4402666667 1
120.9000000000 0.4403000000 1
121.0000000000 0.4403333333 1
121.1000000000 0.4403666667 1
121.2000000000 0.4404000000 1
121.3000000000 0.4404333333 1
121.4000000000 0.4404666667 1
121.5000000000 0.4405000000 1
121.6000000000 0.4405333333 1
121.7000000000 0.4405666667 1
121.8000000000 0.4406000000 1
121.9000000000 0.4406333333 1
122.0000000000 0.4406666667 1
122.1000000000 0.4407000000 1
122.2000000000 0.4407333333 1
122.3000000000 0.4407666667 1
122.4000000000 0.4408000000 1
122.5000000000 0.4408333333 1
122.6000000000 0.4408666667 1
122.7000000000 0.4409000000 1
122.8000000000 0.4409333333 1
122.9000000000 0.4409666667 1
123.0000000000 0.4410000000 1
123.1000000000 0.4410333333 1
123.2000000000 0.4410666667 1
123.3000000000 0.4411000000 1
123.4000000000 0.4411333333 1
123.5000000000 0.4411666667 1
123.6000000000 0.4412000000 1
123.7000000000 0.4412333333 1
123.8000000000 0.4412666667 1
123.9000000000 0.4413000000 1
124.0000000000 0.4413333333 1
124.1000000000 0.4413666667 1
124.2000000000 0.4414000000 1
124.3000000000 0.4414333333 1
124.4000000000 0.4414666667 1
124.5000000000 0.4415000000 1
124.6000000000 0.4415333333 1
124.7000000000 0.4415666667 1
124.8000000000 0.4416000000 1
124.9000000000 0.4416333333 1
125.0000000000 0.4416666667 1
125.1000000000 0.4417000000 1
125.2000000000 0.4417333333 1
125.3000000000 0.4417666667 1
125.4000000000 0.4418000000 1
125.5000000000 0.4418333333 1
125.6000000000 0.4418666667 1
125.7000000000 0.4419000000 1
125.8000000000 0.4419333333 1
125.9000000000 0.4419666667 1
126.0000000000 0.4420000000 1
126.1000000000 0.4420333333 1
126.2000000000 0.4420666667 1
126.3000000000 0.4421000000 1
126.4000000000 0.4421333333 1
126.5000000000 0.4421666667 1
126.6000000000 0.4422000000 1
126.7000000000 0.4422333333 1
126.8000000000 0.4422666667 1
126.9000000000 0.4423000000 1
127.0000000000 0.4423333333 1
127.1000000000 0.4423666667 1
127.2000000000 0.4424000000 1
127.3000000000 0.4424333333 1
127.4000000000 0.4424666667 1
127.5000000000 0.4425000000 1
127.6000000000 0.4425333333 1
127.7000000000 0.4425666667 1
127.8000000000 0.4426000000 1
127.9000000000 0.4426333333 1
128.0000000000 0.4426666667 1
128.1000000000 0.4427000000 1
128.2000000000 0.4427333333 1
128.3000000000 0.4427666667 1
128.4000000000 0.4428000000 1
128.5000000000 0.4428333333 1
128.6000000000 0.4428666667 1
128.7000000000 0.4429000000 1
128.8000000000 0.4429333333 1
128.9000000000 0.4429666667 1
129.0000000000 0.4430000000 1
129.1000000000 0.4430333333 1
129.2000000000 0.4430666667 1
129.3000000000 0.4431000000 1
129.4000000000 0.4431333333 1
129.5000000000 0.4431666667 1
129.6000000000 0.4432000000 1
129.7000000000 0.4432333333 1
129.8000000000 0.4432666667 1
129.9000000000 0.4433000000 1
130.0000000000 0.4433333333 1
130.1000000000 0.4433666667 1
130.2000000000 0.4434000000 1
130.3000000000 0.4434333333 1
130.4000000000 0.4434666667 1
130.5000000000 0.4435000000 1
130.6000000000 0.4435333333 1
130.7000000000 0.4435666667 1
130.8000000000 0.4436000000 1
130.9000000000 0.4436333333 1
131.0000000000 0.4436666667 1
131.1000000000 0.4437000000 1
131.2000000000 0.4437333333 1
131.3000000000 0.4437666667 1
131.4000000000 0.4438000000 1
131.5000000000 0.4438333333 1
131.6000000000 0.4438666667 1
131.7000000000 0.4439000000 1
131.8000000000 0.4439333333 1
131.9000000000 0.4439666667 1
132.0000000000 0.4440000000 1
132.1000000000 0.4440333333 1
132.2000000000 0.4440666667 1
132.3000000000 0.4441000000 1
132.4000000000 0.4441333333 1
132.5000000000 0.4441666667 1
132.6000000000 0.4442000000 1
132.7000000000 0.4442333333 1
132.8000000000 0.4442666667 1
132.9000000000 0.4443000000 1
133.0000000000 0.4443333333 1
133.1000000000 0.4443666667 1
133.2000000000 0.4444000000 1
133.3000000000 0.4444333333 1
133.4000000000 0.4444666667 1
133.5000000000 0.4445000000 1
133.6000000000 0.4445333333 1
133.7000000000 0.4445666667 1
133.8000000000 0.4446000000 1
133.9000000000 0.4446333333 1
134.0000000000 0.4446666667 1
134.1000000000 0.4447000000 1
134.2000000000 0.4447333333 1
134.3000000000 0.4447666667 1
134.4000000000 0.4448000000 1
134.5000000000 0.4448333333 1
134.6000000000 0.4448666667 1
134.7000000000 0.4449000000 1
134.8000000000 0.4449333333 1
134.9000000000 0.4449666667 1
135.0000000000 0.4450000000 1
135.1000000000 0.4450333333 1
135.2000000000 0.4450666667 1
135.3000000000 0.4451000000 1
135.4000000000 0.4451333333 1
135.5000000000 0.4451666667 1
135.6000000000 0.4452000000 1
135.7000000000 0.4452333333 1
135.8000000000 0.4452666667 1
135.9000000000 0.4453000000 1
136.0000000000 0.4453333333 1
136.1000000000 0.4453666667 1
136.2000000000 0.4454000000 1
136.3000000000 0.4454333333 1
136.4000000000 0.4454666667 1
136.5000000000 0.4455000000 1
136.6000000000 0.4455333333 1
136.7000000000 0.4455666667 1
136.8000000000 0.4456000000 1
136.9000000000 0.4456333333 1
137.0000000000 0.4456666667 1
137.1000000000 0.4457000000 1
137.2000000000 0.4457333333 1
137.3000000000 0.4457666667 1
137.4000000000 0.4458000000 1
137.5000000000 0.4458333333 1
137.6000000000 0.4458666667 1
137.7000000000 0.4459000000 1
137.8000000000 0.4459333333 1
137.9000000000 0.4459666667 1
138.0000000000 0.4460000000 1
138.1000000000 0.4460333333 1
138.2000000000 0.4460666667 1
138.3000000000 0.4461000000 1
138.4000000000 0.4461333333 1
138.5000000000 0.4461666667 1
138.6000000000 0.4462000000 1
138.7000000000 0.4462333333 1
138.8000000000 0.4462666667 1
138.9000000000 0.4463000000 1
139.0000000000 0.4463333333 1
139.1000000000 0.4463666667 1
139.2000000000 0.4464000000 1
139.3000000000 0.4464333333 1
139.4000000000 0.4464666667 1
139.5000000000 0.4465000000 1
139.6000000000 0.4465333333 1
139.7000000000 0.4465666667 1
139.8000000000 0.4466000000 1
139.9000000000 0.4466333333 1
140.0000000000 0.4466666667 1
140.1000000000 0.4467000000 1
140.2000000000 0.4467333333 1
140.3000000000 0.4467666667 1
140.4000000000 0.4468000000 1
140.5000000000 0.4468333333 1
140.6000000000 0.4468666667 1
140.7000000000 0.4469000000 1
140.8000000000 0.4469333333 1
140.9000000000 0.4469666667 1
141.0000000000 0.4470000000 1
141.1000000000 0.4470333333 1
141.2000000000 0.4470666667 1
141.3000000000 0.4471000000 1
141.4000000000 0.4471333333 1
141.5000000000 0.4471666667 1
141.6000000000 0.4472000000 1
141.7000000000 0.4472333333 1
141.8000000000 0.4472666667 1
141.9000000000 0.4473000000 1
142.0000000000 0.4473333333 1
142.1000000000 0.4473666667 1
142.2000000000 0.4474000000 1
142.3000000000 0.4474333333 1
142.4000000000 0.4474666667 1
142.5000000000 0.4475000000 1
142.6000000000 0.4475333333 1
142.7000000000 0.4475666667 1
142.8000000000 0.4476000000 1
142.9000000000 0.4476333333 1
143.0000000000 0.4476666667 1
143.1000000000 0.4477000000 1
143.2000000000 0.4477333333 1
143.3000000000 0.4477666667 1
143.4000000000 0.4478000000 1
143.5000000000 0.4478333333 1
143.6000000000 0.4478666667 1
143.7000000000 0.4479000000 1
143.8000000000 0.4479333333 1
143.9000000000 0.4479666667 1
144.0000000000 0.4480000000 1
144.1000000000 0.4480333333 1
144.2000000000 0.4480666667 1
144.3000000000 0.4481000000 1
144.4000000000 0.4481333333 1
144.5000000000 0.4481666667 1
144.6000000000 0.4482000000 1
144.7000000000 0.4482333333 1
144.8000000000 0.4482666667 1
144.9000000000 0.4483000000 1
145.0000000000 0.4483333333 1
145.1000000000 0.4483666667 1
145.2000000000 0.4484000000 1
145.3000000000 0.4484333333 1
145.4000000000 0.4484666667 1
145.5000000000 0.4485000000 1
145.6000000000 0.4485333333 1
145.7000000000 0.4485666667 1
145.8000000000 0.4486000000 1
145.9000000000 0.4486333333 1
146.0000000000 0.4486666667 1
146.1000000000 0.4487000000 1
146.2000000000 0.4487333333 1
146.3000000000 0.4487666667 1
146.4000000000 0.4488000000 1
146.5000000000 0.4488333333 1
146.6000000000 0.4488666667 1
146.7000000000 0.4489000000 1
146.8000000000 0.4489333333 1
146.9000000000 0.4489666667 1
147.0000000000 0.4490000000 1
147.1000000000 0.4490333333 1
147.2000000000 0.4490666667 1
147.3000000000 0.4491000000 1
147.4000000000 0.4491333333 1
147.5000000000 0.4491666667 1
147.6000000000 0.4492000000 1
147.7000000000 0.4492333333 1
147.8000000000 0.4492666667 1
147.9000000000 0.4493000000 1
148.0000000000 0.4493333333 1
148.1000000000 0.4493666667 1
148.2000000000 0.4494000000 1
148.3000000000 0.4494333333 1
148.4000000000 0.4494666667 1
148.5000000000 0.4495000000 1
148.6000000000 0.4495333333 1
148.7000000000 0.4495666667 1
148.8000000000 0.4496000000 1
148.9000000000 0.4496333333 1
149.0000000000 0.4496666667 1
149.1000000000 0.4497000000 1
149.2000000000 0.4497333333 1
149.3000000000 0.4497666667 1
149.4000000000 0.4498000000 1
149.5000000000 0.4498333333 1
149.6000000000 0.4498666667 1
149.7000000000 0.4499000000 1
149.8000000000 0.4499333333 1
149.9000000000 0.4499666667 1
150.0000000000 0.4500000000 1
150.1000000000 0.4500333333 1
150.2000000000 0.4500666667 1
150.3000000000 0.4501000000 1
150.4000000000 0.4501333333 1
150.5000000000 0.4501666667 1
150.6000000000 0.4502000000 1
150.7000000000 0.4502333333 1
150.8000000000 0.4502666667 1
150.9000000000 0.4503000000 1
151.0000000000 0.4503333333 1
151.1000000000 0.4503666667 1
151.2000000000 0.4504000000 1
151.3000000000 0.4504333333 1
151.4000000000 0.4504666667 1
151.5000000000 0.4505000000 1
151.6000000000 0.4505333333 1
151.7000000000 0.4505666667 1
151.8000000000 0.4506000000 1
151.9000000000 0.4506333333 1
152.0000000000 0.4506666667 1
152.1000000000 0.4507000000 1
152.2000000000 0.4507333333 1
152.3000000000 0.4507666667 1
152.4000000000 0.4508000000 1
152.5000000000 0.4508333333 1
152.6000000000 0.4508666667 1
152.7000000000 0.4509000000 1
152.8000000000 0.4509333333 1
152.9000000000 0.4509666667 1
153.0000000000 0.4510000000 1
153.1000000000 0.4510333333 1
153.2000000000 0.4510666667 1
153.3000000000 0.4511000000 1
153.4000000000 0.4511333333 1
153.5000000000 0.4511666667 1
153.6000000000 0.4512000000 1
153.7000000000 0.4512333333 1
153.8000000000 0.4512666667 1
153.9000000000 0.4513000000 1
154.0000000000 0.4513333333 1
154.1000000000 0.4513666667 1
154.2000000000 0.4514000000 1
154.3000000000 0.4514333333 1
154.4000000000 0.4514666667 1
154.5000000000 0.4515000000 1
154.6000000000 0.4515333333 1
154.7000000000 0.4515666667 1
154.8000000000 0.4516000000 1
154.9000000000 0.4516333333 1
155.0000000000 0.4516666667 1
155.1000000000 0.4517000000 1
155.2000000000 0.4517333333 1
155.3000000000 0.4517666667 1
155.4000000000 0.4518000000 1
155.5000000000 0.4518333333 1
155.6000000000 0.4518666667 1
155.7000000000 0.4519000000 1
155.8000000000 0.4519333333 1
155.9000000000 0.4519666667 1
156.0000000000 0.4520000000 1
156.1000000000 0.4520333333 1
156.2000000000 0.4520666667 1
156.3000000000 0.4521000000 1
156.4000000000 0.4521333333 1
156.5000000000 0.4521666667 1
156.6000000000 0.4522000000 1
156.7000000000 0.4522333333 1
156.8000000000 0.4522666667 1
156.9000000000 0.4523000000 1
157.0000000000 0.4523333333 1
157.1000000000 0.4523666667 1
157.2000000000 0.4524000000 1
157.3000000000 0.4524333333 1
157.4000000000 0.4524666667 1
157.5000000000 0.4525000000 1
157.6000000000 0.4525333333 1
157.7000000000 0.4525666667 1
157.8000000000 0.4526000000 1
157.9000000000 0.4526333333 1
158.0000000000 0.4526666667 1
158.1000000000 0.4527000000 1
158.2000000000 0.4527333333 1
158.3000000000 0.4527666667 1
158.4000000000 0.4528000000 1
158.5000000000 0.4528333333 1
158.6000000000 0.4528666667 1
158.7000000000 0.4529000000 1
158.8000000000 0.4529333333 1
158.9000000000 0.4529666667 1
159.0000000000 0.4530000000 1
159.1000000000 0.4530333333 1
159.2000000000 0.4530666667 1
159.3000000000 0.4531000000 1
159.4000000000 0.4531333333 1
159.5000000000 0.4531666667 1
159.6000000000 0.4532000000 1
159.7000000000 0.4532333333 1
159.8000000000 0.4532666667 1
159.9000000000 0.4533000000 1
160.0000000000 0.4533333333 1
160.1000000000 0.4533666667 1
160.2000000000 0.4534000000 1
160.3000000000 0.4534333333 1
160.4000000000 0.4534666667 1
160.5000000000 0.4535000000 1
160.6000000000 0.4535333333 1
160.7000000000 0.4535666667 1
160.8000000000 0.4536000000 1
160.9000000000 0.4536333333 1
161.0000000000 0.4536666667 1
161.1000000000 0.4537000000 1
161.2000000000 0.4537333333 1
161.3000000000 0.4537666667 1
161.4000000000 0.4538000000 1
161.5000000000 0.4538333333 1
161.6000000000 0.4538666667 1
161.7000000000 0.4539000000 1
161.8000000000 0.4539333333 1
161.9000000000 0.4539666667 1
162.0000000000 0.4540000000 1
162.1000000000 0.4540333333 1
162.2000000000 0.4540666667 1
162.3000000000 0.4541000000 1
162.4000000000 0.4541333333 1
162.5000000000 0.4541666667 1
162.6000000000 0.4542000000 1
162.7000000000 0.4542333333 1
162.8000000000 0.4542666667 1
162.9000000000 0.4543000000 1
163.0000000000 0.4543333333 1
163.1000000000 0.4543666667 1
163.2000000000 0.4544000000 1
163.3000000000 0.4544333333 1
163.4000000000 0.4544666667 1
163.5000000000 0.4545000000 1
163.6000000000 0.4545333333 1
163.7000000000 0.4545666667 1
163.8000000000 0.4546000000 1
163.9000000000 0.4546333333 1
164.0000000000 0.4546666667 1
164.1000000000 0.4547000000 1
164.2000000000 0.4547333333 1
164.3000000000 0.4547666667 1
164.4000000000 0.4548000000 1
164.5000000000 0.4548333333 1
164.6000000000 0.4548666667 1
164.7000000000 0.4549000000 1
164.8000000000 0.4549333333 1
164.9000000000 0.4549666667 1
165.0000000000 0.4550000000 1
165.1000000000 0.4550333333 1
165.2000000000 0.4550666667 1
165.3000000000 0.4551000000 1
165.4000000000 0.4551333333 1
165.5000000000 0.4551666667 1
165.6000000000 0.4552000000 1
165.7000000000 0.4552333333 1
165.8000000000 0.4552666667 1
165.9000000000 0.4553000000 1
166.0000000000 0.4553333333 1
166.1000000000 0.4553666667 1
166.2000000000 0.4554000000 1
166.3000000000 0.4554333333 1
166.4000000000 0.4554666667 1
166.5000000000 0.4555000000 1
166.6000000000 0.4555333333 1
166.7000000000 0.4555666667 1
166.8000000000 0.4556000000 1
166.9000000000 0.4556333333 1
167.0000000000 0.4556666667 1
167.1000000000 0.4557000000 1
167.2000000000 0.4557333333 1
167.3000000000 0.4557666667 1
167.4000000000 0.4558000000 1
167.5000000000 0.4558333333 1
167.6000000000 0.4558666667 1
167.7000000000 0.4559000000 1
167.8000000000 0.4559333333 1
167.9000000000 0.4559666667 1
168.0000000000 0.4560000000 1
168.1000000000 0.4560333333 1
168.2000000000 0.4560666667 1
168.3000000000 0.4561000000 1
168.4000000000 0.4561333333 1
168.5000000000 0.4561666667 1
168.6000000000 0.4562000000 1
168.7000000000 0.4562333333 1
168.8000000000 0.4562666667 1
168.9000000000 0.4563000000 1
169.0000000000 0.4563333333 1
169.1000000000 0.4563666667 1
169.2000000000 0.4564000000 1
169.3000000000 0.4564333333 1
169.4000000000 0.4564666667 1
169.5000000000 0.4565000000 1
169.6000000000 0.4565333333 1
169.7000000000 0.4565666667 1
169.8000000000 0.4566000000 1
169.9000000000 0.4566333333 1
170.0000000000 0.4566666667 1
170.1000000000 0.4567000000 1
170.2000000000 0.4567333333 1
170.3000000000 0.4567666667 1
170.4000000000 0.4568000000 1
170.5000000000 0.4568333333 1
170.6000000000 0.4568666667 1
170.7000000000 0.4569000000 1
170.8000000000 0.4569333333 1
170.9000000000 0.4569666667 1
171.0000000000 0.4570000000 1
171.1000000000 0.4570333333 1
171.2000000000 0.4570666667 1
171.3000000000 0.4571000000 1
171.4000000000 0.4571333333 1
171.5000000000 0.4571666667 1
171.6000000000 0.4572000000 1
171.7000000000 0.4572333333 1
171.8000000000 0.4572666667 1
171.9000000000 0.4573000000 1
172.0000000000 0.4573333333 1
172.1000000000 0.4573666667 1
172.2000000000 0.4574000000 1
172.3000000000 0.4574333333 1
172.4000000000 0.4574666667 1
172.5000000000 0.4575000000 1
172.6000000000 0.4575333333 1
172.7000000000 0.4575666667 1
172.8000000000 0.4576000000 1
172.9000000000 0.4576333333 1
173.0000000000 0.4576666667 1
173.1000000000 0.4577000000 1
173.2000000000 0.4577333333 1
173.3000000000 0.4577666667 1
173.4000000000 0.4578000000 1
173.5000000000 0.4578333333 1
173.6000000000 0.4578666667 1
173.7000000000 0.4579000000 1
173.8000000000 0.4579333333 1
173.9000000000 0.4579666667 1
174.0000000000 0.4580000000 1
174.1000000000 0.4580333333 1
174.2000000000 0.4580666667 1
174.3000000000 0.4581000000 1
174.4000000000 0.4581333333 1
174.5000000000 0.4581666667 1
174.6000000000 0.4582000000 1
174.7000000000 0.4582333333 1
174.8000000000 0.4582666667 1
174.9000000000 0.4583000000 1
175.0000000000 0.4583333333 1
175.1000000000 0.4583666667 1
175.2000000000 0.4584000000 1
175.3000000000 0.4584333333 1
175.4000000000 0.4584666667 1
175.5000000000 0.4585000000 1
175.6000000000 0.4585333333 1
175.7000000000 0.4585666667 1
175.8000000000 0.4586000000 1
175.9000000000 0.4586333333 1
176.0000000000 0.4586666667 1
176.1000000000 0.4587000000 1
176.2000000000 0.4587333333 1
176.3000000000 0.4587666667 1
176.4000000000 0.4588000000 1
176.5000000000 0.4588333333 1
176.6000000000 0.4588666667 1
176.7000000000 0.4589000000 1
176.8000000000 0.4589333333 1
176.9000000000 0.4589666667 1
177.0000000000 0.4590000000 1
177.1000000000 0.4590333333 1
177.2000000000 0.4590666667 1
177.3000000000 0.4591000000 1
177.4000000000 0.4591333333 1
177.5000000000 0.4591666667 1
177.6000000000 0.4592000000 1
177.7000000000 0.4592333333 1
177.8000000000 0.4592666667 1
177.9000000000 0.4593000000 1
178.0000000000 0.4593333333 1
178.1000000000 0.4593666667 1
178.2000000000 0.4594000000 1
178.3000000000 0.4594333333 1
178.4000000000 0.4594666667 1
178.5000000000 0.4595000000 1
178.6000000000 0.4595333333 1
178.7000000000 0.4595666667 1
178.8000000000 0.4596000000 1
178.9000000000 0.4596333333 1
179.0000000000 0.4596666667 1
179.1000000000 0.4597000000 1
179.2000000000 0.4597333333 1
179.3000000000 0.4597666667 1
179.4000000000 0.4598000000 1
179.5000000000 0.4598333333 1
179.6000000000 0.4598666667 1
179.7000000000 0.4599000000 1
179.8000000000 0.4599333333 1
179.9000000000 0.4599666667 1
180.0000000000 0.4600000000 1
180.1000000000 0.4600333333 1
180.2000000000 0.4600666667 1
180.3000000000 0.4601000000 1
180.4000000000 0.4601333333 1
180.5000000000 0.4601666667 1
180.6000000000 0.4602000000 1
180.7000000000 0.4602333333 1
180.8000000000 0.4602666667 1
180.9000000000 0.4603000000 1
181.0000000000 0.4603333333 1
181.1000000000 0.4603666667 1
181.2000000000 0.4604000000 1
181.3000000000 0.4604333333 1
181.4000000000 0.4604666667 1
181.5000000000 0.4605000000 1
181.6000000000 0.4605333333 1
181.7000000000 0.4605666667 1
181.8000000000 0.4606000000 1
181.9000000000 0.4606333333 1
182.0000000000 0.4606666667 1
182.1000000000 0.4607000000 1
182.2000000000 0.4607333333 1
182.3000000000 0.4607666667 1
182.4000000000 0.4608000000 1
182.5000000000 0.4608333333 1
182.6000000000 0.4608666667 1
182.7000000000 0.4609000000 1
182.8000000000 0.4609333333 1
182.9000000000 0.4609666667 1
183.0000000000 0.4610000000 1
183.1000000000 0.4610333333 1
183.2000000000 0.4610666667 1
183.3000000000 0.4611000000 1
183.4000000000 0.4611333333 1
183.5000000000 0.4611666667 1
183.6000000000 0.4612000000 1
183.7000000000 0.4612333333 1
183.8000000000 0.4612666667 1
183.9000000000 0.4613000000 1
184.0000000000 0.4613333333 1
184.1000000000 0.4613666667 1
184.2000000000 0.4614000000 1
184.3000000000 0.4614333333 1
184.4000000000 0.4614666667 1
184.5000000000 0.4615000000 1
184.6000000000 0.4615333333 1
184.7000000000 0.4615666667 1
184.8000000000 0.4616000000 1
184.9000000000 0.4616333333 1
185.0000000000 0.4616666667 1
185.1000000000 0.4617000000 1
185.2000000000 0.4617333333 1
185.3000000000 0.4617666667 1
185.4000000000 0.4618000000 1
185.5000000000 0.4618333333 1
185.6000000000 0.4618666667 1
185.7000000000 0.4619000000 1
185.8000000000 0.4619333333 1
185.9000000000 0.4619666667 1
186.0000000000 0.4620000000 1
186.1000000000 0.4620333333 1
186.2000000000 0.4620666667 1
186.3000000000 0.4621000000 1
186.4000000000 0.4621333333 1
186.5000000000 0.4621666667 1
186.6000000000 0.4622000000 1
186.7000000000 0.4622333333 1
186.8000000000 0.4622666667 1
186.9000000000 0.4623000000 1
187.0000000000 0.4623333333 1
187.1000000000 0.4623666667 1
187.2000000000 0.4624000000 1
187.3000000000 0.4624333333 1
187.4000000000 0.4624666667 1
187.5000000000 0.4625000000 1
187.6000000000 0.4625333333 1
187.7000000000 0.4625666667 1
187.8000000000 0.4626000000 1
187.9000000000 0.4626333333 1
188.0000000000 0.4626666667 1
188.1000000000 0.4627000000 1
188.2000000000 0.4627333333 1
188.3000000000 0.4627666667 1
188.4000000000 0.4628000000 1
188.5000000000 0.4628333333 1
188.6000000000 0.4628666667 1
188.7000000000 0.4629000000 1
188.8000000000 0.4629333333 1
188.9000000000 0.4629666667 1
189.0000000000 0.4630000000 1
189.1000000000 0.4630333333 1
189.2000000000 0.4630666667 1
189.3000000000 0.4631000000 1
189.4000000000 0.4631333333 1
189.5000000000 0.4631666667 1
189.6000000000 0.4632000000 1
189.7000000000 0.4632333333 1
189.8000000000 0.4632666667 1
189.9000000000 0.4633000000 1
190.0000000000 0.4633333333 1
190.1000000000 0.4633666667 1
190.2000000000 0.4634000000 1
190.3000000000 0.4634333333 1
190.4000000000 0.4634666667 1
190.5000000000 0.4635000000 1
190.6000000000 0.4635333333 1
190.7000000000 0.4635666667 1
190.8000000000 0.4636000000 1
190.9000000000 0.4636333333 1
191.0000000000 0.4636666667 1
191.1000000000 0.4637000000 1
191.2000000000 0.4637333333 1
191.3000000000 0.4637666667 1
191.4000000000 0.4638000000 1
191.5000000000 0.4638333333 1
191.6000000000 0.4638666667 1
191.7000000000 0.4639000000 1
191.8000000000 0.4639333333 1
191.9000000000 0.4639666667 1
192.0000000000 0.4640000000 1
192.1000000000 0.4640333333 1
192.2000000000 0.4640666667 1
192.3000000000 0.4641000000 1
192.4000000000 0.4641333333 1
192.5000000000 0.4641666667 1
192.6000000000 0.4642000000 1
192.7000000000 0.4642333333 1
192.8000000000 0.4642666667 1
192.9000000000 0.4643000000 1
193.0000000000 0.4643333333 1
193.1000000000 0.4643666667 1
193.2000000000 0.4644000000 1
193.3000000000 0.4644333333 1
193.4000000000 0.4644666667 1
193.5000000000 0.4645000000 1
193.6000000000 0.4645333333 1
193.7000000000 0.4645666667 1
193.8000000000 0.4646000000 1
193.9000000000 0.4646333333 1
194.0000000000 0.4646666667 1
194.1000000000 0.4647000000 1
194.2000000000 0.4647333333 1
194.3000000000 0.4647666667 1
194.4000000000 0.4648000000 1
194.5000000000 0.4648333333 1
194.6000000000 0.4648666667 1
194.7000000000 0.4649000000 1
194.8000000000 0.4649333333 1
194.9000000000 0.4649666667 1
195.0000000000 0.4650000000 1
195.1000000000 0.4650333333 1
195.2000000000 0.4650666667 1
195.3000000000 0.4651000000 1
195.4000000000 0.4651333333 1
195.5000000000 0.4651666667 1
195.6000000000 0.4652000000 1
195.7000000000 0.4652333333 1
195.8000000000 0.4652666667 1
195.9000000000 0.4653000000 1
196.0000000000 0.4653333333 1
196.1000000000 0.4653666667 1
196.2000000000 0.4654000000 1
196.3000000000 0.4654333333 1
196.4000000000 0.4654666667 1
196.5000000000 0.4655000000 1
196.6000000000 0.4655333333 1
196.7000000000 0.4655666667 1
196.8000000000 0.4656000000 1
196.9000000000 0.4656333333 1
197.0000000000 0.4656666667 1
197.1000000000 0.4657000000 1
197.2000000000 0.4657333333 1
197.3000000000 0.4657666667 1
197.4000000000 0.4658000000 1
197.5000000000 0.4658333333 1
197.6000000000 0.4658666667 1
197.7000000000 0.4659000000 1
197.8000000000 0.4659333333 1
197.9000000000 0.4659666667 1
198.0000000000 0.4660000000 1
198.1000000000 0.4660333333 1
198.2000000000 0.4660666667 1
198.3000000000 0.4661000000 1
198.4000000000 0.4661333333 1
198.5000000000 0.4661666667 1
198.6000000000 0.4662000000 1
198.7000000000 0.4662333333 1
198.8000000000 0.4662666667 1
198.9000000000 0.4663000000 1
199.0000000000 0.4663333333 1
199.1000000000 0.4663666667 1
199.2000000000 0.4664000000 1
199.3000000000 0.4664333333 1
199.4000000000 0.4664666667 1
199.5000000000 0.4665000000 1
199.6000000000 0.4665333333 1
199.7000000000 0.4665666667 1
199.8000000000 0.4666000000 1
199.9000000000 0.4666333333 1
200.0000000000 0.4666666667 1
200.1000000000 0.4667000000 1
200.2000000000 0.4667333333 1
200.3000000000 0.4667666667 1
200.4000000000 0.4668000000 1
200.5000000000 0.4668333333 1
200.6000000000 0.4668666667 1
200.7000000000 0.4669000000 1
200.8000000000 0.4669333333 1
200.9000000000 0.4669666667 1
201.0000000000 0.4670000000 1
201.1000000000 0.4670333333 1
201.2000000000 0.4670666667 1
201.3000000000 0.4671000000 1
201.4000000000 0.4671333333 1
201.5000000000 0.4671666667 1
201.6000000000 0.4672000000 1
201.7000000000 0.4672333333 1
201.8000000000 0.4672666667 1
201.9000000000 0.4673000000 1
202.0000000000 0.4673333333 1
202.1000000000 0.4673666667 1
202.2000000000 0.4674000000 1
202.3000000000 0.4674333333 1
202.4000000000 0.4674666667 1
202.5000000000 0.4675000000 1
202.6000000000 0.4675333333 1
202.7000000000 0.4675666667 1
202.8000000000 0.4676000000 1
202.9000000000 0.4676333333 1
203.0000000000 0.4676666667 1
203.1000000000 0.4677000000 1
203.2000000000 0.4677333333 1
203.3000000000 0.4677666667 1
203.4000000000 0.4678000000 1
203.5000000000 0.4678333333 1
203.6000000000 0.4678666667 1
203.7000000000 0.4679000000 1
203.8000000000 0.4679333333 1
203.9000000000 0.4679666667 1
204.0000000000 0.4680000000 1
204.1000000000 0.4680333333 1
204.2000000000 0.4680666667 1
204.3000000000 0.4681000000 1
204.4000000000 0.4681333333 1
204.5000000000 0.4681666667 1
204.6000000000 0.4682000000 1
204.7000000000 0.4682333333 1
204.8000000000 0.4682666667 1
204.9000000000 0.4683000000 1
205.0000000000 0.4683333333 1
205.1000000000 0.4683666667 1
205.2000000000 0.4684000000 1
205.3000000000 0.4684333333 1
205.4000000000 0.4684666667 1
205.5000000000 0.4685000000 1
205.6000000000 0.4685333333 1
205.7000000000 0.4685666667 1
205.8000000000 0.4686000000 1
205.9000000000 0.4686333333 1
206.0000000000 0.4686666667 1
206.1000000000 0.4687000000 1
206.2000000000 0.4687333333 1
206.3000000000 0.4687666667 1
206.4000000000 0.4688000000 1
206.5000000000 0.4688333333 1
206.6000000000 0.4688666667 1
206.7000000000 0.4689000000 1
206.8000000000 0.4689333333 1
206.9000000000 0.4689666667 1
207.0000000000 0.4690000000 1
207.1000000000 0.4690333333 1
207.2000000000 0.4690666667 1
207.3000000000 0.4691000000 1
207.4000000000 0.4691333333 1
207.5000000000 0.4691666667 1
207.6000000000 0.4692000000 1
207.7000000000 0.4692333333 1
207.8000000000 0.4692666667 1
207.9000000000 0.4693000000 1
208.0000000000 0.4693333333 1
208.1000000000 0.4693666667 1
208.2000000000 0.4694000000 1
208.3000000000 0.4694333333 1
208.4000000000 0.4694666667 1
208.5000000000 0.4695000000 1
208.6000000000 0.4695333333 1
208.7000000000 0.4695666667 1
208.8000000000 0.4696000000 1
208.9000000000 0.4696333333 1
209.0000000000 0.4696666667 1
209.1000000000 0.4697000000 1
209.2000000000 0.4697333333 1
209.3000000000 0.4697666667 1
209.4000000000 0.4698000000 1
209.5000000000 0.4698333333 1
209.6000000000 0.4698666667 1
209.7000000000 0.4699000000 1
209.8000000000 0.4699333333 1
209.9000000000 0.4699666667 1
210.0000000000 0.4700000000 1
210.1000000000 0.4700333333 1
210.2000000000 0.4700666667 1
210.3000000000 0.4701000000 1
210.4000000000 0.4701333333 1
210.5000000000 0.4701666667 1
210.6000000000 0.4702000000 1
210.7000000000 0.4702333333 1
210.8000000000 0.4702666667 1
210.9000000000 0.4703000000 1
211.0000000000 0.4703333333 1
211.1000000000 0.4703666667 1
211.2000000000 0.4704000000 1
211.3000000000 0.4704333333 1
211.4000000000 0.4704666667 1
211.5000000000 0.4705000000 1
211.6000000000 0.4705333333 1
211.7000000000 0.4705666667 1
211.8000000000 0.4706000000 1
211.9000000000 0.4706333333 1
212.0000000000 0.4706666667 1
212.1000000000 0.4707000000 1
212.2000000000 0.4707333333 1
212.3000000000 0.4707666667 1
212.4000000000 0.4708000000 1
212.5000000000 0.4708333333 1
212.6000000000 0.4708666667 1
212.7000000000 0.4709000000 1
212.8000000000 0.4709333333 1
212.9000000000 0.4709666667 1
213.0000000000 0.4710000000 1
213.1000000000 0.4710333333 1
213.2000000000 0.4710666667 1
213.3000000000 0.4711000000 1
213.4000000000 0.4711333333 1
213.5000000000 0.4711666667 1
213.6000000000 0.4712000000 1
213.7000000000 0.4712333333 1
213.8000000000 0.4712666667 1
213.9000000000 0.4713000000 1
214.0000000000 0.4713333333 1
214.1000000000 0.4713666667 1
214.2000000000 0.4714000000 1
214.3000000000 0.4714333333 1
214.4000000000 0.4714666667 1
214.5000000000 0.4715000000 1
214.6000000000 0.4715333333 1
214.7000000000 0.4715666667 1
214.8000000000 0.4716000000 1
214.9000000000 0.4716333333 1
215.0000000000 0.4716666667 1
215.1000000000 0.4717000000 1
215.2000000000 0.4717333333 1
215.3000000000 0.4717666667 1
215.4000000000 0.4718000000 1
215.5000000000 0.4718333333 1
215.6000000000 0.4718666667 1
215.7000000000 0.4719000000 1
215.8000000000 0.4719333333 1
215.9000000000 0.4719666667 1
216.0000000000 0.4720000000 1
216.1000000000 0.4720333333 1
216.2000000000 0.4720666667 1
216.3000000000 0.4721000000 1
216.4000000000 0.4721333333 1
216.5000000000 0.4721666667 1
216.6000000000 0.4722000000 1
216.7000000000 0.4722333333 1
216.8000000000 0.4722666667 1
216.9000000000 0.4723000000 1
217.0000000000 0.4723333333 1
217.1000000000 0.4723666667 1
217.2000000000 0.4724000000 1
217.3000000000 0.4724333333 1
217.4000000000 0.4724666667 1
217.5000000000 0.4725000000 1
217.6000000000 0.4725333333 1
217.7000000000 0.4725666667 1
217.8000000000 0.4726000000 1
217.9000000000 0.4726333333 1
218.0000000000 0.4726666667 1
218.1000000000 0.4727000000 1
218.2000000000 0.4727333333 1
218.3000000000 0.4727666667 1
218.4000000000 0.4728000000 1
218.5000000000 0.4728333333 1
218.6000000000 0.4728666667 1
218.7000000000 0.4729000000 1
218.8000000000 0.4729333333 1
218.9000000000 0.4729666667 1
219.0000000000 0.4730000000 1
219.1000000000 0.4730333333 1
219.2000000000 0.4730666667 1
219.3000000000 0.4731000000 1
219.4000000000 0.4731333333 1
219.5000000000 0.4731666667 1
219.6000000000 0.4732000000 1
219.7000000000 0.4732333333 1
219.8000000000 0.4732666667 1
219.9000000000 0.4733000000 1
220.0000000000 0.4733333333 1
220.1000000000 0.4733666667 1
220.2000000000 0.4734000000 1
220.3000000000 0.4734333333 1
220.4000000000 0.4734666667 1
220.5000000000 0.4735000000 1
220.6000000000 0.4735333333 1
220.7000000000 0.4735666667 1
220.8000000000 0.4736000000 1
220.9000000000 0.4736333333 1
221.0000000000 0.4736666667 1
221.1000000000 0.4737000000 1
221.2000000000 0.4737333333 1
221.3000000000 0.4737666667 1
221.4000000000 0.4738000000 1
221.5000000000 0.4738333333 1
221.6000000000 0.4738666667 1
221.7000000000 0.4739000000 1
221.8000000000 0.4739333333 1
221.9000000000 0.4739666667 1
222.0000000000 0.4740000000 1
222.1000000000 0.4740333333 1
222.2000000000 0.4740666667 1
222.3000000000 0.4741000000 1
222.4000000000 0.4741333333 1
222.5000000000 0.4741666667 1
222.6000000000 0.4742000000 1
222.7000000000 0.4742333333 1
222.8000000000 0.4742666667 1
222.9000000000 0.4743000000 1
223.0000000000 0.4743333333 1
223.1000000000 0.4743666667 1
223.2000000000 0.4744000000 1
223.3000000000 0.4744333333 1
223.4000000000 0.4744666667 1
223.5000000000 0.4745000000 1
223.6000000000 0.4745333333 1
223.7000000000 0.4745666667 1
223.8000000000 0.4746000000 1
223.9000000000 0.4746333333 1
224.0000000000 0.4746666667 1
224.1000000000 0.4747000000 1
224.2000000000 0.4747333333 1
224.3000000000 0.4747666667 1
224.4000000000 0.4748000000 1
224.5000000000 0.4748333333 1
224.6000000000 0.4748666667 1
224.7000000000 0.4749000000 1
224.8000000000 0.4749333333 1
224.9000000000 0.4749666667 1
225.0000000000 0.4750000000 1
225.1000000000 0.4750333333 1
225.2000000000 0.4750666667 1
225.3000000000 0.4751000000 1
225.4000000000 0.4751333333 1
225.5000000000 0.4751666667 1
225.6000000000 0.4752000000 1
225.7000000000 0.4752333333 1
225.8000000000 0.4752666667 1
225.9000000000 0.4753000000 1
226.0000000000 0.4753333333 1
226.1000000000 0.4753666667 1
226.2000000000 0.4754000000 1
226.3000000000 0.4754333333 1
226.4000000000 0.4754666667 1
226.5000000000 0.4755000000 1
226.6000000000 0.4755333333 1
226.7000000000 0.4755666667 1
226.8000000000 0.4756000000 1
226.9000000000 0.4756333333 1
227.0000000000 0.4756666667 1
227.1000000000 0.4757000000 1
227.2000000000 0.4757333333 1
227.3000000000 0.4757666667 1
227.4000000000 0.4758000000 1
227.5000000000 0.4758333333 1
227.6000000000 0.4758666667 1
227.7000000000 0.4759000000 1
227.8000000000 0.4759333333 1
227.9000000000 0.4759666667 1
228.0000000000 0.4760000000 1
228.1000000000 0.4760333333 1
228.2000000000 0.4760666667 1
228.3000000000 0.4761000000 1
228.4000000000 0.4761333333 1
228.5000000000 0.4761666667 1
228.6000000000 0.4762000000 1
228.7000000000 0.4762333333 1
228.8000000000 0.4762666667 1
228.9000000000 0.4763000000 1
229.0000000000 0.4763333333 1
229.1000000000 0.4763666667 1
229.2000000000 0.4764000000 1
229.3000000000 0.4764333333 1
229.4000000000 0.4764666667 1
229.5000000000 0.4765000000 1
229.6000000000 0.4765333333 1
229.7000000000 0.4765666667 1
229.8000000000 0.4766000000 1
229.9000000000 0.4766333333 1
230.0000000000 0.4766666667 1
230.1000000000 0.4767000000 1
230.2000000000 0.4767333333 1
230.3000000000 0.4767666667 1
230.4000000000 0.4768000000 1
230.5000000000 0.4768333333 1
230.6000000000 0.4768666667 1
230.7000000000 0.4769000000 1
230.8000000000 0.4769333333 1
230.9000000000 0.4769666667 1
231.0000000000 0.4770000000 1
231.1000000000 0.4770333333 1
231.2000000000 0.4770666667 1
231.3000000000 0.4771000000 1
231.4000000000 0.4771333333 1
231.5000000000 0.4771666667 1
231.6000000000 0.4772000000 1
231.7000000000 0.4772333333 1
231.8000000000 0.4772666667 1
231.9000000000 0.4773000000 1
232.0000000000 0.4773333333 1
232.1000000000 0.4773666667 1
232.2000000000 0.4774000000 1
232.3000000000 0.4774333333 1
232.4000000000 0.4774666667 1
232.5000000000 0.4775000000 1
232.6000000000 0.4775333333 1
232.7000000000 0.4775666667 1
232.8000000000 0.4776000000 1
232.9000000000 0.4776333333 1
233.0000000000 0.4776666667 1
233.1000000000 0.4777000000 1
233.2000000000 0.4777333333 1
233.3000000000 0.4777666667 1
233.4000000000 0.4778000000 1
233.5000000000 0.4778333333 1
233.6000000000 0.4778666667 1
233.7000000000 0.4779000000 1
233.8000000000 0.4779333333 1
233.9000000000 0.4779666667 1
234.0000000000 0.4780000000 1
234.1000000000 0.4780333333 1
234.2000000000 0.4780666667 1
234.3000000000 0.4781000000 1
234.4000000000 0.4781333333 1
234.5000000000 0.4781666667 1
234.6000000000 0.4782000000 1
234.7000000000 0.4782333333 1
234.8000000000 0.4782666667 1
234.9000000000 0.4783000000 1
235.0000000000 0.4783333333 1
235.1000000000 0.4783666667 1
235.2000000000 0.4784000000 1
235.3000000000 0.4784333333 1
235.4000000000 0.4784666667 1
235.5000000000 0.4785000000 1
235.6000000000 0.4785333333 1
235.7000000000 0.4785666667 1
235.8000000000 0.4786000000 1
235.9000000000 0.4786333333 1
236.0000000000 0.4786666667 1
236.1000000000 0.4787000000 1
236.2000000000 0.4787333333 1
236.3000000000 0.4787666667 1
236.4000000000 0.4788000000 1
236.5000000000 0.4788333333 1
236.6000000000 0.4788666667 1
236.7000000000 0.4789000000 1
236.8000000000 0.4789333333 1
236.9000000000 0.4789666667 1
237.0000000000 0.4790000000 1
237.1000000000 0.4790333333 1
237.2000000000 0.4790666667 1
237.3000000000 0.4791000000 1
237.4000000000 0.4791333333 1
237.5000000000 0.4791666667 1
237.6000000000 0.4792000000 1
237.7000000000 0.4792333333 1
237.8000000000 0.4792666667 1
237.9000000000 0.4793000000 1
238.0000000000 0.4793333333 1
238.1000000000 0.4793666667 1
238.2000000000 0.4794000000 1
238.3000000000 0.4794333333 1
238.4000000000 0.4794666667 1
238.5000000000 0.4795000000 1
238.6000000000 0.4795333333 1
238.7000000000 0.4795666667 1
238.8000000000 0.4796000000 1
238.9000000000 0.4796333333 1
239.0000000000 0.4796666667 1
239.1000000000 0.4797000000 1
239.2000000000 0.4797333333 1
239.3000000000 0.4797666667 1
239.4000000000 0.4798000000 1
239.5000000000 0.4798333333 1
239.6000000000 0.4798666667 1
239.7000000000 0.4799000000 1
239.8000000000 0.4799333333 1
239.9000000000 0.4799666667 1
240.0000000000 0.4800000000 1
240.1000000000 0.4800333333 1
240.2000000000 0.4800666667 1
240.3000000000 0.4801000000 1
240.4000000000 0.4801333333 1
240.5000000000 0.4801666667 1
240.6000000000 0.4802000000 1
240.7000000000 0.4802333333 1
240.8000000000 0.4802666667 1
240.9000000000 0.4803000000 1
241.0000000000 0.4803333333 1
241.1000000000 0.4803666667 1
241.2000000000 0.4804000000 1
241.3000000000 0.4804333333 1
241.4000000000 0.4804666667 1
241.5000000000 0.4805000000 1
241.6000000000 0.4805333333 1
241.7000000000 0.4805666667 1
241.8000000000 0.4806000000 1
241.9000000000 0.4806333333 1
242.0000000000 0.4806666667 1
242.1000000000 0.4807000000 1
242.2000000000 0.4807333333 1
242.3000000000 0.4807666667 1
242.4000000000 0.4808000000 1
242.5000000000 0.4808333333 1
242.6000000000 0.4808666667 1
242.7000000000 0.4809000000 1
242.8000000000 0.4809333333 1
242.9000000000 0.4809666667 1
243.0000000000 0.4810000000 1
243.1000000000 0.4810333333 1
243.2000000000 0.4810666667 1
243.3000000000 0.4811000000 1
243.4000000000 0.4811333333 1
243.5000000000 0.4811666667 1
243.6000000000 0.4812000000 1
243.7000000000 0.4812333333 1
243.8000000000 0.4812666667 1
243.9000000000 0.4813000000 1
244.0000000000 0.4813333333 1
244.1000000000 0.4813666667 1
244.2000000000 0.4814000000 1
244.3000000000 0.4814333333 1
244.4000000000 0.4814666667 1
244.5000000000 0.4815000000 1
244.6000000000 0.4815333333 1
244.7000000000 0.4815666667 1
244.8000000000 0.4816000000 1
244.9000000000 0.4816333333 1
245.0000000000 0.4816666667 1
245.1000000000 0.4817000000 1
245.2000000000 0.4817333333 1
245.3000000000 0.4817666667 1
245.4000000000 0.4818000000 1
245.5000000000 0.4818333333 1
245.6000000000 0.4818666667 1
245.7000000000 0.4819000000 1
245.8000000000 0.4819333333 1
245.9000000000 0.4819666667 1
246.0000000000 0.4820000000 1
246.1000000000 0.4820333333 1
246.2000000000 0.4820666667 1
246.3000000000 0.4821000000 1
246.4000000000 0.4821333333 1
246.5000000000 0.4821666667 1
246.6000000000 0.4822000000 1
246.7000000000 0.4822333333 1
246.8000000000 0.4822666667 1
246.9000000000 0.4823000000 1
247.0000000000 0.4823333333 1
247.1000000000 0.4823666667 1
247.2000000000 0.4824000000 1
247.3000000000 0.4824333333 1
247.4000000000 0.4824666667 1
247.5000000000 0.4825000000 1
247.6000000000 0.4825333333 1
247.7000000000 0.4825666667 1
247.8000000000 0.4826000000 1
247.9000000000 0.4826333333 1
248.0000000000 0.4826666667 1
248.1000000000 0.4827000000 1
248.2000000000 0.4827333333 1
248.3000000000 0.4827666667 1
248.4000000000 0.4828000000 1
248.5000000000 0.4828333333 1
248.6000000000 0.4828666667 1
248.7000000000 0.4829000000 1
248.8000000000 0.4829333333 1
248.9000000000 0.4829666667 1
249.0000000000 0.4830000000 1
249.1000000000 0.4830333333 1
249.2000000000 0.4830666667 1
249.3000000000 0.4831000000 1
249.4000000000 0.4831333333 1
249.5000000000 0.4831666667 1
249.6000000000 0.4832000000 1
249.7000000000 0.4832333333 1
249.8000000000 0.4832666667 1
249.9000000000 0.4833000000 1
250.0000000000 0.4833333333 1
250.1000000000 0.4833666667 1
250.2000000000 0.4834000000 1
250.3000000000 0.4834333333 1
250.4000000000 0.4834666667 1
250.5000000000 0.4835000000 1
250.6000000000 0.4835333333 1
250.7000000000 0.4835666667 1
250.8000000000 0.4836000000 1
250.9000000000 0.4836333333 1
251.0000000000 0.4836666667 1
251.1000000000 0.4837000000 1
251.2000000000 0.4837333333 1
251.3000000000 0.4837666667 1
251.4000000000 0.4838000000 1
251.5000000000 0.4838333333 1
251.6000000000 0.4838666667 1
251.7000000000 0.4839000000 1
251.8000000000 0.4839333333 1
251.9000000000 0.4839666667 1
252.0000000000 0.4840000000 1
252.1000000000 0.4840333333 1
252.2000000000 0.4840666667 1
252.3000000000 0.4841000000 1
252.4000000000 0.4841333333 1
252.5000000000 0.4841666667 1
252.6000000000 0.4842000000 1
252.7000000000 0.4842333333 1
252.8000000000 0.4842666667 1
252.9000000000 0.4843000000 1
253.0000000000 0.4843333333 1
253.1000000000 0.4843666667 1
253.2000000000 0.4844000000 1
253.3000000000 0.4844333333 1
253.4000000000 0.4844666667 1
253.5000000000 0.4845000000 1
253.6000000000 0.4845333333 1
253.7000000000 0.4845666667 1
253.8000000000 0.4846000000 1
253.9000000000 0.4846333333 1
254.0000000000 0.4846666667 1
254.1000000000 0.4847000000 1
254.2000000000 0.4847333333 1
254.3000000000 0.4847666667 1
254.4000000000 0.4848000000 1
254.5000000000 0.4848333333 1
254.6000000000 0.4848666667 1
254.7000000000 0.4849000000 1
254.8000000000 0.4849333333 1
254.9000000000 0.4849666667 1
255.0000000000 0.4850000000 1
255.1000000000 0.4850333333 1
255.2000000000 0.4850666667 1
255.3000000000 0.4851000000 1
255.4000000000 0.4851333333 1
255.5000000000 0.4851666667 1
255.6000000000 0.4852000000 1
255.7000000000 0.4852333333 1
255.8000000000 0.4852666667 1
255.9000000000 0.4853000000 1
256.0000000000 0.4853333333 1
256.1000000000 0.4853666667 1
256.2000000000 0.4854000000 1
256.3000000000 0.4854333333 1
256.4000000000 0.4854666667 1
256.5000000000 0.4855000000 1
256.6000000000 0.4855333333 1
256.7000000000 0.4855666667 1
256.8000000000 0.4856000000 1
256.9000000000 0.4856333333 1
257.0000000000 0.4856666667 1
257.1000000000 0.4857000000 1
257.2000000000 0.4857333333 1
257.3000000000 0.4857666667 1
257.4000000000 0.4858000000 1
257.5000000000 0.4858333333 1
257.6000000000 0.4858666667 1
257.7000000000 0.4859000000 1
257.8000000000 0.4859333333 1
257.9000000000 0.4859666667 1
258.0000000000 0.4860000000 1
258.1000000000 0.4860333333 1
258.2000000000 0.4860666667 1
258.3000000000 0.4861000000 1
258.4000000000 0.4861333333 1
258.5000000000 0.4861666667 1
258.6000000000 0.4862000000 1
258.7000000000 0.4862333333 1
258.8000000000 0.4862666667 1
258.9000000000 0.4863000000 1
259.0000000000 0.4863333333 1
259.1000000000 0.4863666667 1
259.2000000000 0.4864000000 1
259.3000000000 0.4864333333 1
259.4000000000 0.4864666667 1
259.5000000000 0.4865000000 1
259.6000000000 0.4865333333 1
259.7000000000 0.4865666667 1
259.8000000000 0.4866000000 1
259.9000000000 0.4866333333 1
260.0000000000 0.4866666667 1
260.1000000000 0.4867000000 1
260.2000000000 0.4867333333 1
260.3000000000 0.4867666667 1
260.4000000000 0.4868000000 1
260.5000000000 0.4868333333 1
260.6000000000 0.4868666667 1
260.7000000000 0.4869000000 1
260.8000000000 0.4869333333 1
260.9000000000 0.4869666667 1
261.0000000000 0.4870000000 1
261.1000000000 0.4870333333 1
261.2000000000 0.4870666667 1
261.3000000000 0.4871000000 1
261.4000000000 0.4871333333 1
261.5000000000 0.4871666667 1
261.6000000000 0.4872000000 1
261.7000000000 0.4872333333 1
261.8000000000 0.4872666667 1
261.9000000000 0.4873000000 1
262.0000000000 0.4873333333 1
262.1000000000 0.4873666667 1
262.2000000000 0.4874000000 1
262.3000000000 0.4874333333 1
262.4000000000 0.4874666667 1
262.5000000000 0.4875000000 1
262.6000000000 0.4875333333 1
262.7000000000 0.4875666667 1
262.8000000000 0.4876000000 1
262.9000000000 0.4876333333 1
263.0000000000 0.4876666667 1
263.1000000000 0.4877000000 1
263.2000000000 0.4877333333 1
263.3000000000 0.4877666667 1
263.4000000000 0.4878000000 1
263.5000000000 0.4878333333 1
263.6000000000 0.4878666667 1
263.7000000000 0.4879000000 1
263.8000000000 0.4879333333 1
263.9000000000 0.4879666667 1
264.0000000000 0.4880000000 1
264.1000000000 0.4880333333 1
264.2000000000 0.4880666667 1
264.3000000000 0.4881000000 1
264.4000000000 0.4881333333 1
264.5000000000 0.4881666667 1
264.6000000000 0.4882000000 1
264.7000000000 0.4882333333 1
264.8000000000 0.4882666667 1
264.9000000000 0.4883000000 1
265.0000000000 0.4883333333 1
265.1000000000 0.4883666667 1
265.2000000000 0.4884000000 1
265.3000000000 0.4884333333 1
265.4000000000 0.4884666667 1
265.5000000000 0.4885000000 1
265.6000000000 0.4885333333 1
265.7000000000 0.4885666667 1
265.8000000000 0.4886000000 1
265.9000000000 0.4886333333 1
266.0000000000 0.4886666667 1
266.1000000000 0.4887000000 1
266.2000000000 0.4887333333 1
266.3000000000 0.4887666667 1
266.4000000000 0.4888000000 1
266.5000000000 0.4888333333 1
266.6000000000 0.4888666667 1
266.7000000000 0.4889000000 1
266.8000000000 0.4889333333 1
266.9000000000 0.4889666667 1
267.0000000000 0.4890000000 1
267.1000000000 0.4890333333 1
267.2000000000 0.4890666667 1
267.3000000000 0.4891000000 1
267.4000000000 0.4891333333 1
267.5000000000 0.4891666667 1
267.6000000000 0.4892000000 1
267.7000000000 0.4892333333 1
267.8000000000 0.4892666667 1
267.9000000000 0.4893000000 1
268.0000000000 0.4893333333 1
268.1000000000 0.4893666667 1
268.2000000000 0.4894000000 1
268.3000000000 0.4894333333 1
268.4000000000 0.4894666667 1
268.5000000000 0.4895000000 1
268.6000000000 0.4895333333 1
268.7000000000 0.4895666667 1
268.8000000000 0.4896000000 1
268.9000000000 0.4896333333 1
269.0000000000 0.4896666667 1
269.1000000000 0.4897000000 1
269.2000000000 0.4897333333 1
269.3000000000 0.4897666667 1
269.4000000000 0.4898000000 1
269.5000000000 0.4898333333 1
269.6000000000 0.4898666667 1
269.7000000000 0.4899000000 1
269.8000000000 0.4899333333 1
269.9000000000 0.4899666667 1
270.0000000000 0.4900000000 1
270.1000000000 0.4900333333 1
270.2000000000 0.4900666667 1
270.3000000000 0.4901000000 1
270.4000000000 0.4901333333 1
270.5000000000 0.4901666667 1
270.6000000000 0.4902000000 1
270.7000000000 0.4902333333 1
270.8000000000 0.4902666667 1
270.9000000000 0.4903000000 1
271.0000000000 0.4903333333 1
271.1000000000 0.4903666667 1
271.2000000000 0.4904000000 1
271.3000000000 0.4904333333 1
271.4000000000 0.4904666667 1
271.5000000000 0.4905000000 1
271.6000000000 0.4905333333 1
271.7000000000 0.4905666667 1
271.8000000000 0.4906000000 1
271.9000000000 0.4906333333 1
272.0000000000 0.4906666667 1
272.1000000000 0.4907000000 1
272.2000000000 0.4907333333 1
272.3000000000 0.4907666667 1
272.4000000000 0.4908000000 1
272.5000000000 0.4908333333 1
272.6000000000 0.4908666667 1
272.7000000000 0.4909000000 1
272.8000000000 0.4909333333 1
272.9000000000 0.4909666667 1
273.0000000000 0.4910000000 1
273.1000000000 0.4910333333 1
273.2000000000 0.4910666667 1
273.3000000000 0.4911000000 1
273.4000000000 0.4911333333 1
273.5000000000 0.4911666667 1
273.6000000000 0.4912000000 1
273.7000000000 0.4912333333 1
273.8000000000 0.4912666667 1
273.9000000000 0.4913000000 1
274.0000000000 0.4913333333 1
274.1000000000 0.4913666667 1
274.2000000000 0.4914000000 1
274.3000000000 0.4914333333 1
274.4000000000 0.4914666667 1
274.5000000000 0.4915000000 1
274.6000000000 0.4915333333 1
274.7000000000 0.4915666667 1
274.8000000000 0.4916000000 1
274.9000000000 0.4916333333 1
275.0000000000 0.4916666667 1
275.1000000000 0.4917000000 1
275.2000000000 0.4917333333 1
275.3000000000 0.4917666667 1
275.4000000000 0.4918000000 1
275.5000000000 0.4918333333 1
275.6000000000 0.4918666667 1
275.7000000000 0.4919000000 1
275.8000000000 0.4919333333 1
275.9000000000 0.4919666667 1
276.0000000000 0.4920000000 1
276.1000000000 0.4920333333 1
276.2000000000 0.4920666667 1
276.3000000000 0.4921000000 1
276.4000000000 0.4921333333 1
276.5000000000 0.4921666667 1
276.6000000000 0.4922000000 1
276.7000000000 0.4922333333 1
276.8000000000 0.4922666667 1
276.9000000000 0.4923000000 1
277.0000000000 0.4923333333 1
277.1000000000 0.4923666667 1
277.2000000000 0.4924000000 1
277.3000000000 0.4924333333 1
277.4000000000 0.4924666667 1
277.5000000000 0.4925000000 1
277.6000000000 0.4925333333 1
277.7000000000 0.4925666667 1
277.8000000000 0.4926000000 1
277.9000000000 0.4926333333 1
278.0000000000 0.4926666667 1
278.1000000000 0.4927000000 1
278.2000000000 0.4927333333 1
278.3000000000 0.4927666667 1
278.4000000000 0.4928000000 1
278.5000000000 0.4928333333 1
278.6000000000 0.4928666667 1
278.7000000000 0.4929000000 1
278.8000000000 0.4929333333 1
278.9000000000 0.4929666667 1
279.0000000000 0.4930000000 1
279.1000000000 0.4930333333 1
279.2000000000 0.4930666667 1
279.3000000000 0.4931000000 1
279.4000000000 0.4931333333 1
279.5000000000 0.4931666667 1
279.6000000000 0.4932000000 1
279.7000000000 0.4932333333 1
279.8000000000 0.4932666667 1
279.9000000000 0.4933000000 1
280.0000000000 0.4933333333 1
280.1000000000 0.4933666667 1
280.2000000000 0.4934000000 1
280.3000000000 0.4934333333 1
280.4000000000 0.4934666667 1
280.5000000000 0.4935000000 1
280.6000000000 0.4935333333 1
280.7000000000 0.4935666667 1
280.8000000000 0.4936000000 1
280.9000000000 0.4936333333 1
281.0000000000 0.4936666667 1
281.1000000000 0.4937000000 1
281.2000000000 0.4937333333 1
281.3000000000 0.4937666667 1
281.4000000000 0.4938000000 1
281.5000000000 0.4938333333 1
281.6000000000 0.4938666667 1
281.7000000000 0.4939000000 1
281.8000000000 0.4939333333 1
281.9000000000 0.4939666667 1
282.0000000000 0.4940000000 1
282.1000000000 0.4940333333 1
282.2000000000 0.4940666667 1
282.3000000000 0.4941000000 1
282.4000000000 0.4941333333 1
282.5000000000 0.4941666667 1
282.6000000000 0.4942000000 1
282.7000000000 0.4942333333 1
282.8000000000 0.4942666667 1
282.9000000000 0.4943000000 1
283.0000000000 0.4943333333 1
283.1000000000 0.4943666667 1
283.2000000000 0.4944000000 1
283.3000000000 0.4944333333 1
283.4000000000 0.4944666667 1
283.5000000000 0.4945000000 1
283.6000000000 0.4945333333 1
283.7000000000 0.4945666667 1
283.8000000000 0.4946000000 1
283.9000000000 0.4946333333 1
284.0000000000 0.4946666667 1
284.1000000000 0.4947000000 1
284.2000000000 0.4947333333 1
284.3000000000 0.4947666667 1
284.4000000000 0.4948000000 1
284.5000000000 0.4948333333 1
284.6000000000 0.4948666667 1
284.7000000000 0.4949000000 1
284.8000000000 0.4949333333 1
284.9000000000 0.4949666667 1
285.0000000000 0.4950000000 1
285.1000000000 0.4950333333 1
285.2000000000 0.4950666667 1
285.3000000000 0.4951000000 1
285.4000000000 0.4951333333 1
285.5000000000 0.4951666667 1
285.6000000000 0.4952000000 1
285.7000000000 0.4952333333 1
285.8000000000 0.4952666667 1
285.9000000000 0.4953000000 1
286.0000000000 0.4953333333 1
286.1000000000 0.4953666667 1
286.2000000000 0.4954000000 1
286.3000000000 0.4954333333 1
286.4000000000 0.4954666667 1
286.5000000000 0.4955000000 1
286.6000000000 0.4955333333 1
286.7000000000 0.4955666667 1
286.8000000000 0.4956000000 1
286.9000000000 0.4956333333 1
287.0000000000 0.4956666667 1
287.1000000000 0.4957000000 1
287.2000000000 0.4957333333 1
287.3000000000 0.4957666667 1
287.4000000000 0.4958000000 1
287.5000000000 0.4958333333 1
287.6000000000 0.4958666667 1
287.7000000000 0.4959000000 1
287.8000000000 0.4959333333 1
287.9000000000 0.4959666667 1
288.0000000000 0.4960000000 1
288.1000000000 0.4960333333 1
288.2000000000 0.4960666667 1
288.3000000000 0.4961000000 1
288.4000000000 0.4961333333 1
288.5000000000 0.4961666667 1
288.6000000000 0.4962000000 1
288.7000000000 0.4962333333 1
288.8000000000 0.4962666667 1
288.9000000000 0.4963000000 1
289.0000000000 0.4963333333 1
289.1000000000 0.4963666667 1
289.2000000000 0.4964000000 1
289.3000000000 0.4964333333 1
289.4000000000 0.4964666667 1
289.5000000000 0.4965000000 1
289.6000000000 0.4965333333 1
289.7000000000 0.4965666667 1
289.8000000000 0.4966000000 1
289.9000000000 0.4966333333 1
290.0000000000 0.4966666667 1
290.1000000000 0.4967000000 1
290.2000000000 0.4967333333 1
290.3000000000 0.4967666667 1
290.4000000000 0.4968000000 1
290.5000000000 0.4968333333 1
290.6000000000 0.4968666667 1
290.7000000000 0.4969000000 1
290.8000000000 0.4969333333 1
290.9000000000 0.4969666667 1
291.0000000000 0.4970000000 1
291.1000000000 0.4970333333 1
291.2000000000 0.4970666667 1
291.3000000000 0.4971000000 1
291.4000000000 0.4971333333 1
291.5000000000 0.4971666667 1
291.6000000000 0.4972000000 1
291.7000000000 0.4972333333 1
291.8000000000 0.4972666667 1
291.9000000000 0.4973000000 1
292.0000000000 0.4973333333 1
292.1000000000 0.4973666667 1
292.2000000000 0.4974000000 1
292.3000000000 0.4974333333 1
292.4000000000 0.4974666667 1
292.5000000000 0.4975000000 1
292.6000000000 0.4975333333 1
292.7000000000 0.4975666667 1
292.8000000000 0.4976000000 1
292.9000000000 0.4976333333 1
293.0000000000 0.4976666667 1
293.1000000000 0.4977000000 1
293.2000000000 0.4977333333 1
293.3000000000 0.4977666667 1
293.4000000000 0.4978000000 1
293.5000000000 0.4978333333 1
293.6000000000 0.4978666667 1
293.7000000000 0.4979000000 1
293.8000000000 0.4979333333 1
293.9000000000 0.4979666667 1
294.0000000000 0.4980000000 1
294.1000000000 0.4980333333 1
294.2000000000 0.4980666667 1
294.3000000000 0.4981000000 1
294.4000000000 0.4981333333 1
294.5000000000 0.4981666667 1
294.6000000000 0.4982000000 1
294.7000000000 0.4982333333 1
294.8000000000 0.4982666667 1
294.9000000000 0.4983000000 1
295.0000000000 0.4983333333 1
295.1000000000 0.4983666667 1
295.2000000000 0.4984000000 1
295.3000000000 0.4984333333 1
295.4000000000 0.4984666667 1
295.5000000000 0.4985000000 1
295.6000000000 0.4985333333 1
295.7000000000 0.4985666667 1
295.8000000000 0.4986000000 1
295.9000000000 0.4986333333 1
296.0000000000 0.4986666667 1
296.1000000000 0.4987000000 1
296.2000000000 0.4987333333 1
296.3000000000 0.4987666667 1
296.4000000000 0.4988000000 1
296.5000000000 0.4988333333 1
296.6000000000 0.4988666667 1
296.7000000000 0.4989000000 1
296.8000000000 0.4989333333 1
296.9000000000 0.4989666667 1
297.0000000000 0.4990000000 1
297.1000000000 0.4990333333 1
297.2000000000 0.4990666667 1
297.3000000000 0.4991000000 1
297.4000000000 0.4991333333 1
297.5000000000 0.4991666667 1
297.6000000000 0.4992000000 1
297.7000000000 0.4992333333 1
297.8000000000 0.4992666667 1
297.9000000000 0.4993000000 1
298.0000000000 0.4993333333 1
298.1000000000 0.4993666667 1
298.2000000000 0.4994000000 1
298.3000000000 0.4994333333 1
298.4000000000 0.4994666667 1
298.5000000000 0.4995000000 1
298.6000000000 0.4995333333 1
298.7000000000 0.4995666667 1
298.8000000000 0.4996000000 1
298.9000000000 0.4996333333 1
299.0000000000 0.4996666667 1
299.1000000000 0.4997000000 1
299.2000000000 0.4997333333 1
299.3000000000 0.4997666667 1
299.4000000000 0.4998000000 1
299.5000000000 0.4998333333 1
299.6000000000 0.4998666667 1
299.7000000000 0.4999000000 1
299.8000000000 0.4999333333 1
299.9000000000 0.4999666667 1
300.0000000000 0.5000000000 1
