z[um]	w[um]	pcm(0:si, 1:cpcm, 2:apcm)
0.0000000000 0.4420000000 2
0.1000000000 0.4420200753 2
0.2000000000 0.4420401506 2
0.3000000000 0.4420602258 2
0.4000000000 0.4420803011 2
0.5000000000 0.4421003764 2
0.6000000000 0.4421204517 2
0.7000000000 0.4421405270 2
0.8000000000 0.4421606023 2
0.9000000000 0.4421806775 2
1.0000000000 0.4422007528 2
1.1000000000 0.4422208281 2
1.2000000000 0.4422409034 2
1.3000000000 0.4422609787 2
1.4000000000 0.4422810540 2
1.5000000000 0.4423011292 2
1.6000000000 0.4423212045 2
1.7000000000 0.4423412798 2
1.8000000000 0.4423613551 2
1.9000000000 0.4423814304 2
2.0000000000 0.4424015056 2
2.1000000000 0.4424215809 2
2.2000000000 0.4424416562 2
2.3000000000 0.4424617315 2
2.4000000000 0.4424818068 2
2.5000000000 0.4425018821 2
2.6000000000 0.4425219573 2
2.7000000000 0.4425420326 2
2.8000000000 0.4425621079 2
2.9000000000 0.4425821832 2
3.0000000000 0.4426022585 2
3.1000000000 0.4426223338 2
3.2000000000 0.4426424090 2
3.3000000000 0.4426624843 2
3.4000000000 0.4426825596 2
3.5000000000 0.4427026349 2
3.6000000000 0.4427227102 2
3.7000000000 0.4427427854 2
3.8000000000 0.4427628607 2
3.9000000000 0.4427829360 2
4.0000000000 0.4428030113 2
4.1000000000 0.4428230866 2
4.2000000000 0.4428431619 2
4.3000000000 0.4428632371 2
4.4000000000 0.4428833124 2
4.5000000000 0.4429033877 2
4.6000000000 0.4429234630 2
4.7000000000 0.4429435383 2
4.8000000000 0.4429636136 2
4.9000000000 0.4429836888 2
5.0000000000 0.4430037641 2
5.1000000000 0.4430238394 2
5.2000000000 0.4430439147 2
5.3000000000 0.4430639900 2
5.4000000000 0.4430840652 2
5.5000000000 0.4431041405 2
5.6000000000 0.4431242158 2
5.7000000000 0.4431442911 2
5.8000000000 0.4431643664 2
5.9000000000 0.4431844417 2
6.0000000000 0.4432045169 2
6.1000000000 0.4432245922 2
6.2000000000 0.4432446675 2
6.3000000000 0.4432647428 2
6.4000000000 0.4432848181 2
6.5000000000 0.4433048934 2
6.6000000000 0.4433249686 2
6.7000000000 0.4433450439 2
6.8000000000 0.4433651192 2
6.9000000000 0.4433851945 2
7.0000000000 0.4434052698 2
7.1000000000 0.4434253450 2
7.2000000000 0.4434454203 2
7.3000000000 0.4434654956 2
7.4000000000 0.4434855709 2
7.5000000000 0.4435056462 2
7.6000000000 0.4435257215 2
7.7000000000 0.4435457967 2
7.8000000000 0.4435658720 2
7.9000000000 0.4435859473 2
8.0000000000 0.4436060226 2
8.1000000000 0.4436260979 2
8.2000000000 0.4436461731 2
8.3000000000 0.4436662484 2
8.4000000000 0.4436863237 2
8.5000000000 0.4437063990 2
8.6000000000 0.4437264743 2
8.7000000000 0.4437465496 2
8.8000000000 0.4437666248 2
8.9000000000 0.4437867001 2
9.0000000000 0.4438067754 2
9.1000000000 0.4438268507 2
9.2000000000 0.4438469260 2
9.3000000000 0.4438670013 2
9.4000000000 0.4438870765 2
9.5000000000 0.4439071518 2
9.6000000000 0.4439272271 2
9.7000000000 0.4439473024 2
9.8000000000 0.4439673777 2
9.9000000000 0.4439874529 2
10.0000000000 0.4440075282 2
10.1000000000 0.4440276035 2
10.2000000000 0.4440476788 2
10.3000000000 0.4440677541 2
10.4000000000 0.4440878294 2
10.5000000000 0.4441079046 2
10.6000000000 0.4441279799 2
10.7000000000 0.4441480552 2
10.8000000000 0.4441681305 2
10.9000000000 0.4441882058 2
11.0000000000 0.4442082811 2
11.1000000000 0.4442283563 2
11.2000000000 0.4442484316 2
11.3000000000 0.4442685069 2
11.4000000000 0.4442885822 2
11.5000000000 0.4443086575 2
11.6000000000 0.4443287327 2
11.7000000000 0.4443488080 2
11.8000000000 0.4443688833 2
11.9000000000 0.4443889586 2
12.0000000000 0.4444090339 2
12.1000000000 0.4444291092 2
12.2000000000 0.4444491844 2
12.3000000000 0.4444692597 2
12.4000000000 0.4444893350 2
12.5000000000 0.4445094103 2
12.6000000000 0.4445294856 2
12.7000000000 0.4445495609 2
12.8000000000 0.4445696361 2
12.9000000000 0.4445897114 2
13.0000000000 0.4446097867 2
13.1000000000 0.4446298620 2
13.2000000000 0.4446499373 2
13.3000000000 0.4446700125 2
13.4000000000 0.4446900878 2
13.5000000000 0.4447101631 2
13.6000000000 0.4447302384 2
13.7000000000 0.4447503137 2
13.8000000000 0.4447703890 2
13.9000000000 0.4447904642 2
14.0000000000 0.4448105395 2
14.1000000000 0.4448306148 2
14.2000000000 0.4448506901 2
14.3000000000 0.4448707654 2
14.4000000000 0.4448908407 2
14.5000000000 0.4449109159 2
14.6000000000 0.4449309912 2
14.7000000000 0.4449510665 2
14.8000000000 0.4449711418 2
14.9000000000 0.4449912171 2
15.0000000000 0.4450112923 2
15.1000000000 0.4450313676 2
15.2000000000 0.4450514429 2
15.3000000000 0.4450715182 2
15.4000000000 0.4450915935 2
15.5000000000 0.4451116688 2
15.6000000000 0.4451317440 2
15.7000000000 0.4451518193 2
15.8000000000 0.4451718946 2
15.9000000000 0.4451919699 2
16.0000000000 0.4452120452 2
16.1000000000 0.4452321205 2
16.2000000000 0.4452521957 2
16.3000000000 0.4452722710 2
16.4000000000 0.4452923463 2
16.5000000000 0.4453124216 2
16.6000000000 0.4453324969 2
16.7000000000 0.4453525721 2
16.8000000000 0.4453726474 2
16.9000000000 0.4453927227 2
17.0000000000 0.4454127980 2
17.1000000000 0.4454328733 2
17.2000000000 0.4454529486 2
17.3000000000 0.4454730238 2
17.4000000000 0.4454930991 2
17.5000000000 0.4455131744 2
17.6000000000 0.4455332497 2
17.7000000000 0.4455533250 2
17.8000000000 0.4455734003 2
17.9000000000 0.4455934755 2
18.0000000000 0.4456135508 2
18.1000000000 0.4456336261 2
18.2000000000 0.4456537014 2
18.3000000000 0.4456737767 2
18.4000000000 0.4456938519 2
18.5000000000 0.4457139272 2
18.6000000000 0.4457340025 2
18.7000000000 0.4457540778 2
18.8000000000 0.4457741531 2
18.9000000000 0.4457942284 2
19.0000000000 0.4458143036 2
19.1000000000 0.4458343789 2
19.2000000000 0.4458544542 2
19.3000000000 0.4458745295 2
19.4000000000 0.4458946048 2
19.5000000000 0.4459146801 2
19.6000000000 0.4459347553 2
19.7000000000 0.4459548306 2
19.8000000000 0.4459749059 2
19.9000000000 0.4459949812 2
20.0000000000 0.4460150565 2
20.1000000000 0.4460351317 2
20.2000000000 0.4460552070 2
20.3000000000 0.4460752823 2
20.4000000000 0.4460953576 2
20.5000000000 0.4461154329 2
20.6000000000 0.4461355082 2
20.7000000000 0.4461555834 2
20.8000000000 0.4461756587 2
20.9000000000 0.4461957340 2
21.0000000000 0.4462158093 2
21.1000000000 0.4462358846 2
21.2000000000 0.4462559598 2
21.3000000000 0.4462760351 2
21.4000000000 0.4462961104 2
21.5000000000 0.4463161857 2
21.6000000000 0.4463362610 2
21.7000000000 0.4463563363 2
21.8000000000 0.4463764115 2
21.9000000000 0.4463964868 2
22.0000000000 0.4464165621 2
22.1000000000 0.4464366374 2
22.2000000000 0.4464567127 2
22.3000000000 0.4464767880 2
22.4000000000 0.4464968632 2
22.5000000000 0.4465169385 2
22.6000000000 0.4465370138 2
22.7000000000 0.4465570891 2
22.8000000000 0.4465771644 2
22.9000000000 0.4465972396 2
23.0000000000 0.4466173149 2
23.1000000000 0.4466373902 2
23.2000000000 0.4466574655 2
23.3000000000 0.4466775408 2
23.4000000000 0.4466976161 2
23.5000000000 0.4467176913 2
23.6000000000 0.4467377666 2
23.7000000000 0.4467578419 2
23.8000000000 0.4467779172 2
23.9000000000 0.4467979925 2
24.0000000000 0.4468180678 2
24.1000000000 0.4468381430 2
24.2000000000 0.4468582183 2
24.3000000000 0.4468782936 2
24.4000000000 0.4468983689 2
24.5000000000 0.4469184442 2
24.6000000000 0.4469385194 2
24.7000000000 0.4469585947 2
24.8000000000 0.4469786700 2
24.9000000000 0.4469987453 2
25.0000000000 0.4470188206 2
25.1000000000 0.4470388959 2
25.2000000000 0.4470589711 2
25.3000000000 0.4470790464 2
25.4000000000 0.4470991217 2
25.5000000000 0.4471191970 2
25.6000000000 0.4471392723 2
25.7000000000 0.4471593476 2
25.8000000000 0.4471794228 2
25.9000000000 0.4471994981 2
26.0000000000 0.4472195734 2
26.1000000000 0.4472396487 2
26.2000000000 0.4472597240 2
26.3000000000 0.4472797992 2
26.4000000000 0.4472998745 2
26.5000000000 0.4473199498 2
26.6000000000 0.4473400251 2
26.7000000000 0.4473601004 2
26.8000000000 0.4473801757 2
26.9000000000 0.4474002509 2
27.0000000000 0.4474203262 2
27.1000000000 0.4474404015 2
27.2000000000 0.4474604768 2
27.3000000000 0.4474805521 2
27.4000000000 0.4475006274 2
27.5000000000 0.4475207026 2
27.6000000000 0.4475407779 2
27.7000000000 0.4475608532 2
27.8000000000 0.4475809285 2
27.9000000000 0.4476010038 2
28.0000000000 0.4476210790 2
28.1000000000 0.4476411543 2
28.2000000000 0.4476612296 2
28.3000000000 0.4476813049 2
28.4000000000 0.4477013802 2
28.5000000000 0.4477214555 2
28.6000000000 0.4477415307 2
28.7000000000 0.4477616060 2
28.8000000000 0.4477816813 2
28.9000000000 0.4478017566 2
29.0000000000 0.4478218319 2
29.1000000000 0.4478419072 2
29.2000000000 0.4478619824 2
29.3000000000 0.4478820577 2
29.4000000000 0.4479021330 2
29.5000000000 0.4479222083 2
29.6000000000 0.4479422836 2
29.7000000000 0.4479623588 2
29.8000000000 0.4479824341 2
29.9000000000 0.4480025094 2
30.0000000000 0.4480225847 2
30.1000000000 0.4480426600 2
30.2000000000 0.4480627353 2
30.3000000000 0.4480828105 2
30.4000000000 0.4481028858 2
30.5000000000 0.4481229611 2
30.6000000000 0.4481430364 2
30.7000000000 0.4481631117 2
30.8000000000 0.4481831870 2
30.9000000000 0.4482032622 2
31.0000000000 0.4482233375 2
31.1000000000 0.4482434128 2
31.2000000000 0.4482634881 2
31.3000000000 0.4482835634 2
31.4000000000 0.4483036386 2
31.5000000000 0.4483237139 2
31.6000000000 0.4483437892 2
31.7000000000 0.4483638645 2
31.8000000000 0.4483839398 2
31.9000000000 0.4484040151 2
32.0000000000 0.4484240903 2
32.1000000000 0.4484441656 2
32.2000000000 0.4484642409 2
32.3000000000 0.4484843162 2
32.4000000000 0.4485043915 2
32.5000000000 0.4485244668 2
32.6000000000 0.4485445420 2
32.7000000000 0.4485646173 2
32.8000000000 0.4485846926 2
32.9000000000 0.4486047679 2
33.0000000000 0.4486248432 2
33.1000000000 0.4486449184 2
33.2000000000 0.4486649937 2
33.3000000000 0.4486850690 2
33.4000000000 0.4487051443 2
33.5000000000 0.4487252196 2
33.6000000000 0.4487452949 2
33.7000000000 0.4487653701 2
33.8000000000 0.4487854454 2
33.9000000000 0.4488055207 2
34.0000000000 0.4488255960 2
34.1000000000 0.4488456713 2
34.2000000000 0.4488657465 2
34.3000000000 0.4488858218 2
34.4000000000 0.4489058971 2
34.5000000000 0.4489259724 2
34.6000000000 0.4489460477 2
34.7000000000 0.4489661230 2
34.8000000000 0.4489861982 2
34.9000000000 0.4490062735 2
35.0000000000 0.4490263488 2
35.1000000000 0.4490464241 2
35.2000000000 0.4490664994 2
35.3000000000 0.4490865747 2
35.4000000000 0.4491066499 2
35.5000000000 0.4491267252 2
35.6000000000 0.4491468005 2
35.7000000000 0.4491668758 2
35.8000000000 0.4491869511 2
35.9000000000 0.4492070263 2
36.0000000000 0.4492271016 2
36.1000000000 0.4492471769 2
36.2000000000 0.4492672522 2
36.3000000000 0.4492873275 2
36.4000000000 0.4493074028 2
36.5000000000 0.4493274780 2
36.6000000000 0.4493475533 2
36.7000000000 0.4493676286 2
36.8000000000 0.4493877039 2
36.9000000000 0.4494077792 2
37.0000000000 0.4494278545 2
37.1000000000 0.4494479297 2
37.2000000000 0.4494680050 2
37.3000000000 0.4494880803 2
37.4000000000 0.4495081556 2
37.5000000000 0.4495282309 2
37.6000000000 0.4495483061 2
37.7000000000 0.4495683814 2
37.8000000000 0.4495884567 2
37.9000000000 0.4496085320 2
38.0000000000 0.4496286073 2
38.1000000000 0.4496486826 2
38.2000000000 0.4496687578 2
38.3000000000 0.4496888331 2
38.4000000000 0.4497089084 2
38.5000000000 0.4497289837 2
38.6000000000 0.4497490590 2
38.7000000000 0.4497691343 2
38.8000000000 0.4497892095 2
38.9000000000 0.4498092848 2
39.0000000000 0.4498293601 2
39.1000000000 0.4498494354 2
39.2000000000 0.4498695107 2
39.3000000000 0.4498895859 2
39.4000000000 0.4499096612 2
39.5000000000 0.4499297365 2
39.6000000000 0.4499498118 2
39.7000000000 0.4499698871 2
39.8000000000 0.4499899624 2
39.9000000000 0.4500100376 2
40.0000000000 0.4500301129 2
40.1000000000 0.4500501882 2
40.2000000000 0.4500702635 2
40.3000000000 0.4500903388 2
40.4000000000 0.4501104141 2
40.5000000000 0.4501304893 2
40.6000000000 0.4501505646 2
40.7000000000 0.4501706399 2
40.8000000000 0.4501907152 2
40.9000000000 0.4502107905 2
41.0000000000 0.4502308657 2
41.1000000000 0.4502509410 2
41.2000000000 0.4502710163 2
41.3000000000 0.4502910916 2
41.4000000000 0.4503111669 2
41.5000000000 0.4503312422 2
41.6000000000 0.4503513174 2
41.7000000000 0.4503713927 2
41.8000000000 0.4503914680 2
41.9000000000 0.4504115433 2
42.0000000000 0.4504316186 2
42.1000000000 0.4504516939 2
42.2000000000 0.4504717691 2
42.3000000000 0.4504918444 2
42.4000000000 0.4505119197 2
42.5000000000 0.4505319950 2
42.6000000000 0.4505520703 2
42.7000000000 0.4505721455 2
42.8000000000 0.4505922208 2
42.9000000000 0.4506122961 2
43.0000000000 0.4506323714 2
43.1000000000 0.4506524467 2
43.2000000000 0.4506725220 2
43.3000000000 0.4506925972 2
43.4000000000 0.4507126725 2
43.5000000000 0.4507327478 2
43.6000000000 0.4507528231 2
43.7000000000 0.4507728984 2
43.8000000000 0.4507929737 2
43.9000000000 0.4508130489 2
44.0000000000 0.4508331242 2
44.1000000000 0.4508531995 2
44.2000000000 0.4508732748 2
44.3000000000 0.4508933501 2
44.4000000000 0.4509134253 2
44.5000000000 0.4509335006 2
44.6000000000 0.4509535759 2
44.7000000000 0.4509736512 2
44.8000000000 0.4509937265 2
44.9000000000 0.4510138018 2
45.0000000000 0.4510338770 2
45.1000000000 0.4510539523 2
45.2000000000 0.4510740276 2
45.3000000000 0.4510941029 2
45.4000000000 0.4511141782 2
45.5000000000 0.4511342535 2
45.6000000000 0.4511543287 2
45.7000000000 0.4511744040 2
45.8000000000 0.4511944793 2
45.9000000000 0.4512145546 2
46.0000000000 0.4512346299 2
46.1000000000 0.4512547051 2
46.2000000000 0.4512747804 2
46.3000000000 0.4512948557 2
46.4000000000 0.4513149310 2
46.5000000000 0.4513350063 2
46.6000000000 0.4513550816 2
46.7000000000 0.4513751568 2
46.8000000000 0.4513952321 2
46.9000000000 0.4514153074 2
47.0000000000 0.4514353827 2
47.1000000000 0.4514554580 2
47.2000000000 0.4514755332 2
47.3000000000 0.4514956085 2
47.4000000000 0.4515156838 2
47.5000000000 0.4515357591 2
47.6000000000 0.4515558344 2
47.7000000000 0.4515759097 2
47.8000000000 0.4515959849 2
47.9000000000 0.4516160602 2
48.0000000000 0.4516361355 2
48.1000000000 0.4516562108 2
48.2000000000 0.4516762861 2
48.3000000000 0.4516963614 2
48.4000000000 0.4517164366 2
48.5000000000 0.4517365119 2
48.6000000000 0.4517565872 2
48.7000000000 0.4517766625 2
48.8000000000 0.4517967378 2
48.9000000000 0.4518168130 2
49.0000000000 0.4518368883 2
49.1000000000 0.4518569636 2
49.2000000000 0.4518770389 2
49.3000000000 0.4518971142 2
49.4000000000 0.4519171895 2
49.5000000000 0.4519372647 2
49.6000000000 0.4519573400 2
49.7000000000 0.4519774153 2
49.8000000000 0.4519974906 2
49.9000000000 0.4520175659 2
50.0000000000 0.4520376412 2
50.1000000000 0.4520577164 2
50.2000000000 0.4520777917 2
50.3000000000 0.4520978670 2
50.4000000000 0.4521179423 2
50.5000000000 0.4521380176 2
50.6000000000 0.4521580928 2
50.7000000000 0.4521781681 2
50.8000000000 0.4521982434 2
50.9000000000 0.4522183187 2
51.0000000000 0.4522383940 2
51.1000000000 0.4522584693 2
51.2000000000 0.4522785445 2
51.3000000000 0.4522986198 2
51.4000000000 0.4523186951 2
51.5000000000 0.4523387704 2
51.6000000000 0.4523588457 2
51.7000000000 0.4523789210 2
51.8000000000 0.4523989962 2
51.9000000000 0.4524190715 2
52.0000000000 0.4524391468 2
52.1000000000 0.4524592221 2
52.2000000000 0.4524792974 2
52.3000000000 0.4524993726 2
52.4000000000 0.4525194479 2
52.5000000000 0.4525395232 2
52.6000000000 0.4525595985 2
52.7000000000 0.4525796738 2
52.8000000000 0.4525997491 2
52.9000000000 0.4526198243 2
53.0000000000 0.4526398996 2
53.1000000000 0.4526599749 2
53.2000000000 0.4526800502 2
53.3000000000 0.4527001255 2
53.4000000000 0.4527202008 2
53.5000000000 0.4527402760 2
53.6000000000 0.4527603513 2
53.7000000000 0.4527804266 2
53.8000000000 0.4528005019 2
53.9000000000 0.4528205772 2
54.0000000000 0.4528406524 2
54.1000000000 0.4528607277 2
54.2000000000 0.4528808030 2
54.3000000000 0.4529008783 2
54.4000000000 0.4529209536 2
54.5000000000 0.4529410289 2
54.6000000000 0.4529611041 2
54.7000000000 0.4529811794 2
54.8000000000 0.4530012547 2
54.9000000000 0.4530213300 2
55.0000000000 0.4530414053 2
55.1000000000 0.4530614806 2
55.2000000000 0.4530815558 2
55.3000000000 0.4531016311 2
55.4000000000 0.4531217064 2
55.5000000000 0.4531417817 2
55.6000000000 0.4531618570 2
55.7000000000 0.4531819322 2
55.8000000000 0.4532020075 2
55.9000000000 0.4532220828 2
56.0000000000 0.4532421581 2
56.1000000000 0.4532622334 2
56.2000000000 0.4532823087 2
56.3000000000 0.4533023839 2
56.4000000000 0.4533224592 2
56.5000000000 0.4533425345 2
56.6000000000 0.4533626098 2
56.7000000000 0.4533826851 2
56.8000000000 0.4534027604 2
56.9000000000 0.4534228356 2
57.0000000000 0.4534429109 2
57.1000000000 0.4534629862 2
57.2000000000 0.4534830615 2
57.3000000000 0.4535031368 2
57.4000000000 0.4535232120 2
57.5000000000 0.4535432873 2
57.6000000000 0.4535633626 2
57.7000000000 0.4535834379 2
57.8000000000 0.4536035132 2
57.9000000000 0.4536235885 2
58.0000000000 0.4536436637 2
58.1000000000 0.4536637390 2
58.2000000000 0.4536838143 2
58.3000000000 0.4537038896 2
58.4000000000 0.4537239649 2
58.5000000000 0.4537440402 2
58.6000000000 0.4537641154 2
58.7000000000 0.4537841907 2
58.8000000000 0.4538042660 2
58.9000000000 0.4538243413 2
59.0000000000 0.4538444166 2
59.1000000000 0.4538644918 2
59.2000000000 0.4538845671 2
59.3000000000 0.4539046424 2
59.4000000000 0.4539247177 2
59.5000000000 0.4539447930 2
59.6000000000 0.4539648683 2
59.7000000000 0.4539849435 2
59.8000000000 0.4540050188 2
59.9000000000 0.4540250941 2
60.0000000000 0.4540451694 2
60.1000000000 0.4540652447 2
60.2000000000 0.4540853199 2
60.3000000000 0.4541053952 2
60.4000000000 0.4541254705 2
60.5000000000 0.4541455458 2
60.6000000000 0.4541656211 2
60.7000000000 0.4541856964 2
60.8000000000 0.4542057716 2
60.9000000000 0.4542258469 2
61.0000000000 0.4542459222 2
61.1000000000 0.4542659975 2
61.2000000000 0.4542860728 2
61.3000000000 0.4543061481 2
61.4000000000 0.4543262233 2
61.5000000000 0.4543462986 2
61.6000000000 0.4543663739 2
61.7000000000 0.4543864492 2
61.8000000000 0.4544065245 2
61.9000000000 0.4544265997 2
62.0000000000 0.4544466750 2
62.1000000000 0.4544667503 2
62.2000000000 0.4544868256 2
62.3000000000 0.4545069009 2
62.4000000000 0.4545269762 2
62.5000000000 0.4545470514 2
62.6000000000 0.4545671267 2
62.7000000000 0.4545872020 2
62.8000000000 0.4546072773 2
62.9000000000 0.4546273526 2
63.0000000000 0.4546474279 2
63.1000000000 0.4546675031 2
63.2000000000 0.4546875784 2
63.3000000000 0.4547076537 2
63.4000000000 0.4547277290 2
63.5000000000 0.4547478043 2
63.6000000000 0.4547678795 2
63.7000000000 0.4547879548 2
63.8000000000 0.4548080301 2
63.9000000000 0.4548281054 2
64.0000000000 0.4548481807 2
64.1000000000 0.4548682560 2
64.2000000000 0.4548883312 2
64.3000000000 0.4549084065 2
64.4000000000 0.4549284818 2
64.5000000000 0.4549485571 2
64.6000000000 0.4549686324 2
64.7000000000 0.4549887077 2
64.8000000000 0.4550087829 2
64.9000000000 0.4550288582 2
65.0000000000 0.4550489335 2
65.1000000000 0.4550690088 2
65.2000000000 0.4550890841 2
65.3000000000 0.4551091593 2
65.4000000000 0.4551292346 2
65.5000000000 0.4551493099 2
65.6000000000 0.4551693852 2
65.7000000000 0.4551894605 2
65.8000000000 0.4552095358 2
65.9000000000 0.4552296110 2
66.0000000000 0.4552496863 2
66.1000000000 0.4552697616 2
66.2000000000 0.4552898369 2
66.3000000000 0.4553099122 2
66.4000000000 0.4553299875 2
66.5000000000 0.4553500627 2
66.6000000000 0.4553701380 2
66.7000000000 0.4553902133 2
66.8000000000 0.4554102886 2
66.9000000000 0.4554303639 2
67.0000000000 0.4554504391 2
67.1000000000 0.4554705144 2
67.2000000000 0.4554905897 2
67.3000000000 0.4555106650 2
67.4000000000 0.4555307403 2
67.5000000000 0.4555508156 2
67.6000000000 0.4555708908 2
67.7000000000 0.4555909661 2
67.8000000000 0.4556110414 2
67.9000000000 0.4556311167 2
68.0000000000 0.4556511920 2
68.1000000000 0.4556712673 2
68.2000000000 0.4556913425 2
68.3000000000 0.4557114178 2
68.4000000000 0.4557314931 2
68.5000000000 0.4557515684 2
68.6000000000 0.4557716437 2
68.7000000000 0.4557917189 2
68.8000000000 0.4558117942 2
68.9000000000 0.4558318695 2
69.0000000000 0.4558519448 2
69.1000000000 0.4558720201 2
69.2000000000 0.4558920954 2
69.3000000000 0.4559121706 2
69.4000000000 0.4559322459 2
69.5000000000 0.4559523212 2
69.6000000000 0.4559723965 2
69.7000000000 0.4559924718 2
69.8000000000 0.4560125471 2
69.9000000000 0.4560326223 2
70.0000000000 0.4560526976 2
70.1000000000 0.4560727729 2
70.2000000000 0.4560928482 2
70.3000000000 0.4561129235 2
70.4000000000 0.4561329987 2
70.5000000000 0.4561530740 2
70.6000000000 0.4561731493 2
70.7000000000 0.4561932246 2
70.8000000000 0.4562132999 2
70.9000000000 0.4562333752 2
71.0000000000 0.4562534504 2
71.1000000000 0.4562735257 2
71.2000000000 0.4562936010 2
71.3000000000 0.4563136763 2
71.4000000000 0.4563337516 2
71.5000000000 0.4563538269 2
71.6000000000 0.4563739021 2
71.7000000000 0.4563939774 2
71.8000000000 0.4564140527 2
71.9000000000 0.4564341280 2
72.0000000000 0.4564542033 2
72.1000000000 0.4564742785 2
72.2000000000 0.4564943538 2
72.3000000000 0.4565144291 2
72.4000000000 0.4565345044 2
72.5000000000 0.4565545797 2
72.6000000000 0.4565746550 2
72.7000000000 0.4565947302 2
72.8000000000 0.4566148055 2
72.9000000000 0.4566348808 2
73.0000000000 0.4566549561 2
73.1000000000 0.4566750314 2
73.2000000000 0.4566951066 2
73.3000000000 0.4567151819 2
73.4000000000 0.4567352572 2
73.5000000000 0.4567553325 2
73.6000000000 0.4567754078 2
73.7000000000 0.4567954831 2
73.8000000000 0.4568155583 2
73.9000000000 0.4568356336 2
74.0000000000 0.4568557089 2
74.1000000000 0.4568757842 2
74.2000000000 0.4568958595 2
74.3000000000 0.4569159348 2
74.4000000000 0.4569360100 2
74.5000000000 0.4569560853 2
74.6000000000 0.4569761606 2
74.7000000000 0.4569962359 2
74.8000000000 0.4570163112 2
74.9000000000 0.4570363864 2
75.0000000000 0.4570564617 2
75.1000000000 0.4570765370 2
75.2000000000 0.4570966123 2
75.3000000000 0.4571166876 2
75.4000000000 0.4571367629 2
75.5000000000 0.4571568381 2
75.6000000000 0.4571769134 2
75.7000000000 0.4571969887 2
75.8000000000 0.4572170640 2
75.9000000000 0.4572371393 2
76.0000000000 0.4572572146 2
76.1000000000 0.4572772898 2
76.2000000000 0.4572973651 2
76.3000000000 0.4573174404 2
76.4000000000 0.4573375157 2
76.5000000000 0.4573575910 2
76.6000000000 0.4573776662 2
76.7000000000 0.4573977415 2
76.8000000000 0.4574178168 2
76.9000000000 0.4574378921 2
77.0000000000 0.4574579674 2
77.1000000000 0.4574780427 2
77.2000000000 0.4574981179 2
77.3000000000 0.4575181932 2
77.4000000000 0.4575382685 2
77.5000000000 0.4575583438 2
77.6000000000 0.4575784191 2
77.7000000000 0.4575984944 2
77.8000000000 0.4576185696 2
77.9000000000 0.4576386449 2
78.0000000000 0.4576587202 2
78.1000000000 0.4576787955 2
78.2000000000 0.4576988708 2
78.3000000000 0.4577189460 2
78.4000000000 0.4577390213 2
78.5000000000 0.4577590966 2
78.6000000000 0.4577791719 2
78.7000000000 0.4577992472 2
78.8000000000 0.4578193225 2
78.9000000000 0.4578393977 2
79.0000000000 0.4578594730 2
79.1000000000 0.4578795483 2
79.2000000000 0.4578996236 2
79.3000000000 0.4579196989 2
79.4000000000 0.4579397742 2
79.5000000000 0.4579598494 2
79.6000000000 0.4579799247 2
79.7000000000 0.4580000000 2
