	1.530	1.540	1.550	1.560	1.570
0.0	0.0000000000	0.0000000000	0.0000000000	0.0000000000	0.0000000000
0.1	0.0000285922	0.0000321201	0.0000360678	0.0000404825	0.0000454166
0.2	0.0001143653	0.0001284765	0.0001442659	0.0001619234	0.0001816581
0.3	0.0002573097	0.0002890566	0.0003245788	0.0003643031	0.0004086999
0.4	0.0004574090	0.0005138399	0.0005769803	0.0006475887	0.0007265006
0.5	0.0007146403	0.0008027974	0.0009014342	0.0010117345	0.0011350025
0.6	0.0010289741	0.0011558921	0.0012978936	0.0014566814	0.0016341314
0.7	0.0014003746	0.0015730786	0.0017663013	0.0019823574	0.0022237967
0.8	0.0018287992	0.0020543033	0.0023065898	0.0025886774	0.0029038911
0.9	0.0023141990	0.0025995044	0.0029186810	0.0032755432	0.0036742912
1.0	0.0028565183	0.0032086118	0.0036024866	0.0040428435	0.0045348570
1.1	0.0034556953	0.0038815472	0.0043579081	0.0048904542	0.0054854322
1.2	0.0041116614	0.0046182242	0.0051848364	0.0058182379	0.0065258441
1.3	0.0048243415	0.0054185482	0.0060831523	0.0068260444	0.0076559036
1.4	0.0055936542	0.0062824163	0.0070527260	0.0079137106	0.0088754055
1.5	0.0064195114	0.0072097175	0.0080934179	0.0090810603	0.0101841283
1.6	0.0073018188	0.0082003327	0.0092050776	0.0103279045	0.0115818341
1.7	0.0082404754	0.0092541346	0.0103875448	0.0116540413	0.0130682691
1.8	0.0092353738	0.0103709879	0.0116406490	0.0130592559	0.0146431632
1.9	0.0102864002	0.0115507490	0.0129642093	0.0145433208	0.0163062304
2.0	0.0113934346	0.0127932663	0.0143580348	0.0161059956	0.0180571685
2.1	0.0125563502	0.0140983802	0.0158219244	0.0177470275	0.0198956593
2.2	0.0137750140	0.0154659231	0.0173556670	0.0194661505	0.0218213691
2.3	0.0150492867	0.0168957192	0.0189590411	0.0212630863	0.0238339477
2.4	0.0163790226	0.0183875849	0.0206318156	0.0231375440	0.0259330298
2.5	0.0177640695	0.0199413284	0.0223737490	0.0250892200	0.0281182339
2.6	0.0192042690	0.0215567501	0.0241845901	0.0271177982	0.0303891631
2.7	0.0206994565	0.0232336425	0.0260640776	0.0292229503	0.0327454047
2.8	0.0222494609	0.0249717901	0.0280119404	0.0314043353	0.0351865309
2.9	0.0238541050	0.0267709696	0.0300278974	0.0336615999	0.0377120980
3.0	0.0255132053	0.0286309499	0.0321116578	0.0359943787	0.0403216473
3.1	0.0272265719	0.0305514919	0.0342629209	0.0384022939	0.0430147047
3.2	0.0289940089	0.0325323490	0.0364813765	0.0408849556	0.0457907809
3.3	0.0308153143	0.0345732666	0.0387667044	0.0434419618	0.0486493718
3.4	0.0326902797	0.0366739825	0.0411185750	0.0460728984	0.0515899578
3.5	0.0346186906	0.0388342268	0.0435366488	0.0487773394	0.0546120049
3.6	0.0366003265	0.0410537220	0.0460205772	0.0515548469	0.0577149641
3.7	0.0386349608	0.0433321829	0.0485700017	0.0544049710	0.0608982715
3.8	0.0407223608	0.0456693167	0.0511845544	0.0573272504	0.0641613490
3.9	0.0428622877	0.0480648232	0.0538638583	0.0603212117	0.0675036038
4.0	0.0450544969	0.0505183946	0.0566075267	0.0633863702	0.0709244285
4.1	0.0472987375	0.0530297156	0.0594151638	0.0665222295	0.0744232019
4.2	0.0495947529	0.0555984637	0.0622863646	0.0697282819	0.0779992884
4.3	0.0519422805	0.0582243087	0.0652207148	0.0730040081	0.0816520381
4.4	0.0543410519	0.0609069134	0.0682177912	0.0763488778	0.0853807876
4.5	0.0567907927	0.0636459330	0.0712771612	0.0797623493	0.0891848595
4.6	0.0592912227	0.0664410156	0.0743983835	0.0832438698	0.0930635627
4.7	0.0618420559	0.0692918022	0.0775810078	0.0867928757	0.0970161926
4.8	0.0644430007	0.0721979264	0.0808245750	0.0904087921	0.1010420311
4.9	0.0670937595	0.0751590148	0.0841286171	0.0940910337	0.1051403468
5.0	0.0697940292	0.0781746871	0.0874926574	0.0978390040	0.1093103953
5.1	0.0725435009	0.0812445558	0.0909162106	0.1016520963	0.1135514190
5.2	0.0753418603	0.0843682264	0.0943987828	0.1055296930	0.1178626474
5.3	0.0781887872	0.0875452976	0.0979398715	0.1094711663	0.1222432972
5.4	0.0810839560	0.0907753613	0.1015389659	0.1134758779	0.1266925728
5.5	0.0840270357	0.0940580023	0.1051955466	0.1175431793	0.1312096658
5.6	0.0870176897	0.0973927991	0.1089090863	0.1216724120	0.1357937557
5.7	0.0900555758	0.1007793230	0.1126790490	0.1258629072	0.1404440095
5.8	0.0931403468	0.1042171391	0.1165048910	0.1301139864	0.1451595826
5.9	0.0962716497	0.1077058056	0.1203860603	0.1344249613	0.1499396183
6.0	0.0994491264	0.1112448743	0.1243219969	0.1387951337	0.1547832481
6.1	0.1026724137	0.1148338905	0.1283121329	0.1432237960	0.1596895923
6.2	0.1059411427	0.1184723931	0.1323558928	0.1477102310	0.1646577594
6.3	0.1092549396	0.1221599145	0.1364526931	0.1522537123	0.1696868470
6.4	0.1126134256	0.1258959811	0.1406019427	0.1568535041	0.1747759413
6.5	0.1160162164	0.1296801128	0.1448030431	0.1615088617	0.1799241179
6.6	0.1194629228	0.1335118234	0.1490553882	0.1662190311	0.1851304416
6.7	0.1229531508	0.1373906206	0.1533583644	0.1709832496	0.1903939665
6.8	0.1264865011	0.1413160061	0.1577113511	0.1758007458	0.1957137364
6.9	0.1300625696	0.1452874755	0.1621137200	0.1806707396	0.2010887848
7.0	0.1336809474	0.1493045186	0.1665648362	0.1855924423	0.2065181354
7.1	0.1373412205	0.1533666193	0.1710640575	0.1905650571	0.2120008018
7.2	0.1410429705	0.1574732556	0.1756107347	0.1955877786	0.2175357880
7.3	0.1447857738	0.1616239000	0.1802042119	0.2006597936	0.2231220884
7.4	0.1485692025	0.1658180191	0.1848438264	0.2057802807	0.2287586882
7.5	0.1523928239	0.1700550742	0.1895289088	0.2109484108	0.2344445635
7.6	0.1562562006	0.1743345207	0.1942587832	0.2161633470	0.2401786813
7.7	0.1601588908	0.1786558090	0.1990327673	0.2214242449	0.2459599998
7.8	0.1641004481	0.1830183837	0.2038501722	0.2267302526	0.2517874689
7.9	0.1680804218	0.1874216845	0.2087103030	0.2320805108	0.2576600299
8.0	0.1720983567	0.1918651455	0.2136124584	0.2374741531	0.2635766159
8.1	0.1761537933	0.1963481958	0.2185559314	0.2429103063	0.2695361521
8.2	0.1802462676	0.2008702595	0.2235400085	0.2483880900	0.2755375558
8.3	0.1843753118	0.2054307556	0.2285639709	0.2539066173	0.2815797368
8.4	0.1885404535	0.2100290981	0.2336270936	0.2594649944	0.2876615975
8.5	0.1927412165	0.2146646963	0.2387286462	0.2650623213	0.2937820329
8.6	0.1969771201	0.2193369544	0.2438678928	0.2706976917	0.2999399311
8.7	0.2012476801	0.2240452724	0.2490440918	0.2763701930	0.3061341736
8.8	0.2055524080	0.2287890452	0.2542564965	0.2820789066	0.3123636349
8.9	0.2098908114	0.2335676633	0.2595043549	0.2878229082	0.3186271835
9.0	0.2142623943	0.2383805128	0.2647869098	0.2936012676	0.3249236814
9.1	0.2186666565	0.2432269754	0.2701033992	0.2994130492	0.3312519848
9.2	0.2231030944	0.2481064283	0.2754530561	0.3052573118	0.3376109441
9.3	0.2275712006	0.2530182446	0.2808351085	0.3111331091	0.3439994040
9.4	0.2320704642	0.2579617933	0.2862487802	0.3170394896	0.3504162039
9.5	0.2366003705	0.2629364392	0.2916932899	0.3229754968	0.3568601782
9.6	0.2411604014	0.2679415432	0.2971678523	0.3289401697	0.3633301562
9.7	0.2457500354	0.2729764622	0.3026716775	0.3349325422	0.3698249625
9.8	0.2503687477	0.2780405493	0.3082039715	0.3409516441	0.3763434173
9.9	0.2550160099	0.2831331539	0.3137639361	0.3469965008	0.3828843362
10.0	0.2596912906	0.2882536216	0.3193507692	0.3530661332	0.3894465312
10.1	0.2643940551	0.2934012947	0.3249636648	0.3591595587	0.3960288100
10.2	0.2691237655	0.2985755117	0.3306018130	0.3652757904	0.4026299769
10.3	0.2738798809	0.3037756078	0.3362644005	0.3714138380	0.4092488327
10.4	0.2786618574	0.3090009150	0.3419506104	0.3775727076	0.4158841749
10.5	0.2834691480	0.3142507619	0.3476596221	0.3837514018	0.4225347981
10.6	0.2883012029	0.3195244739	0.3533906122	0.3899489202	0.4291994941
10.7	0.2931574695	0.3248213735	0.3591427538	0.3961642591	0.4358770522
10.8	0.2980373924	0.3301407802	0.3649152171	0.4023964121	0.4425662593
10.9	0.3029404135	0.3354820105	0.3707071691	0.4086443701	0.4492659002
11.0	0.3078659720	0.3408443781	0.3765177744	0.4149071213	0.4559747577
11.1	0.3128135046	0.3462271942	0.3823461946	0.4211836516	0.4626916132
11.2	0.3177824454	0.3516297671	0.3881915888	0.4274729446	0.4694152463
11.3	0.3227722263	0.3570514027	0.3940531138	0.4337739819	0.4761444357
11.4	0.3277822764	0.3624914044	0.3999299238	0.4400857432	0.4828779588
11.5	0.3328120228	0.3679490733	0.4058211711	0.4464072064	0.4896145924
11.6	0.3378608903	0.3734237082	0.4117260056	0.4527373479	0.4963531127
11.7	0.3429283014	0.3789146056	0.4176435755	0.4590751426	0.5030922955
11.8	0.3480136766	0.3844210602	0.4235730271	0.4654195642	0.5098309166
11.9	0.3531164343	0.3899423645	0.4295135049	0.4717695855	0.5165677517
12.0	0.3582359908	0.3954778090	0.4354641518	0.4781241782	0.5233015769
12.1	0.3633717607	0.4010266826	0.4414241094	0.4844823131	0.5300311691
12.2	0.3685231565	0.4065882724	0.4473925178	0.4908429609	0.5367553057
12.3	0.3736895892	0.4121618637	0.4533685160	0.4972050915	0.5434727650
12.4	0.3788704678	0.4177467405	0.4593512417	0.5035676746	0.5501823268
12.5	0.3840651998	0.4233421853	0.4653398319	0.5099296800	0.5568827721
12.6	0.3892731912	0.4289474792	0.4713334225	0.5162900775	0.5635728837
12.7	0.3944938462	0.4345619019	0.4773311489	0.5226478372	0.5702514463
12.8	0.3997265678	0.4401847321	0.4833321457	0.5290019295	0.5769172466
12.9	0.4049707575	0.4458152474	0.4893355472	0.5353513255	0.5835690736
13.0	0.4102258156	0.4514527244	0.4953404873	0.5416949971	0.5902057189
13.1	0.4154911410	0.4570964388	0.5013460997	0.5480319170	0.5968259768
13.2	0.4207661316	0.4627456655	0.5073515178	0.5543610591	0.6034286448
13.3	0.4260501841	0.4683996786	0.5133558753	0.5606813985	0.6100125232
13.4	0.4313426941	0.4740577518	0.5193583060	0.5669919118	0.6165764160
13.5	0.4366430563	0.4797191581	0.5253579438	0.5732915771	0.6231191308
13.6	0.4419506646	0.4853831700	0.5313539232	0.5795793743	0.6296394790
13.7	0.4472649119	0.4910490599	0.5373453791	0.5858542852	0.6361362761
13.8	0.4525851905	0.4967160998	0.5433314472	0.5921152937	0.6426083418
13.9	0.4579108918	0.5023835617	0.5493112638	0.5983613860	0.6490545003
14.0	0.4632414068	0.5080507173	0.5552839662	0.6045915507	0.6554735807
14.1	0.4685761258	0.5137168385	0.5612486927	0.6108047788	0.6618644167
14.2	0.4739144387	0.5193811974	0.5672045828	0.6170000643	0.6682258474
14.3	0.4792557350	0.5250430662	0.5731507773	0.6231764040	0.6745567171
14.4	0.4845994038	0.5307017175	0.5790864182	0.6293327978	0.6808558757
14.5	0.4899448339	0.5363564242	0.5850106492	0.6354682487	0.6871221789
14.6	0.4952914141	0.5420064597	0.5909226156	0.6415817632	0.6933544883
14.7	0.5006385327	0.5476510983	0.5968214645	0.6476723515	0.6995516717
14.8	0.5059855783	0.5532896146	0.6027063449	0.6537390271	0.7057126032
14.9	0.5113319394	0.5589212843	0.6085764077	0.6597808078	0.7118361637
15.0	0.5166770044	0.5645453837	0.6144308061	0.6657967151	0.7179212406
15.1	0.5220201621	0.5701611902	0.6202686954	0.6717857751	0.7239667286
15.2	0.5273608014	0.5757679824	0.6260892334	0.6777470177	0.7299715294
15.3	0.5326983115	0.5813650399	0.6318915804	0.6836794778	0.7359345520
15.4	0.5380320819	0.5869516436	0.6376748993	0.6895821947	0.7418547133
15.5	0.5433615026	0.5925270757	0.6434383556	0.6954542126	0.7477309377
15.6	0.5486859641	0.5980906198	0.6491811179	0.7012945805	0.7535621577
15.7	0.5540048575	0.6036415612	0.6549023578	0.7071023529	0.7593473140
15.8	0.5593175745	0.6091791867	0.6606012496	0.7128765891	0.7650853556
15.9	0.5646235073	0.6147027847	0.6662769714	0.7186163543	0.7707752401
16.0	0.5699220493	0.6202116457	0.6719287042	0.7243207189	0.7764159338
16.1	0.5752125944	0.6257050618	0.6775556326	0.7299887593	0.7820064121
16.2	0.5804945375	0.6311823273	0.6831569449	0.7356195576	0.7875456593
16.3	0.5857672746	0.6366427383	0.6887318330	0.7412122021	0.7930326690
16.4	0.5910302026	0.6420855934	0.6942794925	0.7467657871	0.7984664446
16.5	0.5962827196	0.6475101933	0.6997991230	0.7522794133	0.8038459989
16.6	0.6015242248	0.6529158410	0.7052899284	0.7577521879	0.8091703546
16.7	0.6067541189	0.6583018420	0.7107511163	0.7631832247	0.8144385444
16.8	0.6119718037	0.6636675042	0.7161818990	0.7685716443	0.8196496113
16.9	0.6171766824	0.6690121384	0.7215814928	0.7739165740	0.8248026085
17.0	0.6223681598	0.6743350577	0.7269491188	0.7792171485	0.8298966001
17.1	0.6275456421	0.6796355784	0.7322840027	0.7844725093	0.8349306606
17.2	0.6327085371	0.6849130194	0.7375853746	0.7896818056	0.8399038753
17.3	0.6378562545	0.6901667027	0.7428524699	0.7948441936	0.8448153410
17.4	0.6429882055	0.6953959533	0.7480845285	0.7999588376	0.8496641654
17.5	0.6481038031	0.7006000992	0.7532807958	0.8050249092	0.8544494675
17.6	0.6532024623	0.7057784719	0.7584405219	0.8100415882	0.8591703780
17.7	0.6582835999	0.7109304061	0.7635629626	0.8150080622	0.8638260393
17.8	0.6633466348	0.7160552399	0.7686473787	0.8199235269	0.8684156057
17.9	0.6683909881	0.7211523147	0.7736930368	0.8247871864	0.8729382434
18.0	0.6734160826	0.7262209757	0.7786992088	0.8295982531	0.8773931307
18.1	0.6784213439	0.7312605717	0.7836651727	0.8343559480	0.8817794583
18.2	0.6834061993	0.7362704553	0.7885902118	0.8390595007	0.8860964295
18.3	0.6883700788	0.7412499826	0.7934736157	0.8437081495	0.8903432599
18.4	0.6933124147	0.7461985141	0.7983146799	0.8483011416	0.8945191781
18.5	0.6982326417	0.7511154137	0.8031127058	0.8528377333	0.8986234253
18.6	0.7031301971	0.7560000500	0.8078670014	0.8573171901	0.9026552561
18.7	0.7080045208	0.7608517952	0.8125768806	0.8617387864	0.9066139380
18.8	0.7128550554	0.7656700260	0.8172416641	0.8661018065	0.9104987518
18.9	0.7176812460	0.7704541233	0.8218606787	0.8704055437	0.9143089917
19.0	0.7224825406	0.7752034725	0.8264332581	0.8746493011	0.9180439657
19.1	0.7272583903	0.7799174635	0.8309587427	0.8788323916	0.9217029951
19.2	0.7320082488	0.7845954905	0.8354364795	0.8829541378	0.9252854152
19.3	0.7367315727	0.7892369524	0.8398658224	0.8870138722	0.9287905752
19.4	0.7414278221	0.7938412531	0.8442461326	0.8910109375	0.9322178385
19.5	0.7460964596	0.7984078008	0.8485767780	0.8949446865	0.9355665822
19.6	0.7507369515	0.8029360089	0.8528571338	0.8988144820	0.9388361982
19.7	0.7553487669	0.8074252956	0.8570865826	0.9026196975	0.9420260923
19.8	0.7599313784	0.8118750842	0.8612645141	0.9063597169	0.9451356852
19.9	0.7644842620	0.8162848028	0.8653903255	0.9100339344	0.9481644119
20.0	0.7690068968	0.8206538850	0.8694634217	0.9136417552	0.9511117222
20.1	0.7734987657	0.8249817694	0.8734832150	0.9171825949	0.9539770806
20.2	0.7779593550	0.8292678999	0.8774491254	0.9206558803	0.9567599666
20.3	0.7823881544	0.8335117259	0.8813605809	0.9240610490	0.9594598747
20.4	0.7867846574	0.8377127021	0.8852170170	0.9273975494	0.9620763144
20.5	0.7911483613	0.8418702887	0.8890178775	0.9306648414	0.9646088104
20.6	0.7954787670	0.8459839517	0.8927626139	0.9338623958	0.9670569025
20.7	0.7997753792	0.8500531624	0.8964506860	0.9369896949	0.9694201461
20.8	0.8040377065	0.8540773981	0.9000815617	0.9400462323	0.9716981118
20.9	0.8082652614	0.8580561418	0.9036547173	0.9430315130	0.9738903859
21.0	0.8124575605	0.8619888821	0.9071696371	0.9459450537	0.9759965700
21.1	0.8166141242	0.8658751139	0.9106258141	0.9487863825	0.9780162815
21.2	0.8207344772	0.8697143379	0.9140227497	0.9515550393	0.9799491535
21.3	0.8248181482	0.8735060607	0.9173599537	0.9542505759	0.9817948348
21.4	0.8288646703	0.8772497953	0.9206369448	0.9568725556	0.9835529903
21.5	0.8328735805	0.8809450605	0.9238532501	0.9594205541	0.9852233004
21.6	0.8368444205	0.8845913818	0.9270084057	0.9618941585	0.9868054617
21.7	0.8407767360	0.8881882904	0.9301019562	0.9642929685	0.9882991869
21.8	0.8446700774	0.8917353245	0.9331334555	0.9666165956	0.9897042045
21.9	0.8485239993	0.8952320281	0.9361024662	0.9688646634	0.9910202593
22.0	0.8523380611	0.8986779521	0.9390085598	0.9710368080	0.9922471122
22.1	0.8561118264	0.9020726537	0.9418513172	0.9731326776	0.9933845403
22.2	0.8598448637	0.9054156968	0.9446303283	0.9751519329	0.9944323371
22.3	0.8635367461	0.9087066518	0.9473451920	0.9770942468	0.9953903121
22.4	0.8671870512	0.9119450959	0.9499955168	0.9789593049	0.9962582914
22.5	0.8707953617	0.9151306131	0.9525809201	0.9807468052	0.9970361172
22.6	0.8743612649	0.9182627941	0.9551010292	0.9824564581	0.9977236482
22.7	0.8778843529	0.9213412364	0.9575554803	0.9840879869	0.9983207596
22.8	0.8813642227	0.9243655445	0.9599439194	0.9856411273	0.9988273428
22.9	0.8848004765	0.9273353299	0.9622660019	0.9871156279	0.9992433059
23.0	0.8881927212	0.9302502110	0.9645213927	0.9885112499	0.9995685732
23.1	0.8915405688	0.9331098133	0.9667097665	0.9898277673	0.9998030858
23.2	0.8948436365	0.9359137694	0.9688308076	0.9910649668	0.9999468009
23.3	0.8981015464	0.9386617190	0.9708842100	0.9922226483	0.9999996924
23.4	0.9013139261	0.9413533091	0.9728696774	0.9933006242	0.9999617508
23.5	0.9044804080	0.9439881938	0.9747869233	0.9942987199	0.9998329830
23.6	0.9076006300	0.9465660347	0.9766356712	0.9952167739	0.9996134123
23.7	0.9106742354	0.9490865006	0.9784156544	0.9960546374	0.9993030787
23.8	0.9137008725	0.9515492675	0.9801266160	0.9968121748	0.9989020384
23.9	0.9166801952	0.9539540191	0.9817683092	0.9974892634	0.9984103644
24.0	0.9196118628	0.9563004464	0.9833404972	0.9980857937	0.9978281460
24.1	0.9224955399	0.9585882479	0.9848429531	0.9986016689	0.9971554890
24.2	0.9253308969	0.9608171298	0.9862754602	0.9990368056	0.9963925155
24.3	0.9281176093	0.9629868056	0.9876378117	0.9993911333	0.9955393642
24.4	0.9308553585	0.9650969966	0.9889298113	0.9996645945	0.9945961900
24.5	0.9335438314	0.9671474316	0.9901512724	0.9998571452	0.9935631643
24.6	0.9361827205	0.9691378472	0.9913020188	0.9999687539	0.9924404748
24.7	0.9387717239	0.9710679878	0.9923818845	0.9999994028	0.9912283254
24.8	0.9413105457	0.9729376052	0.9933907138	0.9999490868	0.9899269363
24.9	0.9437988954	0.9747464594	0.9943283610	0.9998178140	0.9885365440
25.0	0.9462364884	0.9764943178	0.9951946910	0.9996056058	0.9870574010
25.1	0.9486230460	0.9781809560	0.9959895786	0.9993124965	0.9854897760
25.2	0.9509582952	0.9798061571	0.9967129093	0.9989385335	0.9838339538
25.3	0.9532419689	0.9813697125	0.9973645787	0.9984837774	0.9820902353
25.4	0.9554738060	0.9828714212	0.9979444928	0.9979483019	0.9802589371
25.5	0.9576535512	0.9843110904	0.9984525678	0.9973321936	0.9783403921
25.6	0.9597809551	0.9856885349	0.9988887305	0.9966355523	0.9763349487
25.7	0.9618557746	0.9870035779	0.9992529180	0.9958584909	0.9742429712
25.8	0.9638777723	0.9882560504	0.9995450778	0.9950011351	0.9720648398
25.9	0.9658467169	0.9894457914	0.9997651676	0.9940636238	0.9698009500
26.0	0.9677623832	0.9905726481	0.9999131558	0.9930461089	0.9674517131
26.1	0.9696245523	0.9916364758	0.9999890209	0.9919487549	0.9650175560
26.2	0.9714330110	0.9926371378	0.9999927521	0.9907717398	0.9624989208
26.3	0.9731875526	0.9935745054	0.9999243487	0.9895152540	0.9598962652
26.4	0.9748879764	0.9944484582	0.9997838207	0.9881795010	0.9572100618
26.5	0.9765340879	0.9952588841	0.9995711884	0.9867646971	0.9544407987
26.6	0.9781256989	0.9960056788	0.9992864824	0.9852710715	0.9515889790
26.7	0.9796626273	0.9966887463	0.9989297437	0.9836988659	0.9486551207
26.8	0.9811446974	0.9973079990	0.9985010240	0.9820483350	0.9456397569
26.9	0.9825717396	0.9978633573	0.9980003849	0.9803197460	0.9425434353
27.0	0.9839435908	0.9983547498	0.9974278987	0.9785133789	0.9393667185
27.1	0.9852600940	0.9987821134	0.9967836481	0.9766295261	0.9361101835
27.2	0.9865210987	0.9991453931	0.9960677260	0.9746684927	0.9327744219
27.3	0.9877264606	0.9994445424	0.9952802356	0.9726305963	0.9293600398
27.4	0.9888760419	0.9996795227	0.9944212906	0.9705161668	0.9258676573
27.5	0.9899697112	0.9998503039	0.9934910149	0.9683255467	0.9222979090
27.6	0.9910073434	0.9999568640	0.9924895427	0.9660590906	0.9186514434
27.7	0.9919888197	0.9999991894	0.9914170185	0.9637171656	0.9149289229
27.8	0.9929140279	0.9999772745	0.9902735970	0.9613001510	0.9111310237
27.9	0.9937828622	0.9998911223	0.9890594433	0.9588084379	0.9072584359
28.0	0.9945952233	0.9997407438	0.9877747323	0.9562424301	0.9033118628
28.1	0.9953510182	0.9995261583	0.9864196496	0.9536025430	0.8992920216
28.2	0.9960501605	0.9992473934	0.9849943906	0.9508892040	0.8951996424
28.3	0.9966925703	0.9989044848	0.9834991608	0.9481028525	0.8910354688
28.4	0.9972781740	0.9984974767	0.9819341762	0.9452439398	0.8868002571
28.5	0.9978069047	0.9980264214	0.9802996623	0.9423129287	0.8824947768
28.6	0.9982787019	0.9974913793	0.9785958551	0.9393102940	0.8781198101
28.7	0.9986935117	0.9968924193	0.9768230004	0.9362365217	0.8736761517
28.8	0.9990512865	0.9962296182	0.9749813538	0.9330921097	0.8691646089
28.9	0.9993519856	0.9955030612	0.9730711812	0.9298775670	0.8645860013
29.0	0.9995955745	0.9947128417	0.9710927581	0.9265934144	0.8599411606
29.1	0.9997820254	0.9938590612	0.9690463699	0.9232401834	0.8552309308
29.2	0.9999113169	0.9929418294	0.9669323119	0.9198184173	0.8504561674
29.3	0.9999834342	0.9919612641	0.9647508890	0.9163286699	0.8456177379
29.4	0.9999983691	0.9909174913	0.9625024160	0.9127715065	0.8407165213
29.5	0.9999561199	0.9898106452	0.9601872173	0.9091475029	0.8357534080
29.6	0.9998566914	0.9886408679	0.9578056269	0.9054572462	0.8307292996
29.7	0.9997000950	0.9874083097	0.9553579883	0.9017013338	0.8256451087
29.8	0.9994863486	0.9861131290	0.9528446548	0.8978803739	0.8205017591
29.9	0.9992154766	0.9847554923	0.9502659888	0.8939949852	0.8153001850
30.0	0.9988875101	0.9833355738	0.9476223625	0.8900457970	0.8100413316
30.1	0.9985024865	0.9818535561	0.9449141572	0.8860334486	0.8047261540
30.2	0.9980604498	0.9803096295	0.9421417636	0.8819585899	0.7993556179
30.3	0.9975614507	0.9787039925	0.9393055818	0.8778218807	0.7939306990
30.4	0.9970055462	0.9770368514	0.9364060208	0.8736239907	0.7884523828
30.5	0.9963927998	0.9753084202	0.9334434991	0.8693655999	0.7829216644
30.6	0.9957232817	0.9735189211	0.9304184440	0.8650473977	0.7773395487
30.7	0.9949970684	0.9716685840	0.9273312920	0.8606700834	0.7717070497
30.8	0.9942142430	0.9697576467	0.9241824884	0.8562343658	0.7660251906
30.9	0.9933748950	0.9677863546	0.9209724876	0.8517409632	0.7602950038
31.0	0.9924791204	0.9657549611	0.9177017526	0.8471906031	0.7545175300
31.1	0.9915270216	0.9636637270	0.9143707552	0.8425840226	0.7486938190
31.2	0.9905187076	0.9615129212	0.9109799762	0.8379219674	0.7428249287
31.3	0.9894542936	0.9593028199	0.9075299046	0.8332051925	0.7369119253
31.4	0.9883339014	0.9570337072	0.9040210383	0.8284344617	0.7309558829
31.5	0.9871576592	0.9547058744	0.9004538833	0.8236105476	0.7249578836
31.6	0.9859257014	0.9523196208	0.8968289545	0.8187342312	0.7189190170
31.7	0.9846381690	0.9498752529	0.8931467747	0.8138063022	0.7128403801
31.8	0.9832952092	0.9473730847	0.8894078752	0.8088275585	0.7067230774
31.9	0.9818969756	0.9448134378	0.8856127953	0.8037988064	0.7005682200
32.0	0.9804436281	0.9421966410	0.8817620827	0.7987208602	0.6943769261
32.1	0.9789353329	0.9395230304	0.8778562929	0.7935945421	0.6881503204
32.2	0.9773722626	0.9367929497	0.8738959893	0.7884206823	0.6818895341
32.3	0.9757545959	0.9340067496	0.8698817433	0.7832001186	0.6755957047
32.4	0.9740825177	0.9311647881	0.8658141341	0.7779336962	0.6692699753
32.5	0.9723562194	0.9282674302	0.8616937485	0.7726222681	0.6629134954
32.6	0.9705758984	0.9253150483	0.8575211809	0.7672666942	0.6565274195
32.7	0.9687417583	0.9223080216	0.8532970334	0.7618678419	0.6501129078
32.8	0.9668540089	0.9192467365	0.8490219152	0.7564265853	0.6436711257
32.9	0.9649128660	0.9161315864	0.8446964434	0.7509438056	0.6372032433
33.0	0.9629185517	0.9129629715	0.8403212417	0.7454203905	0.6307104358
33.1	0.9608712940	0.9097412988	0.8358969416	0.7398572346	0.6241938825
33.2	0.9587713271	0.9064669823	0.8314241812	0.7342552386	0.6176547674
33.3	0.9566188912	0.9031404427	0.8269036059	0.7286153096	0.6110942784
33.4	0.9544142324	0.8997621073	0.8223358679	0.7229383610	0.6045136073
33.5	0.9521576029	0.8963324103	0.8177216261	0.7172253119	0.5979139495
33.6	0.9498492607	0.8928517923	0.8130615463	0.7114770876	0.5912965041
33.7	0.9474894699	0.8893207004	0.8083563007	0.7056946188	0.5846624732
33.8	0.9450785004	0.8857395883	0.8036065682	0.6998788419	0.5780130619
33.9	0.9426166279	0.8821089162	0.7988130341	0.6940306986	0.5713494783
34.0	0.9401041339	0.8784291506	0.7939763899	0.6881511359	0.5646729329
34.1	0.9375413058	0.8747007641	0.7890973333	0.6822411060	0.5579846386
34.2	0.9349284368	0.8709242358	0.7841765684	0.6763015657	0.5512858105
34.3	0.9322658255	0.8671000510	0.7792148051	0.6703334769	0.5445776654
34.4	0.9295537767	0.8632287010	0.7742127591	0.6643378061	0.5378614221
34.5	0.9267926004	0.8593106831	0.7691711521	0.6583155240	0.5311383006
34.6	0.9239826124	0.8553465007	0.7640907115	0.6522676059	0.5244095224
34.7	0.9211241340	0.8513366632	0.7589721702	0.6461950311	0.5176763097
34.8	0.9182174924	0.8472816858	0.7538162668	0.6400987830	0.5109398859
34.9	0.9152630197	0.8431820894	0.7486237450	0.6339798487	0.5042014746
35.0	0.9122610540	0.8390384008	0.7433953539	0.6278392190	0.4974623001
35.1	0.9092119386	0.8348511523	0.7381318480	0.6216778883	0.4907235866
35.2	0.9061160222	0.8306208819	0.7328339865	0.6154968543	0.4839865583
35.3	0.9029736589	0.8263481332	0.7275025338	0.6092971179	0.4772524391
35.4	0.8997852080	0.8220334551	0.7221382591	0.6030796831	0.4705224524
35.5	0.8965510343	0.8176774019	0.7167419362	0.5968455565	0.4637978207
35.6	0.8932715075	0.8132805333	0.7113143437	0.5905957478	0.4570797658
35.7	0.8899470029	0.8088434143	0.7058562647	0.5843312689	0.4503695081
35.8	0.8865779006	0.8043666149	0.7003684865	0.5780531342	0.4436682665
35.9	0.8831645858	0.7998507102	0.6948518010	0.5717623604	0.4369772585
36.0	0.8797074491	0.7952962806	0.6893070040	0.5654599662	0.4302976997
36.1	0.8762068858	0.7907039111	0.6837348955	0.5591469720	0.4236308034
36.2	0.8726632962	0.7860741918	0.6781362793	0.5528244001	0.4169777808
36.3	0.8690770856	0.7814077176	0.6725119632	0.5464932744	0.4103398405
36.4	0.8654486642	0.7767050879	0.6668627586	0.5401546200	0.4037181885
36.5	0.8617784470	0.7719669069	0.6611894806	0.5338094634	0.3971140277
36.6	0.8580668536	0.7671937835	0.6554929475	0.5274588320	0.3905285578
36.7	0.8543143087	0.7623863309	0.6497739813	0.5211037542	0.3839629752
36.8	0.8505212413	0.7575451667	0.6440334071	0.5147452591	0.3774184726
36.9	0.8466880853	0.7526709130	0.6382720530	0.5083843763	0.3708962389
37.0	0.8428152790	0.7477641959	0.6324907503	0.5020221358	0.3643974591
37.1	0.8389032655	0.7428256460	0.6266903329	0.4956595678	0.3579233137
37.2	0.8349524920	0.7378558977	0.6208716378	0.4892977027	0.3514749788
37.3	0.8309634105	0.7328555895	0.6150355044	0.4829375707	0.3450536260
37.4	0.8269364772	0.7278253638	0.6091827748	0.4765802015	0.3386604217
37.5	0.8228721526	0.7227658671	0.6033142932	0.4702266247	0.3322965274
37.6	0.8187709016	0.7176777492	0.5974309063	0.4638778691	0.3259630991
37.7	0.8146331932	0.7125616640	0.5915334630	0.4575349628	0.3196612876
37.8	0.8104595006	0.7074182687	0.5856228140	0.4511989328	0.3133922375
37.9	0.8062503012	0.7022482243	0.5796998121	0.4448708052	0.3071570877
38.0	0.8020060764	0.6970521948	0.5737653119	0.4385516047	0.3009569711
38.1	0.7977273116	0.6918308479	0.5678201695	0.4322423545	0.2947930139
38.2	0.7934144961	0.6865848545	0.5618652425	0.4259440762	0.2886663358
38.3	0.7890681232	0.6813148886	0.5559013902	0.4196577899	0.2825780501
38.4	0.7846886900	0.6760216273	0.5499294730	0.4133845134	0.2765292625
38.5	0.7802766974	0.6707057505	0.5439503523	0.4071252625	0.2705210721
38.6	0.7758326499	0.6653679414	0.5379648909	0.4008810508	0.2645545703
38.7	0.7713570558	0.6600088857	0.5319739523	0.3946528894	0.2586308411
38.8	0.7668504269	0.6546292720	0.5259784007	0.3884417869	0.2527509605
38.9	0.7623132788	0.6492297914	0.5199791012	0.3822487490	0.2469159967
39.0	0.7577461302	0.6438111377	0.5139769194	0.3760747785	0.2411270098
39.1	0.7531495036	0.6383740070	0.5079727210	0.3699208753	0.2353850514
39.2	0.7485239247	0.6329190980	0.5019673724	0.3637880358	0.2296911647
39.3	0.7438699224	0.6274471114	0.4959617400	0.3576772530	0.2240463840
39.4	0.7391880290	0.6219587504	0.4899566901	0.3515895166	0.2184517348
39.5	0.7344787800	0.6164547200	0.4839530893	0.3455258123	0.2129082334
39.6	0.7297427140	0.6109357275	0.4779518035	0.3394871220	0.2074168870
39.7	0.7249803727	0.6054024819	0.4719536987	0.3334744235	0.2019786931
39.8	0.7201923007	0.5998556940	0.4659596401	0.3274886905	0.1965946397
39.9	0.7153790456	0.5942960767	0.4599704926	0.3215308923	0.1912657048
40.0	0.7105411579	0.5887243442	0.4539871201	0.3156019935	0.1859928565
40.1	0.7056791909	0.5831412123	0.4480103860	0.3097029543	0.1807770528
40.2	0.7007937006	0.5775473983	0.4420411525	0.3038347299	0.1756192412
40.3	0.6958852459	0.5719436211	0.4360802808	0.2979982706	0.1705203587
40.4	0.6909543880	0.5663306004	0.4301286309	0.2921945213	0.1654813315
40.5	0.6860016909	0.5607090576	0.4241870613	0.2864244220	0.1605030752
40.6	0.6810277211	0.5550797149	0.4182564294	0.2806889070	0.1555864940
40.7	0.6760330474	0.5494432954	0.4123375908	0.2749889050	0.1507324812
40.8	0.6710182411	0.5438005235	0.4064313992	0.2693253391	0.1459419186
40.9	0.6659838756	0.5381521240	0.4005387070	0.2636991263	0.1412156764
41.0	0.6609305268	0.5324988227	0.3946603641	0.2581111776	0.1365546133
41.1	0.6558587725	0.5268413460	0.3887972186	0.2525623981	0.1319595760
41.2	0.6507691930	0.5211804207	0.3829501166	0.2470536860	0.1274313992
41.3	0.6456623702	0.5155167741	0.3771199014	0.2415859336	0.1229709057
41.4	0.6405388881	0.5098511339	0.3713074143	0.2361600261	0.1185789057
41.5	0.6353993329	0.5041842280	0.3655134938	0.2307768423	0.1142561971
41.6	0.6302442922	0.4985167845	0.3597389758	0.2254372537	0.1100035651
41.7	0.6250743556	0.4928495316	0.3539846935	0.2201421251	0.1058217824
41.8	0.6198901145	0.4871831974	0.3482514769	0.2148923138	0.1017116087
41.9	0.6146921617	0.4815185099	0.3425401532	0.2096886700	0.0976737905
42.0	0.6094810917	0.4758561969	0.3368515465	0.2045320363	0.0937090615
42.1	0.6042575005	0.4701969859	0.3311864774	0.1994232478	0.0898181420
42.2	0.5990219855	0.4645416041	0.3255457631	0.1943631316	0.0860017386
42.3	0.5937751455	0.4588907779	0.3199302176	0.1893525071	0.0822605449
42.4	0.5885175806	0.4532452335	0.3143406510	0.1843921858	0.0785952404
42.5	0.5832498921	0.4476056961	0.3087778696	0.1794829709	0.0750064909
42.6	0.5779726824	0.4419728905	0.3032426761	0.1746256573	0.0714949485
42.7	0.5726865550	0.4363475401	0.2977358689	0.1698210315	0.0680612511
42.8	0.5673921146	0.4307303679	0.2922582426	0.1650698716	0.0647060224
42.9	0.5620899667	0.4251220955	0.2868105875	0.1603729469	0.0614298720
43.0	0.5567807176	0.4195234434	0.2813936894	0.1557310180	0.0582333951
43.1	0.5514649746	0.4139351310	0.2760083299	0.1511448366	0.0551171723
43.2	0.5461433456	0.4083578763	0.2706552859	0.1466151452	0.0520817698
43.3	0.5408164392	0.4027923958	0.2653353298	0.1421426775	0.0491277389
43.4	0.5354848648	0.3972394046	0.2600492290	0.1377281575	0.0462556164
43.5	0.5301492319	0.3916996162	0.2547977461	0.1333723003	0.0434659240
43.6	0.5248101510	0.3861737422	0.2495816388	0.1290758110	0.0407591685
43.7	0.5194682325	0.3806624928	0.2444016597	0.1248393855	0.0381358417
43.8	0.5141240875	0.3751665758	0.2392585560	0.1206637097	0.0355964200
43.9	0.5087783272	0.3696866976	0.2341530698	0.1165494598	0.0331413649
44.0	0.5034315629	0.3642235621	0.2290859376	0.1124973021	0.0307711222
44.1	0.4980844061	0.3587778712	0.2240578905	0.1085078927	0.0284861227
44.2	0.4927374684	0.3533503246	0.2190696538	0.1045818775	0.0262867815
44.3	0.4873913613	0.3479416196	0.2141219473	0.1007198924	0.0241734980
44.4	0.4820466962	0.3425524512	0.2092154847	0.0969225627	0.0221466562
44.5	0.4767040844	0.3371835118	0.2043509739	0.0931905033	0.0202066242
44.6	0.4713641370	0.3318354911	0.1995291167	0.0895243185	0.0183537546
44.7	0.4660274646	0.3265090763	0.1947506088	0.0859246021	0.0165883840
44.8	0.4606946776	0.3212049517	0.1900161396	0.0823919369	0.0149108330
44.9	0.4553663859	0.3159237988	0.1853263921	0.0789268949	0.0133214064
45.0	0.4500431988	0.3106662962	0.1806820429	0.0755300373	0.0118203929
45.1	0.4447257253	0.3054331192	0.1760837620	0.0722019140	0.0104080653
45.2	0.4394145734	0.3002249403	0.1715322129	0.0689430641	0.0090846801
45.3	0.4341103506	0.2950424287	0.1670280522	0.0657540153	0.0078504777
45.4	0.4288136634	0.2898862501	0.1625719297	0.0626352838	0.0067056823
45.5	0.4235251178	0.2847570670	0.1581644884	0.0595873748	0.0056505019
45.6	0.4182453185	0.2796555385	0.1538063640	0.0566107818	0.0046851282
45.7	0.4129748693	0.2745823200	0.1494981854	0.0537059868	0.0038097366
45.8	0.4077143731	0.2695380632	0.1452405741	0.0508734602	0.0030244861
45.9	0.4024644315	0.2645234164	0.1410341442	0.0481136606	0.0023295193
46.0	0.3972256449	0.2595390237	0.1368795028	0.0454270349	0.0017249625
46.1	0.3919986124	0.2545855256	0.1327772492	0.0428140183	0.0012109256
46.2	0.3867839319	0.2496635585	0.1287279752	0.0402750337	0.0007875019
46.3	0.3815821998	0.2447737548	0.1247322651	0.0378104923	0.0004547683
46.4	0.3763940110	0.2399167427	0.1207906952	0.0354207933	0.0002127853
46.5	0.3712199588	0.2350931462	0.1169038343	0.0331063236	0.0000615968
46.6	0.3660606350	0.2303035852	0.1130722431	0.0308674580	0.0000012303
46.7	0.3609166296	0.2255486749	0.1092964743	0.0287045589	0.0000316969
46.8	0.3557885310	0.2208290262	0.1055770728	0.0266179767	0.0001529908
46.9	0.3506769257	0.2161452457	0.1019145752	0.0246080493	0.0003650902
47.0	0.3455823983	0.2114979349	0.0983095097	0.0226751020	0.0006679564
47.1	0.3405055314	0.2068876911	0.0947623966	0.0208194480	0.0010615345
47.2	0.3354469056	0.2023151065	0.0912737476	0.0190413876	0.0015457529
47.3	0.3304070995	0.1977807686	0.0878440659	0.0173412088	0.0021205237
47.4	0.3253866896	0.1932852601	0.0844738465	0.0157191870	0.0027857425
47.5	0.3203862499	0.1888291584	0.0811635754	0.0141755847	0.0035412885
47.6	0.3154063524	0.1844130362	0.0779137304	0.0127106519	0.0043870242
47.7	0.3104475667	0.1800374608	0.0747247802	0.0113246259	0.0053227962
47.8	0.3055104597	0.1757029943	0.0715971849	0.0100177310	0.0063484345
47.9	0.3005955963	0.1714101937	0.0685313958	0.0087901790	0.0074637526
48.0	0.2957035385	0.1671596106	0.0655278551	0.0076421686	0.0086685480
48.1	0.2908348458	0.1629517910	0.0625869962	0.0065738856	0.0099626018
48.2	0.2859900750	0.1587872755	0.0597092433	0.0055855031	0.0113456790
48.3	0.2811697802	0.1546665992	0.0568950117	0.0046771811	0.0128175282
48.4	0.2763745127	0.1505902916	0.0541447074	0.0038490667	0.0143778821
48.5	0.2716048210	0.1465588764	0.0514587270	0.0031012940	0.0160264573
48.6	0.2668612505	0.1425728714	0.0488374582	0.0024339841	0.0177629541
48.7	0.2621443437	0.1386327890	0.0462812792	0.0018472451	0.0195870572
48.8	0.2574546402	0.1347391352	0.0437905586	0.0013411719	0.0214984352
48.9	0.2527926763	0.1308924103	0.0413656559	0.0009158464	0.0234967409
49.0	0.2481589851	0.1270931086	0.0390069208	0.0005713377	0.0255816112
49.1	0.2435540966	0.1233417182	0.0367146937	0.0003077014	0.0277526674
49.2	0.2389785375	0.1196387211	0.0344893053	0.0001249803	0.0300095150
49.3	0.2344328310	0.1159845930	0.0323310767	0.0000232039	0.0323517441
49.4	0.2299174971	0.1123798035	0.0302403192	0.0000023888	0.0347789292
49.5	0.2254330521	0.1088248157	0.0282173344	0.0000625382	0.0372906294
49.6	0.2209800090	0.1053200862	0.0262624142	0.0002036425	0.0398863882
49.7	0.2165588770	0.1018660655	0.0243758406	0.0004256787	0.0425657343
49.8	0.2121701618	0.0984631972	0.0225578859	0.0007286111	0.0453281808
49.9	0.2078143652	0.0951119187	0.0208088123	0.0011123904	0.0481732259
50.0	0.2034919856	0.0918126604	0.0191288721	0.0015769545	0.0511003527
50.1	0.1992035171	0.0885658463	0.0175183077	0.0021222283	0.0541090295
50.2	0.1949494503	0.0853718935	0.0159773515	0.0027481234	0.0571987097
50.3	0.1907302717	0.0822312123	0.0145062258	0.0034545385	0.0603688320
50.4	0.1865464639	0.0791442063	0.0131051428	0.0042413592	0.0636188206
50.5	0.1823985053	0.0761112721	0.0117743047	0.0051084580	0.0669480849
50.6	0.1782868704	0.0731327995	0.0105139034	0.0060556946	0.0703560202
50.7	0.1742120293	0.0702091709	0.0093241208	0.0070829156	0.0738420074
50.8	0.1701744481	0.0673407622	0.0082051285	0.0081899546	0.0774054132
50.9	0.1661745887	0.0645279417	0.0071570881	0.0093766324	0.0810455902
51.0	0.1622129084	0.0617710710	0.0061801506	0.0106427568	0.0847618771
51.1	0.1582898603	0.0590705042	0.0052744571	0.0119881229	0.0885535989
51.2	0.1544058931	0.0564265883	0.0044401382	0.0134125126	0.0924200666
51.3	0.1505614511	0.0538396629	0.0036773142	0.0149156955	0.0963605779
51.4	0.1467569738	0.0513100605	0.0029860953	0.0164974280	0.1003744169
51.5	0.1429928965	0.0488381061	0.0023665811	0.0181574541	0.1044608545
51.6	0.1392696496	0.0464241172	0.0018188610	0.0198955049	0.1086191483
51.7	0.1355876589	0.0440684040	0.0013430141	0.0217112990	0.1128485428
51.8	0.1319473455	0.0417712692	0.0009391090	0.0236045424	0.1171482697
51.9	0.1283491258	0.0395330078	0.0006072039	0.0255749284	0.1215175479
52.0	0.1247934113	0.0373539076	0.0003473468	0.0276221381	0.1259555836
52.1	0.1212806086	0.0352342484	0.0001595751	0.0297458400	0.1304615707
52.2	0.1178111196	0.0331743026	0.0000439159	0.0319456900	0.1350346904
52.3	0.1143853409	0.0311743348	0.0000003860	0.0342213321	0.1396741121
52.4	0.1110036645	0.0292346020	0.0000289915	0.0365723977	0.1443789929
52.5	0.1076664770	0.0273553535	0.0001297285	0.0389985061	0.1491484781
52.6	0.1043741602	0.0255368306	0.0003025822	0.0414992645	0.1539817012
52.7	0.1011270906	0.0237792670	0.0005475279	0.0440742678	0.1588777842
52.8	0.0979256395	0.0220828885	0.0008645301	0.0467230992	0.1638358377
52.9	0.0947701730	0.0204479132	0.0012535431	0.0494453297	0.1688549608
53.0	0.0916610522	0.0188745509	0.0017145109	0.0522405185	0.1739342420
53.1	0.0885986325	0.0173630040	0.0022473668	0.0551082130	0.1790727583
53.2	0.0855832642	0.0159134665	0.0028520341	0.0580479487	0.1842695762
53.3	0.0826152921	0.0145261248	0.0035284254	0.0610592498	0.1895237519
53.4	0.0796950558	0.0132011571	0.0042764433	0.0641416285	0.1948343306
53.5	0.0768228892	0.0119387335	0.0050959797	0.0672945857	0.2002003476
53.6	0.0739991207	0.0107390164	0.0059869165	0.0705176109	0.2056208282
53.7	0.0712240734	0.0096021598	0.0069491251	0.0738101822	0.2110947876
53.8	0.0684980646	0.0085283098	0.0079824666	0.0771717663	0.2166212313
53.9	0.0658214060	0.0075176044	0.0090867921	0.0806018190	0.2221991555
54.0	0.0631944039	0.0065701734	0.0102619422	0.0840997849	0.2278275467
54.1	0.0606173585	0.0056861386	0.0115077473	0.0876650974	0.2335053825
54.2	0.0580905648	0.0048656135	0.0128240278	0.0912971793	0.2392316314
54.3	0.0556143117	0.0041087036	0.0142105937	0.0949954425	0.2450052532
54.4	0.0531888823	0.0034155061	0.0156672449	0.0987592880	0.2508251990
54.5	0.0508145540	0.0027861101	0.0171937714	0.1025881064	0.2566904114
54.6	0.0484915985	0.0022205964	0.0187899528	0.1064812777	0.2625998250
54.7	0.0462202814	0.0017190377	0.0204555589	0.1104381715	0.2685523663
54.8	0.0440008624	0.0012814984	0.0221903495	0.1144581470	0.2745469538
54.9	0.0418335954	0.0009080348	0.0239940742	0.1185405532	0.2805824986
55.0	0.0397187283	0.0005986949	0.0258664728	0.1226847292	0.2866579041
55.1	0.0376565029	0.0003535183	0.0278072751	0.1268900038	0.2927720667
55.2	0.0356471551	0.0001725366	0.0298162012	0.1311556961	0.2989238757
55.3	0.0336909146	0.0000557730	0.0318929613	0.1354811154	0.3051122135
55.4	0.0317880053	0.0000032425	0.0340372556	0.1398655611	0.3113359558
55.5	0.0299386448	0.0000149520	0.0362487749	0.1443083235	0.3175939720
55.6	0.0281430445	0.0000908998	0.0385272002	0.1488086829	0.3238851253
55.7	0.0264014098	0.0002310762	0.0408722026	0.1533659108	0.3302082727
55.8	0.0247139399	0.0004354633	0.0432834439	0.1579792691	0.3365622656
55.9	0.0230808278	0.0007040347	0.0457605761	0.1626480108	0.3429459497
56.0	0.0215022603	0.0010367559	0.0483032420	0.1673713799	0.3493581651
56.1	0.0199784180	0.0014335843	0.0509110747	0.1721486115	0.3557977472
56.2	0.0185094750	0.0018944687	0.0535836980	0.1769789321	0.3622635259
56.3	0.0170955994	0.0024193501	0.0563207262	0.1818615594	0.3687543267
56.4	0.0157369530	0.0030081609	0.0591217645	0.1867957030	0.3752689705
56.5	0.0144336910	0.0036608255	0.0619864088	0.1917805636	0.3818062737
56.6	0.0131859626	0.0043772601	0.0649142459	0.1968153343	0.3883650487
56.7	0.0119939104	0.0051573726	0.0679048532	0.2018991996	0.3949441040
56.8	0.0108576708	0.0060010627	0.0709577993	0.2070313363	0.4015422445
56.9	0.0097773737	0.0069082222	0.0740726439	0.2122109135	0.4081582714
57.0	0.0087531427	0.0078787343	0.0772489374	0.2174370923	0.4147909829
57.1	0.0077850949	0.0089124745	0.0804862218	0.2227090266	0.4214391740
57.2	0.0068733410	0.0100093100	0.0837840298	0.2280258625	0.4281016370
57.3	0.0060179853	0.0111690997	0.0871418858	0.2333867392	0.4347771615
57.4	0.0052191257	0.0123916947	0.0905593052	0.2387907886	0.4414645347
57.5	0.0044768535	0.0136769379	0.0940357952	0.2442371356	0.4481625420
57.6	0.0037912536	0.0150246642	0.0975708540	0.2497248982	0.4548699663
57.7	0.0031624044	0.0164347004	0.1011639717	0.2552531879	0.4615855892
57.8	0.0025903777	0.0179068654	0.1048146300	0.2608211094	0.4683081908
57.9	0.0020752392	0.0194409700	0.1085223020	0.2664277612	0.4750365496
58.0	0.0016170476	0.0210368171	0.1122864530	0.2720722353	0.4817694436
58.1	0.0012158554	0.0226942016	0.1161065399	0.2777536177	0.4885056493
58.2	0.0008717084	0.0244129108	0.1199820115	0.2834709885	0.4952439433
58.3	0.0005846460	0.0261927236	0.1239123086	0.2892234218	0.5019831012
58.4	0.0003547010	0.0280334115	0.1278968644	0.2950099861	0.5087218989
58.5	0.0001818998	0.0299347379	0.1319351039	0.3008297445	0.5154591121
58.6	0.0000662621	0.0318964586	0.1360264446	0.3066817545	0.5221935169
58.7	0.0000078011	0.0339183215	0.1401702961	0.3125650685	0.5289238898
58.8	0.0000065236	0.0360000668	0.1443660606	0.3184787338	0.5356490083
58.9	0.0000624296	0.0381414272	0.1486131329	0.3244217929	0.5423676506
59.0	0.0001755127	0.0403421274	0.1529109001	0.3303932833	0.5490785961
59.1	0.0003457601	0.0426018848	0.1572587422	0.3363922382	0.5557806256
59.2	0.0005731522	0.0449204089	0.1616560320	0.3424176860	0.5624725217
59.3	0.0008576631	0.0472974019	0.1661021350	0.3484686512	0.5691530686
59.4	0.0011992602	0.0497325584	0.1705964099	0.3545441538	0.5758210527
59.5	0.0015979044	0.0522255656	0.1751382082	0.3606432100	0.5824752627
59.6	0.0020535502	0.0547761031	0.1797268746	0.3667648323	0.5891144897
59.7	0.0025661455	0.0573838432	0.1843617472	0.3729080294	0.5957375276
59.8	0.0031356315	0.0600484509	0.1890421573	0.3790718065	0.6023431733
59.9	0.0037619433	0.0627695838	0.1937674296	0.3852551654	0.6089302265
60.0	0.0044450091	0.0655468924	0.1985368825	0.3914571050	0.6154974909
60.1	0.0051847508	0.0683800198	0.2033498277	0.3976766210	0.6220437732
60.2	0.0059810839	0.0712686019	0.2082055710	0.4039127061	0.6285678843
60.3	0.0068339172	0.0742122678	0.2131034118	0.4101643507	0.6350686389
60.4	0.0077431532	0.0772106390	0.2180426435	0.4164305423	0.6415448561
60.5	0.0087086880	0.0802633306	0.2230225534	0.4227102664	0.6479953593
60.6	0.0097304110	0.0833699501	0.2280424233	0.4290025059	0.6544189767
60.7	0.0108082055	0.0865300985	0.2331015287	0.4353062421	0.6608145414
60.8	0.0119419482	0.0897433698	0.2381991399	0.4416204542	0.6671808915
60.9	0.0131315094	0.0930093511	0.2433345213	0.4479441196	0.6735168705
61.0	0.0143767531	0.0963276228	0.2485069322	0.4542762145	0.6798213273
61.1	0.0156775369	0.0996977586	0.2537156263	0.4606157134	0.6860931166
61.2	0.0170337119	0.1031193254	0.2589598521	0.4669615898	0.6923310990
61.3	0.0184451231	0.1065918837	0.2642388530	0.4733128161	0.6985341413
61.4	0.0199116090	0.1101149873	0.2695518674	0.4796683638	0.7047011166
61.5	0.0214330020	0.1136881836	0.2748981289	0.4860272039	0.7108309046
61.6	0.0230091281	0.1173110135	0.2802768660	0.4923883066	0.7169223918
61.7	0.0246398069	0.1209830114	0.2856873029	0.4987506418	0.7229744714
61.8	0.0263248520	0.1247037057	0.2911286588	0.5051131793	0.7289860441
61.9	0.0280640707	0.1284726183	0.2966001489	0.5114748889	0.7349560176
62.0	0.0298572640	0.1322892649	0.3021009837	0.5178347404	0.7408833076
62.1	0.0317042269	0.1361531553	0.3076303696	0.5241917038	0.7467668372
62.2	0.0336047481	0.1400637929	0.3131875088	0.5305447499	0.7526055375
62.3	0.0355586103	0.1440206753	0.3187715997	0.5368928499	0.7583983479
62.4	0.0375655900	0.1480232942	0.3243818367	0.5432349758	0.7641442160
62.5	0.0396254577	0.1520711352	0.3300174102	0.5495701007	0.7698420980
62.6	0.0417379778	0.1561636784	0.3356775074	0.5558971987	0.7754909587
62.7	0.0439029087	0.1603003978	0.3413613115	0.5622152453	0.7810897720
62.8	0.0461200028	0.1644807620	0.3470680026	0.5685232174	0.7866375207
62.9	0.0483890065	0.1687042340	0.3527967574	0.5748200935	0.7921331970
63.0	0.0507096603	0.1729702711	0.3585467493	0.5811048540	0.7975758025
63.1	0.0530816988	0.1772783251	0.3643171489	0.5873764812	0.8029643485
63.2	0.0555048507	0.1816278426	0.3701071236	0.5936339595	0.8082978560
63.3	0.0579788390	0.1860182647	0.3759158380	0.5998762757	0.8135753562
63.4	0.0605033805	0.1904490274	0.3817424542	0.6061024189	0.8187958903
63.5	0.0630781867	0.1949195614	0.3875861316	0.6123113809	0.8239585099
63.6	0.0657029631	0.1994292923	0.3934460271	0.6185021564	0.8290622771
63.7	0.0683774093	0.2039776407	0.3993212952	0.6246737428	0.8341062648
63.8	0.0711012197	0.2085640223	0.4052110883	0.6308251408	0.8390895566
63.9	0.0738740826	0.2131878477	0.4111145567	0.6369553544	0.8440112472
64.0	0.0766956809	0.2178485229	0.4170308488	0.6430633907	0.8488704425
64.1	0.0795656920	0.2225454491	0.4229591108	0.6491482608	0.8536662597
64.2	0.0824837875	0.2272780228	0.4288984877	0.6552089793	0.8583978277
64.3	0.0854496338	0.2320456361	0.4348481224	0.6612445648	0.8630642869
64.4	0.0884628917	0.2368476762	0.4408071567	0.6672540400	0.8676647895
64.5	0.0915232164	0.2416835263	0.4467747308	0.6732364318	0.8721984997
64.6	0.0946302581	0.2465525651	0.4527499838	0.6791907714	0.8766645940
64.7	0.0977836614	0.2514541670	0.4587320536	0.6851160946	0.8810622610
64.8	0.1009830655	0.2563877021	0.4647200771	0.6910114420	0.8853907018
64.9	0.1042281047	0.2613525368	0.4707131905	0.6968758590	0.8896491300
65.0	0.1075184078	0.2663480330	0.4767105292	0.7027083958	0.8938367721
65.1	0.1108535984	0.2713735489	0.4827112279	0.7085081081	0.8979528673
65.2	0.1142332952	0.2764284389	0.4887144208	0.7142740566	0.9019966678
65.3	0.1176571116	0.2815120535	0.4947192419	0.7200053078	0.9059674390
65.4	0.1211246560	0.2866237396	0.5007248249	0.7257009335	0.9098644596
65.5	0.1246355318	0.2917628404	0.5067303033	0.7313600115	0.9136870216
65.6	0.1281893376	0.2969286956	0.5127348107	0.7369816254	0.9174344306
65.7	0.1317856668	0.3021206415	0.5187374809	0.7425648648	0.9211060057
65.8	0.1354241081	0.3073380111	0.5247374477	0.7481088258	0.9247010801
65.9	0.1391042456	0.3125801341	0.5307338457	0.7536126104	0.9282190005
66.0	0.1428256581	0.3178463368	0.5367258097	0.7590753276	0.9316591279
66.1	0.1465879202	0.3231359428	0.5427124752	0.7644960928	0.9350208374
66.2	0.1503906015	0.3284482723	0.5486929785	0.7698740281	0.9383035182
66.3	0.1542332672	0.3337826429	0.5546664568	0.7752082627	0.9415065739
66.4	0.1581154777	0.3391383693	0.5606320484	0.7804979328	0.9446294228
66.5	0.1620367891	0.3445147632	0.5665888925	0.7857421820	0.9476714975
66.6	0.1659967529	0.3499111340	0.5725361297	0.7909401609	0.9506322452
66.7	0.1699949162	0.3553267882	0.5784729021	0.7960910279	0.9535111283
66.8	0.1740308216	0.3607610302	0.5843983531	0.8011939489	0.9563076236
66.9	0.1781040077	0.3662131617	0.5903116278	0.8062480975	0.9590212231
67.0	0.1822140087	0.3716824822	0.5962118732	0.8112526554	0.9616514340
67.1	0.1863603543	0.3771682890	0.6020982380	0.8162068122	0.9641977782
67.2	0.1905425705	0.3826698773	0.6079698730	0.8211097657	0.9666597934
67.3	0.1947601789	0.3881865402	0.6138259311	0.8259607218	0.9690370321
67.4	0.1990126971	0.3937175690	0.6196655673	0.8307588952	0.9713290625
67.5	0.2032996389	0.3992622531	0.6254879393	0.8355035087	0.9735354683
67.6	0.2076205138	0.4048198800	0.6312922070	0.8401937942	0.9756558487
67.7	0.2119748278	0.4103897356	0.6370775330	0.8448289922	0.9776898183
67.8	0.2163620829	0.4159711045	0.6428430827	0.8494083520	0.9796370078
67.9	0.2207817772	0.4215632694	0.6485880242	0.8539311321	0.9814970633
68.0	0.2252334053	0.4271655120	0.6543115288	0.8583966002	0.9832696470
68.1	0.2297164580	0.4327771123	0.6600127707	0.8628040331	0.9849544368
68.2	0.2342304228	0.4383973495	0.6656909274	0.8671527172	0.9865511267
68.3	0.2387747832	0.4440255015	0.6713451797	0.8714419482	0.9880594266
68.4	0.2433490196	0.4496608451	0.6769747118	0.8756710317	0.9894790626
68.5	0.2479526088	0.4553026562	0.6825787116	0.8798392828	0.9908097766
68.6	0.2525850243	0.4609502102	0.6881563705	0.8839460265	0.9920513270
68.7	0.2572457363	0.4666027812	0.6937068840	0.8879905979	0.9932034882
68.8	0.2619342117	0.4722596432	0.6992294511	0.8919723420	0.9942660509
68.9	0.2666499145	0.4779200692	0.7047232751	0.8958906140	0.9952388220
69.0	0.2713923051	0.4835833321	0.7101875635	0.8997447794	0.9961216249
69.1	0.2761608413	0.4892487043	0.7156215280	0.9035342142	0.9969142992
69.2	0.2809549777	0.4949154577	0.7210243844	0.9072583048	0.9976167009
69.3	0.2857741659	0.5005828645	0.7263953535	0.9109164480	0.9982287023
69.4	0.2906178549	0.5062501963	0.7317336602	0.9145080515	0.9987501923
69.5	0.2954854906	0.5119167251	0.7370385344	0.9180325338	0.9991810762
69.6	0.3003765163	0.5175817228	0.7423092109	0.9214893240	0.9995212756
69.7	0.3052903727	0.5232444617	0.7475449291	0.9248778626	0.9997707288
69.8	0.3102264978	0.5289042140	0.7527449337	0.9281976006	0.9999293904
69.9	0.3151843270	0.5345602528	0.7579084746	0.9314480007	0.9999972317
70.0	0.3201632933	0.5402118512	0.7630348067	0.9346285364	0.9999742403
70.1	0.3251628273	0.5458582831	0.7681231905	0.9377386927	0.9998604204
70.2	0.3301823571	0.5514988232	0.7731728919	0.9407779660	0.9996557926
70.3	0.3352213088	0.5571327467	0.7781831823	0.9437458642	0.9993603942
70.4	0.3402791060	0.5627593297	0.7831533389	0.9466419066	0.9989742787
70.5	0.3453551702	0.5683778494	0.7880826447	0.9494656243	0.9984975164
70.6	0.3504489210	0.5739875838	0.7929703885	0.9522165600	0.9979301939
70.7	0.3555597757	0.5795878123	0.7978158651	0.9548942684	0.9972724142
70.8	0.3606871498	0.5851778152	0.8026183755	0.9574983157	0.9965242967
70.9	0.3658304569	0.5907568745	0.8073772268	0.9600282804	0.9956859775
71.0	0.3709891088	0.5963242733	0.8120917324	0.9624837527	0.9947576089
71.1	0.3761625156	0.6018792963	0.8167612122	0.9648643350	0.9937393594
71.2	0.3813500854	0.6074212298	0.8213849926	0.9671696419	0.9926314140
71.3	0.3865512251	0.6129493617	0.8259624064	0.9693993000	0.9914339741
71.4	0.3917653397	0.6184629818	0.8304927932	0.9715529483	0.9901472571
71.5	0.3969918330	0.6239613817	0.8349754995	0.9736302381	0.9887714968
71.6	0.4022301072	0.6294438550	0.8394098784	0.9756308329	0.9873069432
71.7	0.4074795632	0.6349096973	0.8437952904	0.9775544089	0.9857538623
71.8	0.4127396006	0.6403582063	0.8481311026	0.9794006545	0.9841125362
71.9	0.4180096179	0.6457886820	0.8524166895	0.9811692708	0.9823832632
72.0	0.4232890123	0.6512004267	0.8566514329	0.9828599713	0.9805663573
72.1	0.4285771800	0.6565927450	0.8608347219	0.9844724824	0.9786621487
72.2	0.4338735163	0.6619649442	0.8649659528	0.9860065428	0.9766709832
72.3	0.4391774154	0.6673163341	0.8690445296	0.9874619043	0.9745932227
72.4	0.4444882706	0.6726462271	0.8730698640	0.9888383310	0.9724292445
72.5	0.4498054747	0.6779539383	0.8770413752	0.9901356002	0.9701794417
72.6	0.4551284194	0.6832387860	0.8809584902	0.9913535018	0.9678442232
72.7	0.4604564960	0.6885000910	0.8848206439	0.9924918385	0.9654240131
72.8	0.4657890952	0.6937371774	0.8886272791	0.9935504260	0.9629192511
72.9	0.4711256070	0.6989493724	0.8923778467	0.9945290929	0.9603303923
73.0	0.4764654212	0.7041360062	0.8960718054	0.9954276807	0.9576579068
73.1	0.4818079269	0.7092964124	0.8997086225	0.9962460440	0.9549022803
73.2	0.4871525133	0.7144299282	0.9032877731	0.9969840502	0.9520640134
73.3	0.4924985690	0.7195358939	0.9068087409	0.9976415797	0.9491436216
73.4	0.4978454826	0.7246136535	0.9102710180	0.9982185262	0.9461416355
73.5	0.5031926427	0.7296625545	0.9136741049	0.9987147962	0.9430586004
73.6	0.5085394376	0.7346819484	0.9170175105	0.9991303093	0.9398950765
73.7	0.5138852558	0.7396711902	0.9203007526	0.9994649983	0.9366516385
73.8	0.5192294861	0.7446296390	0.9235233574	0.9997188089	0.9333288755
73.9	0.5245715170	0.7495566575	0.9266848600	0.9998917001	0.9299273912
74.0	0.5299107378	0.7544516129	0.9297848044	0.9999836439	0.9264478036
74.1	0.5352465377	0.7593138762	0.9328227432	0.9999946253	0.9228907447
74.2	0.5405783066	0.7641428226	0.9357982382	0.9999246426	0.9192568608
74.3	0.5459054345	0.7689378319	0.9387108601	0.9997737071	0.9155468120
74.4	0.5512273123	0.7736982878	0.9415601887	0.9995418433	0.9117612723
74.5	0.5565433313	0.7784235788	0.9443458129	0.9992290887	0.9079009295
74.6	0.5618528835	0.7831130978	0.9470673309	0.9988354940	0.9039664847
74.7	0.5671553617	0.7877662423	0.9497243499	0.9983611229	0.8999586528
74.8	0.5724501594	0.7923824144	0.9523164868	0.9978060522	0.8958781619
74.9	0.5777366711	0.7969610210	0.9548433674	0.9971703717	0.8917257532
75.0	0.5830142922	0.8015014739	0.9573046273	0.9964541845	0.8875021811
75.1	0.5882824190	0.8060031896	0.9596999114	0.9956576065	0.8832082128
75.2	0.5935404491	0.8104655900	0.9620288740	0.9947807666	0.8788446285
75.3	0.5987877811	0.8148881015	0.9642911792	0.9938238070	0.8744122209
75.4	0.6040238149	0.8192701560	0.9664865006	0.9927868825	0.8699117952
75.5	0.6092479517	0.8236111904	0.9686145215	0.9916701610	0.8653441689
75.6	0.6144595939	0.8279106472	0.9706749349	0.9904738234	0.8607101719
75.7	0.6196581455	0.8321679737	0.9726674435	0.9891980634	0.8560106459
75.8	0.6248430119	0.8363826231	0.9745917598	0.9878430875	0.8512464448
75.9	0.6300136003	0.8405540539	0.9764476062	0.9864091153	0.8464184340
76.0	0.6351693192	0.8446817301	0.9782347150	0.9848963788	0.8415274906
76.1	0.6403095789	0.8487651214	0.9799528284	0.9833051232	0.8365745031
76.2	0.6454337917	0.8528037031	0.9816016985	0.9816356059	0.8315603713
76.3	0.6505413714	0.8567969564	0.9831810873	0.9798880974	0.8264860062
76.4	0.6556317338	0.8607443682	0.9846907671	0.9780628806	0.8213523296
76.5	0.6607042969	0.8646454314	0.9861305200	0.9761602512	0.8161602740
76.6	0.6657584805	0.8684996447	0.9875001383	0.9741805171	0.8109107827
76.7	0.6707937065	0.8723065129	0.9887994244	0.9721239990	0.8056048094
76.8	0.6758093991	0.8760655470	0.9900281909	0.9699910299	0.8002433180
76.9	0.6808049845	0.8797762639	0.9911862605	0.9677819552	0.7948272824
77.0	0.6857798916	0.8834381870	0.9922734661	0.9654971325	0.7893576867
77.1	0.6907335513	0.8870508457	0.9932896509	0.9631369319	0.7838355243
77.2	0.6956653971	0.8906137758	0.9942346682	0.9607017356	0.7782617986
77.3	0.7005748648	0.8941265197	0.9951083818	0.9581919379	0.7726375221
77.4	0.7054613931	0.8975886260	0.9959106655	0.9556079452	0.7669637165
77.5	0.7103244231	0.9009996498	0.9966414036	0.9529501759	0.7612414125
77.6	0.7151633986	0.9043591530	0.9973004908	0.9502190604	0.7554716498
77.7	0.7199777661	0.9076667038	0.9978878318	0.9474150409	0.7496554765
77.8	0.7247669751	0.9109218774	0.9984033421	0.9445385715	0.7437939491
77.9	0.7295304778	0.9141242555	0.9988469471	0.9415901181	0.7378881326
78.0	0.7342677294	0.9172734267	0.9992185829	0.9385701580	0.7319390998
78.1	0.7389781881	0.9203689863	0.9995181959	0.9354791802	0.7259479314
78.2	0.7436613152	0.9234105367	0.9997457429	0.9323176853	0.7199157159
78.3	0.7483165752	0.9263976870	0.9999011910	0.9290861852	0.7138435492
78.4	0.7529434355	0.9293300535	0.9999845178	0.9257852032	0.7077325342
78.5	0.7575413670	0.9322072595	0.9999957113	0.9224152738	0.7015837812
78.6	0.7621098439	0.9350289351	0.9999347698	0.9189769428	0.6953984072
78.7	0.7666483436	0.9377947180	0.9998017022	0.9154707668	0.6891775359
78.8	0.7711563471	0.9405042528	0.9995965277	0.9118973137	0.6829222974
78.9	0.7756333389	0.9431571913	0.9993192758	0.9082571621	0.6766338280
79.0	0.7800788069	0.9457531927	0.9989699866	0.9045509014	0.6703132703
79.1	0.7844922426	0.9482919235	0.9985487105	0.9007791317	0.6639617723
79.2	0.7888731414	0.9507730575	0.9980555081	0.8969424640	0.6575804880
79.3	0.7932210021	0.9531962758	0.9974904508	0.8930415193	0.6511705766
79.4	0.7975353276	0.9555612673	0.9968536199	0.8890769295	0.6447332025
79.5	0.8018156243	0.9578677279	0.9961451075	0.8850493365	0.6382695354
79.6	0.8060614029	0.9601153615	0.9953650156	0.8809593924	0.6317807493
79.7	0.8102721776	0.9623038791	0.9945134569	0.8768077596	0.6252680230
79.8	0.8144474669	0.9644329997	0.9935905541	0.8725951104	0.6187325398
79.9	0.8185867933	0.9665024496	0.9925964406	0.8683221268	0.6121754869
80.0	0.8226896834	0.9685119630	0.9915312595	0.8639895008	0.6055980554
