z	w	pcm
0.0000000000 0.4500000000 0
0.1000000000 0.4501336898 0
0.2000000000 0.4502673797 0
0.3000000000 0.4504010695 0
0.4000000000 0.4505347594 0
0.5000000000 0.4506684492 0
0.6000000000 0.4508021390 0
0.7000000000 0.4509358289 0
0.8000000000 0.4510695187 0
0.9000000000 0.4512032086 0
1.0000000000 0.4513368984 0
1.1000000000 0.4514705882 0
1.2000000000 0.4516042781 0
1.3000000000 0.4517379679 0
1.4000000000 0.4518716578 0
1.5000000000 0.4520053476 0
1.6000000000 0.4521390374 0
1.7000000000 0.4522727273 0
1.8000000000 0.4524064171 0
1.9000000000 0.4525401070 0
2.0000000000 0.4526737968 0
2.1000000000 0.4528074866 0
2.2000000000 0.4529411765 0
2.3000000000 0.4530748663 0
2.4000000000 0.4532085561 0
2.5000000000 0.4533422460 0
2.6000000000 0.4534759358 0
2.7000000000 0.4536096257 0
2.8000000000 0.4537433155 0
2.9000000000 0.4538770053 0
3.0000000000 0.4540106952 0
3.1000000000 0.4541443850 0
3.2000000000 0.4542780749 0
3.3000000000 0.4544117647 0
3.4000000000 0.4545454545 0
3.5000000000 0.4546791444 0
3.6000000000 0.4548128342 0
3.7000000000 0.4549465241 0
3.8000000000 0.4550802139 0
3.9000000000 0.4552139037 0
4.0000000000 0.4553475936 0
4.1000000000 0.4554812834 0
4.2000000000 0.4556149733 0
4.3000000000 0.4557486631 0
4.4000000000 0.4558823529 0
4.5000000000 0.4560160428 0
4.6000000000 0.4561497326 0
4.7000000000 0.4562834225 0
4.8000000000 0.4564171123 0
4.9000000000 0.4565508021 0
5.0000000000 0.4566844920 0
5.1000000000 0.4568181818 0
5.2000000000 0.4569518717 0
5.3000000000 0.4570855615 0
5.4000000000 0.4572192513 0
5.5000000000 0.4573529412 0
5.6000000000 0.4574866310 0
5.7000000000 0.4576203209 0
5.8000000000 0.4577540107 0
5.9000000000 0.4578877005 0
6.0000000000 0.4580213904 0
6.1000000000 0.4581550802 0
6.2000000000 0.4582887701 0
6.3000000000 0.4584224599 0
6.4000000000 0.4585561497 0
6.5000000000 0.4586898396 0
6.6000000000 0.4588235294 0
6.7000000000 0.4589572193 0
6.8000000000 0.4590909091 0
6.9000000000 0.4592245989 0
7.0000000000 0.4593582888 0
7.1000000000 0.4594919786 0
7.2000000000 0.4596256684 0
7.3000000000 0.4597593583 0
7.4000000000 0.4598930481 0
7.5000000000 0.4600267380 0
7.6000000000 0.4601604278 0
7.7000000000 0.4602941176 0
7.8000000000 0.4604278075 0
7.9000000000 0.4605614973 0
8.0000000000 0.4606951872 0
8.1000000000 0.4608288770 0
8.2000000000 0.4609625668 0
8.3000000000 0.4610962567 0
8.4000000000 0.4612299465 0
8.5000000000 0.4613636364 0
8.6000000000 0.4614973262 0
8.7000000000 0.4616310160 0
8.8000000000 0.4617647059 0
8.9000000000 0.4618983957 0
9.0000000000 0.4620320856 0
9.1000000000 0.4621657754 0
9.2000000000 0.4622994652 0
9.3000000000 0.4624331551 0
9.4000000000 0.4625668449 0
9.5000000000 0.4627005348 0
9.6000000000 0.4628342246 0
9.7000000000 0.4629679144 0
9.8000000000 0.4631016043 0
9.9000000000 0.4632352941 0
10.0000000000 0.4633689840 0
10.1000000000 0.4635026738 0
10.2000000000 0.4636363636 0
10.3000000000 0.4637700535 0
10.4000000000 0.4639037433 0
10.5000000000 0.4640374332 0
10.6000000000 0.4641711230 0
10.7000000000 0.4643048128 0
10.8000000000 0.4644385027 0
10.9000000000 0.4645721925 0
11.0000000000 0.4647058824 0
11.1000000000 0.4648395722 0
11.2000000000 0.4649732620 0
11.3000000000 0.4651069519 0
11.4000000000 0.4652406417 0
11.5000000000 0.4653743316 0
11.6000000000 0.4655080214 0
11.7000000000 0.4656417112 0
11.8000000000 0.4657754011 0
11.9000000000 0.4659090909 0
12.0000000000 0.4660427807 0
12.1000000000 0.4661764706 0
12.2000000000 0.4663101604 0
12.3000000000 0.4664438503 0
12.4000000000 0.4665775401 0
12.5000000000 0.4667112299 0
12.6000000000 0.4668449198 0
12.7000000000 0.4669786096 0
12.8000000000 0.4671122995 0
12.9000000000 0.4672459893 0
13.0000000000 0.4673796791 0
13.1000000000 0.4675133690 0
13.2000000000 0.4676470588 0
13.3000000000 0.4677807487 0
13.4000000000 0.4679144385 0
13.5000000000 0.4680481283 0
13.6000000000 0.4681818182 0
13.7000000000 0.4683155080 0
13.8000000000 0.4684491979 0
13.9000000000 0.4685828877 0
14.0000000000 0.4687165775 0
14.1000000000 0.4688502674 0
14.2000000000 0.4689839572 0
14.3000000000 0.4691176471 0
14.4000000000 0.4692513369 0
14.5000000000 0.4693850267 0
14.6000000000 0.4695187166 0
14.7000000000 0.4696524064 0
14.8000000000 0.4697860963 0
14.9000000000 0.4699197861 0
15.0000000000 0.4700534759 0
15.1000000000 0.4701871658 0
15.2000000000 0.4703208556 0
15.3000000000 0.4704545455 0
15.4000000000 0.4705882353 0
15.5000000000 0.4707219251 0
15.6000000000 0.4708556150 0
15.7000000000 0.4709893048 0
15.8000000000 0.4711229947 0
15.9000000000 0.4712566845 0
16.0000000000 0.4713903743 0
16.1000000000 0.4715240642 0
16.2000000000 0.4716577540 0
16.3000000000 0.4717914439 0
16.4000000000 0.4719251337 0
16.5000000000 0.4720588235 0
16.6000000000 0.4721925134 0
16.7000000000 0.4723262032 0
16.8000000000 0.4724598930 0
16.9000000000 0.4725935829 0
17.0000000000 0.4727272727 0
17.1000000000 0.4728609626 0
17.2000000000 0.4729946524 0
17.3000000000 0.4731283422 0
17.4000000000 0.4732620321 0
17.5000000000 0.4733957219 0
17.6000000000 0.4735294118 0
17.7000000000 0.4736631016 0
17.8000000000 0.4737967914 0
17.9000000000 0.4739304813 0
18.0000000000 0.4740641711 0
18.1000000000 0.4741978610 0
18.2000000000 0.4743315508 0
18.3000000000 0.4744652406 0
18.4000000000 0.4745989305 0
18.5000000000 0.4747326203 0
18.6000000000 0.4748663102 0
18.7000000000 0.4750000000 0
18.8000000000 0.4751336898 0
18.9000000000 0.4752673797 0
19.0000000000 0.4754010695 0
19.1000000000 0.4755347594 0
19.2000000000 0.4756684492 0
19.3000000000 0.4758021390 0
19.4000000000 0.4759358289 0
19.5000000000 0.4760695187 0
19.6000000000 0.4762032086 0
19.7000000000 0.4763368984 0
19.8000000000 0.4764705882 0
19.9000000000 0.4766042781 0
20.0000000000 0.4767379679 0
20.1000000000 0.4768716578 0
20.2000000000 0.4770053476 0
20.3000000000 0.4771390374 0
20.4000000000 0.4772727273 0
20.5000000000 0.4774064171 0
20.6000000000 0.4775401070 0
20.7000000000 0.4776737968 0
20.8000000000 0.4778074866 0
20.9000000000 0.4779411765 0
21.0000000000 0.4780748663 0
21.1000000000 0.4782085561 0
21.2000000000 0.4783422460 0
21.3000000000 0.4784759358 0
21.4000000000 0.4786096257 0
21.5000000000 0.4787433155 0
21.6000000000 0.4788770053 0
21.7000000000 0.4790106952 0
21.8000000000 0.4791443850 0
21.9000000000 0.4792780749 0
22.0000000000 0.4794117647 0
22.1000000000 0.4795454545 0
22.2000000000 0.4796791444 0
22.3000000000 0.4798128342 0
22.4000000000 0.4799465241 0
22.5000000000 0.4800802139 0
22.6000000000 0.4802139037 0
22.7000000000 0.4803475936 0
22.8000000000 0.4804812834 0
22.9000000000 0.4806149733 0
23.0000000000 0.4807486631 0
23.1000000000 0.4808823529 0
23.2000000000 0.4810160428 0
23.3000000000 0.4811497326 0
23.4000000000 0.4812834225 0
23.5000000000 0.4814171123 0
23.6000000000 0.4815508021 0
23.7000000000 0.4816844920 0
23.8000000000 0.4818181818 0
23.9000000000 0.4819518717 0
24.0000000000 0.4820855615 0
24.1000000000 0.4822192513 0
24.2000000000 0.4823529412 0
24.3000000000 0.4824866310 0
24.4000000000 0.4826203209 0
24.5000000000 0.4827540107 0
24.6000000000 0.4828877005 0
24.7000000000 0.4830213904 0
24.8000000000 0.4831550802 0
24.9000000000 0.4832887701 0
25.0000000000 0.4834224599 0
25.1000000000 0.4835561497 0
25.2000000000 0.4836898396 0
25.3000000000 0.4838235294 0
25.4000000000 0.4839572193 0
25.5000000000 0.4840909091 0
25.6000000000 0.4842245989 0
25.7000000000 0.4843582888 0
25.8000000000 0.4844919786 0
25.9000000000 0.4846256684 0
26.0000000000 0.4847593583 0
26.1000000000 0.4848930481 0
26.2000000000 0.4850267380 0
26.3000000000 0.4851604278 0
26.4000000000 0.4852941176 0
26.5000000000 0.4854278075 0
26.6000000000 0.4855614973 0
26.7000000000 0.4856951872 0
26.8000000000 0.4858288770 0
26.9000000000 0.4859625668 0
27.0000000000 0.4860962567 0
27.1000000000 0.4862299465 0
27.2000000000 0.4863636364 0
27.3000000000 0.4864973262 0
27.4000000000 0.4866310160 0
27.5000000000 0.4867647059 0
27.6000000000 0.4868983957 0
27.7000000000 0.4870320856 0
27.8000000000 0.4871657754 0
27.9000000000 0.4872994652 0
28.0000000000 0.4874331551 0
28.1000000000 0.4875668449 0
28.2000000000 0.4877005348 0
28.3000000000 0.4878342246 0
28.4000000000 0.4879679144 0
28.5000000000 0.4881016043 0
28.6000000000 0.4882352941 0
28.7000000000 0.4883689840 0
28.8000000000 0.4885026738 0
28.9000000000 0.4886363636 0
29.0000000000 0.4887700535 0
29.1000000000 0.4889037433 0
29.2000000000 0.4890374332 0
29.3000000000 0.4891711230 0
29.4000000000 0.4893048128 0
29.5000000000 0.4894385027 0
29.6000000000 0.4895721925 0
29.7000000000 0.4897058824 0
29.8000000000 0.4898395722 0
29.9000000000 0.4899732620 0
30.0000000000 0.4901069519 0
30.1000000000 0.4902406417 0
30.2000000000 0.4903743316 0
30.3000000000 0.4905080214 0
30.4000000000 0.4906417112 0
30.5000000000 0.4907754011 0
30.6000000000 0.4909090909 0
30.7000000000 0.4910427807 0
30.8000000000 0.4911764706 0
30.9000000000 0.4913101604 0
31.0000000000 0.4914438503 0
31.1000000000 0.4915775401 0
31.2000000000 0.4917112299 0
31.3000000000 0.4918449198 0
31.4000000000 0.4919786096 0
31.5000000000 0.4921122995 0
31.6000000000 0.4922459893 0
31.7000000000 0.4923796791 0
31.8000000000 0.4925133690 0
31.9000000000 0.4926470588 0
32.0000000000 0.4927807487 0
32.1000000000 0.4929144385 0
32.2000000000 0.4930481283 0
32.3000000000 0.4931818182 0
32.4000000000 0.4933155080 0
32.5000000000 0.4934491979 0
32.6000000000 0.4935828877 0
32.7000000000 0.4937165775 0
32.8000000000 0.4938502674 0
32.9000000000 0.4939839572 0
33.0000000000 0.4941176471 0
33.1000000000 0.4942513369 0
33.2000000000 0.4943850267 0
33.3000000000 0.4945187166 0
33.4000000000 0.4946524064 0
33.5000000000 0.4947860963 0
33.6000000000 0.4949197861 0
33.7000000000 0.4950534759 0
33.8000000000 0.4951871658 0
33.9000000000 0.4953208556 0
34.0000000000 0.4954545455 0
34.1000000000 0.4955882353 0
34.2000000000 0.4957219251 0
34.3000000000 0.4958556150 0
34.4000000000 0.4959893048 0
34.5000000000 0.4961229947 0
34.6000000000 0.4962566845 0
34.7000000000 0.4963903743 0
34.8000000000 0.4965240642 0
34.9000000000 0.4966577540 0
35.0000000000 0.4967914439 0
35.1000000000 0.4969251337 0
35.2000000000 0.4970588235 0
35.3000000000 0.4971925134 0
35.4000000000 0.4973262032 0
35.5000000000 0.4974598930 0
35.6000000000 0.4975935829 0
35.7000000000 0.4977272727 0
35.8000000000 0.4978609626 0
35.9000000000 0.4979946524 0
36.0000000000 0.4981283422 0
36.1000000000 0.4982620321 0
36.2000000000 0.4983957219 0
36.3000000000 0.4985294118 0
36.4000000000 0.4986631016 0
36.5000000000 0.4987967914 0
36.6000000000 0.4989304813 0
36.7000000000 0.4990641711 0
36.8000000000 0.4991978610 0
36.9000000000 0.4993315508 0
37.0000000000 0.4994652406 0
37.1000000000 0.4995989305 0
37.2000000000 0.4997326203 0
37.3000000000 0.4998663102 0
37.4000000000 0.5000000000 0
37.5000000000 0.4750000000 0
37.6000000000 0.4500000000 0
