	1.530	1.540	1.550	1.560	1.570
0.0	0.9999956536	0.9999036941	0.9998084465	0.9998467354	0.9999089895
0.1	0.9999447675	0.9998536561	0.9997589913	0.9997978200	0.9998606872
0.2	0.9997922026	0.9997033633	0.9996107072	0.9996514924	0.9997163935
0.3	0.9995379900	0.9994528457	0.9993636235	0.9994077811	0.9994761363
0.4	0.9991821814	0.9991021537	0.9990177891	0.9990667338	0.9991399616
0.5	0.9987248491	0.9986513576	0.9985732723	0.9986284167	0.9987079340
0.6	0.9981660862	0.9981005479	0.9980301612	0.9980929155	0.9981801366
0.7	0.9975060063	0.9974498349	0.9973885631	0.9974603344	0.9975566706
0.8	0.9967447437	0.9966993493	0.9966486048	0.9967307968	0.9968376559
0.9	0.9958824532	0.9958492415	0.9958104328	0.9959044449	0.9960232305
1.0	0.9949193102	0.9948996821	0.9948742127	0.9949814397	0.9951135508
1.1	0.9938555106	0.9938508615	0.9938401296	0.9939619611	0.9941087916
1.2	0.9926912707	0.9927029900	0.9927083881	0.9928462078	0.9930091457
1.3	0.9914268273	0.9914562980	0.9914792120	0.9916343973	0.9918148244
1.4	0.9900624377	0.9901110354	0.9901528442	0.9903267657	0.9905260570
1.5	0.9885983793	0.9886674720	0.9887295471	0.9889235679	0.9891430911
1.6	0.9870349499	0.9871258974	0.9872096021	0.9874250774	0.9876661921
1.7	0.9853724674	0.9854866208	0.9855933097	0.9858315862	0.9860956439
1.8	0.9836112701	0.9837499709	0.9838809896	0.9841434049	0.9844317478
1.9	0.9817517160	0.9819162960	0.9820729803	0.9823608625	0.9826748235
2.0	0.9797941835	0.9799859640	0.9801696393	0.9804843064	0.9808252084
2.1	0.9777390706	0.9779593619	0.9781713430	0.9785141024	0.9788832577
2.2	0.9755867954	0.9758368962	0.9760784864	0.9764506343	0.9768493443
2.3	0.9733377956	0.9736189927	0.9738914835	0.9742943043	0.9747238587
2.4	0.9709925285	0.9713060960	0.9716107666	0.9720455328	0.9725072092
2.5	0.9685514713	0.9688986702	0.9692367867	0.9697047579	0.9701998213
2.6	0.9660151203	0.9663971980	0.9667700133	0.9672724359	0.9678021383
2.7	0.9633839914	0.9638021811	0.9642109340	0.9647490407	0.9653146206
2.8	0.9606586199	0.9611141400	0.9615600549	0.9621350642	0.9627377458
2.9	0.9578395599	0.9583336138	0.9588179001	0.9594310158	0.9600720087
3.0	0.9549273848	0.9554611602	0.9559850118	0.9566374224	0.9573179214
3.1	0.9519226870	0.9524973552	0.9530619502	0.9537548286	0.9544760126
3.2	0.9488260776	0.9494427933	0.9500492933	0.9507837960	0.9515468282
3.3	0.9456381862	0.9462980871	0.9469476367	0.9477249037	0.9485309305
3.4	0.9423596614	0.9430638673	0.9437575937	0.9445787479	0.9454288989
3.5	0.9389911700	0.9397407826	0.9404797951	0.9413459417	0.9422413288
3.6	0.9355333970	0.9363294993	0.9371148889	0.9380271151	0.9389688326
3.7	0.9319870457	0.9328307018	0.9336635406	0.9346229149	0.9356120385
3.8	0.9283528373	0.9292450917	0.9301264325	0.9311340045	0.9321715912
3.9	0.9246315112	0.9255733881	0.9265042640	0.9275610639	0.9286481514
4.0	0.9208238240	0.9218163274	0.9227977513	0.9239047894	0.9250423956
4.1	0.9169305502	0.9179746631	0.9190076273	0.9201658936	0.9213550164
4.2	0.9129524817	0.9140491657	0.9151346414	0.9163451050	0.9175867217
4.3	0.9088904275	0.9100406226	0.9111795594	0.9124431684	0.9137382353
4.4	0.9047452138	0.9059498375	0.9071431633	0.9084608441	0.9098102961
4.5	0.9005176838	0.9017776311	0.9030262512	0.9043989082	0.9058036584
4.6	0.8962086971	0.8975248400	0.8988296371	0.9002581524	0.9017190917
4.7	0.8918191303	0.8931923171	0.8945541508	0.8960393836	0.8975573802
4.8	0.8873498760	0.8887809315	0.8902006377	0.8917434240	0.8933193232
4.9	0.8828018432	0.8842915678	0.8857699586	0.8873711109	0.8890057345
5.0	0.8781759571	0.8797251264	0.8812629896	0.8829232962	0.8846174424
5.1	0.8734731583	0.8750825232	0.8766806217	0.8784008468	0.8801552897
5.2	0.8686944034	0.8703646892	0.8720237610	0.8738046441	0.8756201331
5.3	0.8638406643	0.8655725706	0.8672933283	0.8691355837	0.8710128436
5.4	0.8589129282	0.8607071286	0.8624902590	0.8643945757	0.8663343058
5.5	0.8539121974	0.8557693390	0.8576155026	0.8595825440	0.8615854183
5.6	0.8488394888	0.8507601920	0.8526700232	0.8547004263	0.8567670930
5.7	0.8436958342	0.8456806923	0.8476547985	0.8497491740	0.8518802550
5.8	0.8384822798	0.8405318586	0.8425708201	0.8447297522	0.8469258428
5.9	0.8331998860	0.8353147235	0.8374190933	0.8396431390	0.8419048079
6.0	0.8278497270	0.8300303334	0.8322006367	0.8344903257	0.8368181143
6.1	0.8224328910	0.8246797482	0.8269164821	0.8292723165	0.8316667390
6.2	0.8169504798	0.8192640408	0.8215676744	0.8239901283	0.8264516710
6.3	0.8114036084	0.8137842974	0.8161552710	0.8186447906	0.8211739118
6.4	0.8057934049	0.8082416171	0.8106803423	0.8132373449	0.8158344750
6.5	0.8001210104	0.8026371115	0.8051439706	0.8077688452	0.8104343858
6.6	0.7943875785	0.7969719046	0.7995472508	0.8022403572	0.8049746813
6.7	0.7885942753	0.7912471325	0.7938912893	0.7966529583	0.7994564097
6.8	0.7827422792	0.7854639435	0.7881772045	0.7910077373	0.7938806309
6.9	0.7768327803	0.7796234974	0.7824061262	0.7853057944	0.7882484155
7.0	0.7708669806	0.7737269656	0.7765791956	0.7795482409	0.7825608450
7.1	0.7648460934	0.7677755305	0.7706975646	0.7737361987	0.7768190116
7.2	0.7587713432	0.7617703859	0.7647623963	0.7678708006	0.7710240180
7.3	0.7526439655	0.7557127360	0.7587748642	0.7619531896	0.7651769769
7.4	0.7464652067	0.7496037958	0.7527361521	0.7559845189	0.7592790111
7.5	0.7402363233	0.7434447905	0.7466474541	0.7499659517	0.7533312531
7.6	0.7339585823	0.7372369554	0.7405099740	0.7438986610	0.7473348452
7.7	0.7276332604	0.7309815353	0.7343249254	0.7377838292	0.7412909388
7.8	0.7212616440	0.7246797849	0.7280935312	0.7316226478	0.7352006945
7.9	0.7148450292	0.7183329681	0.7218170234	0.7254163177	0.7290652818
8.0	0.7083847209	0.7119423577	0.7154966432	0.7191660483	0.7228858789
8.1	0.7018820331	0.7055092355	0.7091336401	0.7128730577	0.7166636723
8.2	0.6953382883	0.6990348915	0.7027292723	0.7065385723	0.7103998570
8.3	0.6887548174	0.6925206244	0.6962848060	0.7001638266	0.7040956357
8.4	0.6821329595	0.6859677405	0.6898015156	0.6937500628	0.6977522190
8.5	0.6754740612	0.6793775541	0.6832806829	0.6872985309	0.6913708250
8.6	0.6687794769	0.6727513868	0.6767235972	0.6808104882	0.6849526792
8.7	0.6620505683	0.6660905677	0.6701315550	0.6742871992	0.6784990140
8.8	0.6552887038	0.6593964326	0.6635058597	0.6677299349	0.6720110686
8.9	0.6484952587	0.6526703240	0.6568478213	0.6611399735	0.6654900890
9.0	0.6416716147	0.6459135908	0.6501587564	0.6545185990	0.6589373273
9.1	0.6348191597	0.6391275883	0.6434399874	0.6478671019	0.6523540419
9.2	0.6279392873	0.6323136773	0.6366928429	0.6411867785	0.6457414968
9.3	0.6210333967	0.6254732244	0.6299186568	0.6344789306	0.6391009620
9.4	0.6141028926	0.6186076016	0.6231187687	0.6277448655	0.6324337126
9.5	0.6071491846	0.6117181857	0.6162945230	0.6209858954	0.6257410287
9.6	0.6001736868	0.6048063585	0.6094472690	0.6142033376	0.6190241958
9.7	0.5931778180	0.5978735061	0.6025783605	0.6073985140	0.6122845034
9.8	0.5861630011	0.5909210191	0.5956891557	0.6005727505	0.6055232460
9.9	0.5791306627	0.5839502917	0.5887810168	0.5937273775	0.5987417216
10.0	0.5720822332	0.5769627221	0.5818553097	0.5868637289	0.5919412328
10.1	0.5650191460	0.5699597114	0.5749134036	0.5799831424	0.5851230852
10.2	0.5579428378	0.5629426644	0.5679566712	0.5730869588	0.5782885881
10.3	0.5508547477	0.5559129883	0.5609864880	0.5661765221	0.5714390540
10.4	0.5437563174	0.5488720928	0.5540042322	0.5592531790	0.5645757982
10.5	0.5366489905	0.5418213902	0.5470112843	0.5523182788	0.5577001386
10.6	0.5295342125	0.5347622944	0.5400090268	0.5453731728	0.5508133954
10.7	0.5224134307	0.5276962213	0.5329988445	0.5384192146	0.5439168912
10.8	0.5152880930	0.5206245879	0.5259821233	0.5314577594	0.5370119502
10.9	0.5081596489	0.5135488125	0.5189602505	0.5244901638	0.5300998984
11.0	0.5010295480	0.5064703141	0.5119346146	0.5175177856	0.5231820630
11.1	0.4938992406	0.4993905125	0.5049066047	0.5105419837	0.5162597725
11.2	0.4867701769	0.4923108275	0.4978776104	0.5035641174	0.5093343561
11.3	0.4796438067	0.4852326790	0.4908490214	0.4965855467	0.5024071437
11.4	0.4725215795	0.4781574865	0.4838222275	0.4896076316	0.4954794655
11.5	0.4654049439	0.4710866690	0.4767986179	0.4826317318	0.4885526518
11.6	0.4582953472	0.4640216446	0.4697795816	0.4756592068	0.4816280326
11.7	0.4511942355	0.4569638303	0.4627665061	0.4686914155	0.4747069378
11.8	0.4441030529	0.4499146414	0.4557607783	0.4617297157	0.4677906964
11.9	0.4370232418	0.4428754917	0.4487637832	0.4547754642	0.4608806364
12.0	0.4299562421	0.4358477931	0.4417769044	0.4478300162	0.4539780847
12.1	0.4229034911	0.4288329549	0.4348015232	0.4408947251	0.4470843668
12.2	0.4158664232	0.4218323839	0.4278390189	0.4339709426	0.4402008066
12.3	0.4088464697	0.4148474843	0.4208907680	0.4270600180	0.4333287257
12.4	0.4018450582	0.4078796568	0.4139581445	0.4201632980	0.4264694439
12.5	0.3948636129	0.4009302989	0.4070425191	0.4132821267	0.4196242782
12.6	0.3879035536	0.3940008042	0.4001452590	0.4064178452	0.4127945432
12.7	0.3809662958	0.3870925626	0.3932677281	0.3995717910	0.4059815502
12.8	0.3740532506	0.3802069596	0.3864112862	0.3927452983	0.3991866077
12.9	0.3671658239	0.3733453760	0.3795772889	0.3859396976	0.3924110203
13.0	0.3603054165	0.3665091880	0.3727670875	0.3791563151	0.3856560892
13.1	0.3534734238	0.3596997666	0.3659820284	0.3723964726	0.3789231114
13.2	0.3466712352	0.3529184775	0.3592234533	0.3656614876	0.3722133799
13.3	0.3399002342	0.3461666807	0.3524926984	0.3589526727	0.3655281832
13.4	0.3331617980	0.3394457303	0.3457910946	0.3522713350	0.3588688048
13.5	0.3264572970	0.3327569742	0.3391199669	0.3456187769	0.3522365237
13.6	0.3197880948	0.3261017540	0.3324806343	0.3389962946	0.3456326134
13.7	0.3131555479	0.3194814042	0.3258744095	0.3324051788	0.3390583419
13.8	0.3065610052	0.3128972527	0.3193025988	0.3258467139	0.3325149717
13.9	0.3000058080	0.3063506199	0.3127665015	0.3193221781	0.3260037593
14.0	0.2934912894	0.2998428188	0.3062674100	0.3128328428	0.3195259550
14.1	0.2870187744	0.2933751546	0.2998066092	0.3063799727	0.3130828028
14.2	0.2805895794	0.2869489243	0.2933853765	0.2999648253	0.3066755397
14.3	0.2742050121	0.2805654169	0.2870049817	0.2935886508	0.3003053963
14.4	0.2678663710	0.2742259124	0.2806666862	0.2872526917	0.2939735957
14.5	0.2615749452	0.2679316824	0.2743717432	0.2809581829	0.2876813538
14.6	0.2553320143	0.2616839892	0.2681213974	0.2747063509	0.2814298788
14.7	0.2491388481	0.2554840858	0.2619168845	0.2684984141	0.2752203712
14.8	0.2429967061	0.2493332155	0.2557594314	0.2623355823	0.2690540233
14.9	0.2369068375	0.2432326121	0.2496502555	0.2562190566	0.2629320193
15.0	0.2308704810	0.2371834989	0.2435905647	0.2501500288	0.2568555347
15.1	0.2248888643	0.2311870891	0.2375815571	0.2441296818	0.2508257364
15.2	0.2189632039	0.2252445854	0.2316244208	0.2381591886	0.2448437821
15.3	0.2130947050	0.2193571796	0.2257203337	0.2322397130	0.2389108207
15.4	0.2072845612	0.2135260523	0.2198704631	0.2263724083	0.2330279913
15.5	0.2015339541	0.2077523731	0.2140759656	0.2205584182	0.2271964236
15.6	0.1958440534	0.2020372998	0.2083379870	0.2147988755	0.2214172374
15.7	0.1902160163	0.1963819787	0.2026576617	0.2090949026	0.2156915425
15.8	0.1846509875	0.1907875439	0.1970361129	0.2034476112	0.2100204383
15.9	0.1791500987	0.1852551175	0.1914744520	0.1978581018	0.2044050137
16.0	0.1737144689	0.1797858089	0.1859737787	0.1923274636	0.1988463472
16.1	0.1683452034	0.1743807152	0.1805351806	0.1868567745	0.1933455060
16.2	0.1630433944	0.1690409201	0.1751597329	0.1814471005	0.1879035465
16.3	0.1578101202	0.1637674948	0.1698484986	0.1760994959	0.1825215136
16.4	0.1526464451	0.1585614968	0.1646025277	0.1708150028	0.1772004409
16.5	0.1475534194	0.1534239701	0.1594228575	0.1655946510	0.1719413500
16.6	0.1425320788	0.1483559452	0.1543105121	0.1604394579	0.1667452510
16.7	0.1375834446	0.1433584384	0.1492665023	0.1553504281	0.1616131414
16.8	0.1327085234	0.1384324520	0.1442918254	0.1503285533	0.1565460068
16.9	0.1279083066	0.1335789739	0.1393874650	0.1453748121	0.1515448203
17.0	0.1231837705	0.1287989775	0.1345543907	0.1404901700	0.1466105421
17.1	0.1185358760	0.1240934214	0.1297935581	0.1356755788	0.1417441198
17.2	0.1139655684	0.1194632494	0.1251059087	0.1309319768	0.1369464877
17.3	0.1094737773	0.1149093900	0.1204923690	0.1262602884	0.1322185673
17.4	0.1050614161	0.1104327566	0.1159538515	0.1216614240	0.1275612662
17.5	0.1007293824	0.1060342469	0.1114912533	0.1171362798	0.1229754789
17.6	0.0964785572	0.1017147430	0.1071054569	0.1126857377	0.1184620858
17.7	0.0923098049	0.0974751113	0.1027973294	0.1083106649	0.1140219538
17.8	0.0882239736	0.0933162020	0.0985677225	0.1040119140	0.1096559353
17.9	0.0842218942	0.0892388492	0.0944174726	0.0997903228	0.1053648687
18.0	0.0803043806	0.0852438707	0.0903474002	0.0956467139	0.1011495780
18.1	0.0764722297	0.0813320675	0.0863583100	0.0915818949	0.0970108727
18.2	0.0727262207	0.0775042243	0.0824509908	0.0875966579	0.0929495475
18.3	0.0690671157	0.0737611087	0.0786262150	0.0836917794	0.0889663821
18.4	0.0654956587	0.0701034714	0.0748847390	0.0798680205	0.0850621415
18.5	0.0620125763	0.0665320459	0.0712273024	0.0761261262	0.0812375754
18.6	0.0586185767	0.0630475486	0.0676546284	0.0724668259	0.0774934181
18.7	0.0553143503	0.0596506782	0.0641674234	0.0688908326	0.0738303886
18.8	0.0521005692	0.0563421159	0.0607663768	0.0653988431	0.0702491903
18.9	0.0489778868	0.0531225254	0.0574521611	0.0619915380	0.0667505109
19.0	0.0459469384	0.0499925522	0.0542254316	0.0586695813	0.0633350221
19.1	0.0430083404	0.0469528242	0.0510868261	0.0554336202	0.0600033798
19.2	0.0401626905	0.0440039509	0.0480369654	0.0522842855	0.0567562237
19.3	0.0374105674	0.0411465237	0.0450764523	0.0492221908	0.0535941774
19.4	0.0347525309	0.0383811158	0.0422058722	0.0462479329	0.0505178480
19.5	0.0321891215	0.0357082816	0.0394257926	0.0433620913	0.0475278263
19.6	0.0297208606	0.0331285572	0.0367367633	0.0405652285	0.0446246863
19.7	0.0273482503	0.0306424600	0.0341393159	0.0378578893	0.0418089855
19.8	0.0250717731	0.0282504886	0.0316339638	0.0352406015	0.0390812646
19.9	0.0228918920	0.0259531227	0.0292212026	0.0327138751	0.0364420474
20.0	0.0208090503	0.0237508230	0.0269015091	0.0302782024	0.0338918406
20.1	0.0188236716	0.0216440312	0.0246753420	0.0279340581	0.0314311340
20.2	0.0169361598	0.0196331698	0.0225431415	0.0256818990	0.0290603999
20.3	0.0151468988	0.0177186420	0.0205053291	0.0235221639	0.0267800937
20.4	0.0134562524	0.0159008319	0.0185623077	0.0214552738	0.0245906531
20.5	0.0118645645	0.0141801039	0.0167144614	0.0194816313	0.0224924987
20.6	0.0103721588	0.0125568032	0.0149621557	0.0176016211	0.0204860332
20.7	0.0089793389	0.0110312553	0.0133057369	0.0158156096	0.0185716419
20.8	0.0076863881	0.0096037661	0.0117455325	0.0141239447	0.0167496924
20.9	0.0064935692	0.0082746220	0.0102818510	0.0125269561	0.0150205346
21.0	0.0054011250	0.0070440894	0.0089149817	0.0110249551	0.0133845004
21.1	0.0044092775	0.0059124152	0.0076451950	0.0096182342	0.0118419041
21.2	0.0035182286	0.0048798263	0.0064727417	0.0083070676	0.0103930417
21.3	0.0027281594	0.0039465297	0.0053978538	0.0070917108	0.0090381915
21.4	0.0020392306	0.0031127126	0.0044207437	0.0059724007	0.0077776137
21.5	0.0014515824	0.0023785423	0.0035416047	0.0049493552	0.0066115502
21.6	0.0009653343	0.0017441660	0.0027606104	0.0040227738	0.0055402249
21.7	0.0005805851	0.0012097108	0.0020779153	0.0031928370	0.0045638437
21.8	0.0002974131	0.0007752839	0.0014936543	0.0024597065	0.0036825938
21.9	0.0001158760	0.0004409726	0.0010079430	0.0018235252	0.0028966445
22.0	0.0000360105	0.0002068436	0.0006208773	0.0012844169	0.0022061467
22.1	0.0000578331	0.0000729442	0.0003325337	0.0008424869	0.0016112330
22.2	0.0001813392	0.0000393009	0.0001429693	0.0004978210	0.0011120176
22.3	0.0004065037	0.0001059207	0.0000522215	0.0002504865	0.0007085963
22.4	0.0007332808	0.0002727901	0.0000603082	0.0001005316	0.0004010466
22.5	0.0011616040	0.0005398756	0.0001672278	0.0000479853	0.0001894274
22.6	0.0016913863	0.0009071236	0.0003729591	0.0000928581	0.0000737794
22.7	0.0023225199	0.0013744605	0.0006774613	0.0002351410	0.0000541248
22.8	0.0030548765	0.0019417926	0.0010806744	0.0004748063	0.0001304674
22.9	0.0038883070	0.0026090059	0.0015825184	0.0008118073	0.0003027923
23.0	0.0048226420	0.0033759668	0.0021828943	0.0012460783	0.0005710666
23.1	0.0058576914	0.0042425214	0.0028816831	0.0017775346	0.0009352387
23.2	0.0069932447	0.0052084958	0.0036787468	0.0024060726	0.0013952385
23.3	0.0082290711	0.0062736963	0.0045739277	0.0031315697	0.0019509778
23.4	0.0095649190	0.0074379092	0.0055670488	0.0039538847	0.0026023499
23.5	0.0110005169	0.0087009012	0.0066579137	0.0048728572	0.0033492295
23.6	0.0125355727	0.0100624187	0.0078463066	0.0058883080	0.0041914733
23.7	0.0141697743	0.0115221888	0.0091319927	0.0070000393	0.0051289194
23.8	0.0159027893	0.0130799187	0.0105147175	0.0082078343	0.0061613880
23.9	0.0177342651	0.0147352959	0.0119942078	0.0095114577	0.0072886805
24.0	0.0196638294	0.0164879885	0.0135701710	0.0109106554	0.0085105807
24.1	0.0216910896	0.0183376449	0.0152422954	0.0124051547	0.0098268537
24.2	0.0238156335	0.0202838941	0.0170102504	0.0139946643	0.0112372469
24.3	0.0260370290	0.0223263458	0.0188736864	0.0156788744	0.0127414893
24.4	0.0283548242	0.0244645903	0.0208322350	0.0174574567	0.0143392921
24.5	0.0307685478	0.0266981989	0.0228855087	0.0193300646	0.0160303484
24.6	0.0332777088	0.0290267234	0.0250331018	0.0212963332	0.0178143335
24.7	0.0358817969	0.0314496970	0.0272745894	0.0233558792	0.0196909048
24.8	0.0385802825	0.0339666335	0.0296095284	0.0255083013	0.0216597019
24.9	0.0413726167	0.0365770283	0.0320374571	0.0277531799	0.0237203466
25.0	0.0442582317	0.0392803579	0.0345578954	0.0300900775	0.0258724434
25.1	0.0472365405	0.0420760799	0.0371703449	0.0325185387	0.0281155788
25.2	0.0503069374	0.0449636337	0.0398742891	0.0350380902	0.0304493222
25.3	0.0534687979	0.0479424402	0.0426691933	0.0376482410	0.0328732253
25.4	0.0567214790	0.0510119019	0.0455545049	0.0403484823	0.0353868227
25.5	0.0600643191	0.0541714032	0.0485296532	0.0431382879	0.0379896317
25.6	0.0634966384	0.0574203105	0.0515940502	0.0460171141	0.0406811524
25.7	0.0670177386	0.0607579721	0.0547470898	0.0489843999	0.0434608681
25.8	0.0706269038	0.0641837187	0.0579881486	0.0520395669	0.0463282447
25.9	0.0743233998	0.0676968631	0.0613165857	0.0551820197	0.0492827319
26.0	0.0781064749	0.0712967008	0.0647317431	0.0584111459	0.0523237620
26.1	0.0819753596	0.0749825098	0.0682329453	0.0617263162	0.0554507513
26.2	0.0859292670	0.0787535509	0.0718195002	0.0651268845	0.0586630992
26.3	0.0899673931	0.0826090678	0.0754906986	0.0686121880	0.0619601888
26.4	0.0940889164	0.0865482871	0.0792458145	0.0721815475	0.0653413869
26.5	0.0982929988	0.0905704189	0.0830841055	0.0758342674	0.0688060443
26.6	0.1025787851	0.0946746565	0.0870048126	0.0795696358	0.0723534956
26.7	0.1069454038	0.0988601767	0.0910071606	0.0833869248	0.0759830597
26.8	0.1113919668	0.1031261401	0.0950903582	0.0872853903	0.0796940394
26.9	0.1159175696	0.1074716911	0.0992535979	0.0912642726	0.0834857222
27.0	0.1205212918	0.1118959582	0.1034960565	0.0953227963	0.0873573800
27.1	0.1252021971	0.1163980540	0.1078168953	0.0994601705	0.0913082692
27.2	0.1299593336	0.1209770756	0.1122152598	0.1036755888	0.0953376311
27.3	0.1347917335	0.1256321047	0.1166902805	0.1079682296	0.0994446921
27.4	0.1396984142	0.1303622076	0.1212410723	0.1123372565	0.1036286634
27.5	0.1446783776	0.1351664357	0.1258667356	0.1167818179	0.1078887415
27.6	0.1497306110	0.1400438255	0.1305663557	0.1213010476	0.1122241084
27.7	0.1548540868	0.1449933987	0.1353390034	0.1258940650	0.1166339316
27.8	0.1600477628	0.1500141628	0.1401837350	0.1305599749	0.1211173642
27.9	0.1653105830	0.1551051106	0.1450995926	0.1352978680	0.1256735453
28.0	0.1706414767	0.1602652212	0.1500856041	0.1401068209	0.1303015999
28.1	0.1760393599	0.1654934597	0.1551407837	0.1449858964	0.1350006394
28.2	0.1815031347	0.1707887776	0.1602641318	0.1499341438	0.1397697612
28.3	0.1870316898	0.1761501127	0.1654546355	0.1549505986	0.1446080498
28.4	0.1926239008	0.1815763899	0.1707112684	0.1600342831	0.1495145758
28.5	0.1982786304	0.1870665209	0.1760329912	0.1651842068	0.1544883972
28.6	0.2039947284	0.1926194046	0.1814187516	0.1703993659	0.1595285588
28.7	0.2097710323	0.1982339273	0.1868674846	0.1756787440	0.1646340927
28.8	0.2156063673	0.2039089629	0.1923781131	0.1810213124	0.1698040185
28.9	0.2214995465	0.2096433734	0.1979495473	0.1864260297	0.1750373435
29.0	0.2274493715	0.2154360086	0.2035806856	0.1918918428	0.1803330627
29.1	0.2334546320	0.2212857067	0.2092704147	0.1974176864	0.1856901591
29.2	0.2395141067	0.2271912946	0.2150176095	0.2030024836	0.1911076041
29.3	0.2456265632	0.2331515879	0.2208211336	0.2086451460	0.1965843573
29.4	0.2517907583	0.2391653912	0.2266798396	0.2143445740	0.2021193669
29.5	0.2580054384	0.2452314983	0.2325925690	0.2200996568	0.2077115703
29.6	0.2642693394	0.2513486927	0.2385581527	0.2259092728	0.2133598933
29.7	0.2705811874	0.2575157476	0.2445754112	0.2317722900	0.2190632515
29.8	0.2769396986	0.2637314260	0.2506431548	0.2376875655	0.2248205496
29.9	0.2833435798	0.2699944813	0.2567601836	0.2436539467	0.2306306820
30.0	0.2897915286	0.2763036576	0.2629252882	0.2496702708	0.2364925331
