	1.530	1.540	1.550	1.560	1.570
0.0	0.9999992637	0.9990395856	0.9980338846	0.9986235946	0.9999620523
0.1	0.9999438677	0.9989849956	0.9979802682	0.9985711930	0.9999113892
0.2	0.9997901190	0.9988336211	0.9978314450	0.9984250186	0.9997683297
0.3	0.9995380477	0.9985854915	0.9975874433	0.9981850987	0.9995329003
0.4	0.9991877035	0.9982406548	0.9972483098	0.9978514786	0.9992051445
0.5	0.9987391553	0.9977991778	0.9968141091	0.9974242207	0.9987851229
0.6	0.9981924913	0.9972611461	0.9962849241	0.9969034055	0.9982729130
0.7	0.9975478191	0.9966266639	0.9956608557	0.9962891306	0.9976686097
0.8	0.9968052655	0.9958958542	0.9949420230	0.9955815116	0.9969723245
0.9	0.9959649765	0.9950688586	0.9941285632	0.9947806812	0.9961841861
1.0	0.9950271176	0.9941458374	0.9932206315	0.9938867899	0.9953043403
1.1	0.9939918731	0.9931269693	0.9922184011	0.9929000055	0.9943329495
1.2	0.9928594468	0.9920124518	0.9911220633	0.9918205135	0.9932701934
1.3	0.9916300614	0.9908025009	0.9899318272	0.9906485166	0.9921162684
1.4	0.9903039588	0.9894973511	0.9886479199	0.9893842349	0.9908713877
1.5	0.9888813998	0.9880972551	0.9872705864	0.9880279058	0.9895357814
1.6	0.9873626644	0.9866024845	0.9858000896	0.9865797841	0.9881096964
1.7	0.9857480513	0.9850133287	0.9842367100	0.9850401418	0.9865933962
1.8	0.9840378781	0.9833300957	0.9825807458	0.9834092681	0.9849871611
1.9	0.9822324813	0.9815531117	0.9808325131	0.9816874693	0.9832912878
2.0	0.9803322160	0.9796827210	0.9789923455	0.9798750688	0.9815060900
2.1	0.9783374561	0.9777192861	0.9770605940	0.9779724070	0.9796318974
2.2	0.9762485940	0.9756631874	0.9750376272	0.9759798412	0.9776690565
2.3	0.9740660407	0.9735148234	0.9729238312	0.9738977457	0.9756179300
2.4	0.9717902255	0.9712746102	0.9707196093	0.9717265116	0.9734788971
2.5	0.9694215960	0.9689429821	0.9684253821	0.9694665467	0.9712523531
2.6	0.9669606184	0.9665203909	0.9660415872	0.9671182755	0.9689387094
2.7	0.9644077768	0.9640073059	0.9635686796	0.9646821389	0.9665383937
2.8	0.9617635733	0.9614042142	0.9610071311	0.9621585946	0.9640518496
2.9	0.9590285281	0.9587116201	0.9583574304	0.9595481166	0.9614795367
3.0	0.9562031793	0.9559300454	0.9556200833	0.9568511952	0.9588219303
3.1	0.9532880828	0.9530600292	0.9527956118	0.9540683368	0.9560795217
3.2	0.9502838120	0.9501021275	0.9498845551	0.9512000642	0.9532528177
3.3	0.9471909579	0.9470569136	0.9468874685	0.9482469162	0.9503423407
3.4	0.9440101290	0.9439249775	0.9438049239	0.9452094474	0.9473486286
3.5	0.9407419510	0.9407069260	0.9406375095	0.9420882282	0.9442722348
3.6	0.9373870669	0.9374033829	0.9373858296	0.9388838450	0.9411137278
3.7	0.9339461367	0.9340149882	0.9340505048	0.9355968996	0.9378736913
3.8	0.9304198373	0.9305423985	0.9306321713	0.9322280093	0.9345527242
3.9	0.9268088623	0.9269862867	0.9271314815	0.9287778070	0.9311514403
4.0	0.9231139223	0.9233473419	0.9235491033	0.9252469406	0.9276704681
4.1	0.9193357441	0.9196262692	0.9198857203	0.9216360734	0.9241104511
4.2	0.9154750710	0.9158237898	0.9161420314	0.9179458834	0.9204720472
4.3	0.9115326624	0.9119406404	0.9123187511	0.9141770639	0.9167559287
4.4	0.9075092940	0.9079775734	0.9084166087	0.9103303228	0.9129627826
4.5	0.9034057573	0.9039353569	0.9044363489	0.9064063824	0.9090933099
4.6	0.8992228594	0.8998147741	0.9003787312	0.9024059799	0.9051482257
4.7	0.8949614235	0.8956166235	0.8962445297	0.8983298665	0.9011282592
4.8	0.8906222876	0.8913417186	0.8920345333	0.8941788080	0.8970341533
4.9	0.8862063056	0.8869908877	0.8877495453	0.8899535839	0.8928666647
5.0	0.8817143461	0.8825649739	0.8833903833	0.8856549879	0.8886265636
5.1	0.8771472929	0.8780648349	0.8789578792	0.8812838273	0.8843146336
5.2	0.8725060443	0.8734913427	0.8744528786	0.8768409231	0.8799316718
5.3	0.8677915136	0.8688453836	0.8698762411	0.8723271099	0.8754784881
5.4	0.8630046280	0.8641278577	0.8652288400	0.8677432354	0.8709559056
5.5	0.8581463294	0.8593396793	0.8605115621	0.8630901605	0.8663647601
5.6	0.8532175736	0.8544817761	0.8557253075	0.8583687594	0.8617059002
5.7	0.8482193300	0.8495550896	0.8508709894	0.8535799186	0.8569801869
5.8	0.8431525821	0.8445605744	0.8459495341	0.8487245378	0.8521884936
5.9	0.8380183266	0.8394991982	0.8409618806	0.8438035288	0.8473317059
6.0	0.8328175736	0.8343719420	0.8359089807	0.8388178159	0.8424107215
6.1	0.8275513461	0.8291797992	0.8307917984	0.8337683356	0.8374264497
6.2	0.8222206802	0.8239237759	0.8256113101	0.8286560363	0.8323798119
6.3	0.8168266246	0.8186048906	0.8203685045	0.8234818782	0.8272717407
6.4	0.8113702404	0.8132241741	0.8150643817	0.8182468331	0.8221031802
6.5	0.8058526011	0.8077826689	0.8096999540	0.8129518843	0.8168750857
6.6	0.8002747922	0.8022814295	0.8042762448	0.8075980263	0.8115884233
6.7	0.7946379109	0.7967215218	0.7987942891	0.8021862647	0.8062441702
6.8	0.7889430661	0.7911040234	0.7932551330	0.7967176160	0.8008433140
6.9	0.7831913783	0.7854300227	0.7876598332	0.7911931072	0.7953868530
7.0	0.7773839789	0.7797006192	0.7820094574	0.7856137761	0.7898757957
7.1	0.7715220104	0.7739169231	0.7763050839	0.7799806706	0.7843111605
7.2	0.7656066259	0.7680800551	0.7705478010	0.7742948486	0.7786939759
7.3	0.7596389894	0.7621911464	0.7647387072	0.7685573782	0.7730252800
7.4	0.7536202746	0.7562513380	0.7588789111	0.7627693370	0.7673061207
7.5	0.7475516657	0.7502617810	0.7529695307	0.7569318120	0.7615375548
7.6	0.7414343566	0.7442236359	0.7470116935	0.7510458998	0.7557206484
7.7	0.7352695506	0.7381380729	0.7410065365	0.7451127058	0.7498564768
7.8	0.7290584607	0.7320062711	0.7349552054	0.7391333445	0.7439461237
7.9	0.7228023085	0.7258294188	0.7288588548	0.7331089389	0.7379906813
8.0	0.7165023250	0.7196087129	0.7227186481	0.7270406205	0.7319912505
8.1	0.7101597495	0.7133453588	0.7165357568	0.7209295291	0.7259489400
8.2	0.7037758298	0.7070405701	0.7103113607	0.7147768126	0.7198648665
8.3	0.6973518217	0.7006955688	0.7040466475	0.7085836265	0.7137401545
8.4	0.6908889890	0.6943115841	0.6977428125	0.7023511340	0.7075759360
8.5	0.6843886032	0.6878898533	0.6914010585	0.6960805059	0.7013733502
8.6	0.6778519431	0.6814316206	0.6850225957	0.6897729199	0.6951335435
8.7	0.6712802945	0.6749381376	0.6786086411	0.6834295606	0.6888576691
8.8	0.6646749504	0.6684106625	0.6721604185	0.6770516196	0.6825468868
8.9	0.6580372102	0.6618504602	0.6656791583	0.6706402948	0.6762023632
9.0	0.6513683796	0.6552588019	0.6591660973	0.6641967903	0.6698252707
9.1	0.6446697707	0.6486369649	0.6526224781	0.6577223164	0.6634167879
9.2	0.6379427013	0.6419862324	0.6460495494	0.6512180891	0.6569780993
9.3	0.6311884947	0.6353078931	0.6394485653	0.6446853302	0.6505103948
9.4	0.6244084796	0.6286032412	0.6328207854	0.6381252667	0.6440148699
9.5	0.6176039900	0.6218735758	0.6261674744	0.6315391306	0.6374927249
9.6	0.6107763644	0.6151202011	0.6194899016	0.6249281590	0.6309451653
9.7	0.6039269461	0.6083444255	0.6127893413	0.6182935936	0.6243734013
9.8	0.5970570824	0.6015475622	0.6060670720	0.6116366806	0.6177786474
9.9	0.5901681249	0.5947309282	0.5993243764	0.6049586702	0.6111621224
10.0	0.5832614288	0.5878958444	0.5925625411	0.5982608169	0.6045250492
10.1	0.5763383529	0.5810436353	0.5857828563	0.5915443785	0.5978686545
10.2	0.5694002591	0.5741756287	0.5789866155	0.5848106166	0.5911941684
10.3	0.5624485124	0.5672931555	0.5721751157	0.5780607959	0.5845028247
10.4	0.5554844803	0.5603975492	0.5653496565	0.5712961843	0.5777958598
10.5	0.5485095328	0.5534901462	0.5585115403	0.5645180523	0.5710745135
10.6	0.5415250422	0.5465722849	0.5516620718	0.5577276730	0.5643400279
10.7	0.5345323824	0.5396453059	0.5448025580	0.5509263218	0.5575936477
10.8	0.5275329292	0.5327105514	0.5379343078	0.5441152762	0.5508366197
10.9	0.5205280594	0.5257693652	0.5310586317	0.5372958154	0.5440701929
11.0	0.5135191513	0.5188230924	0.5241768416	0.5304692203	0.5372956176
11.1	0.5065075835	0.5118730789	0.5172902507	0.5236367732	0.5305141462
11.2	0.4994947354	0.5049206717	0.5104001730	0.5167997572	0.5237270317
11.3	0.4924819868	0.4979672178	0.5035079231	0.5099594566	0.5169355287
11.4	0.4854707171	0.4910140646	0.4966148163	0.5031171561	0.5101408924
11.5	0.4784623058	0.4840625597	0.4897221678	0.4962741409	0.5033443785
11.6	0.4714581314	0.4771140499	0.4828312927	0.4894316964	0.4965472431
11.7	0.4644595721	0.4701698818	0.4759435059	0.4825911075	0.4897507425
11.8	0.4574680045	0.4632314009	0.4690601217	0.4757536593	0.4829561327
11.9	0.4504848042	0.4562999518	0.4621824535	0.4689206359	0.4761646697
12.0	0.4435113448	0.4493768777	0.4553118137	0.4620933207	0.4693776085
12.1	0.4365489983	0.4424635201	0.4484495131	0.4552729961	0.4625962036
12.2	0.4295991343	0.4355612186	0.4415968613	0.4484609431	0.4558217082
12.3	0.4226631201	0.4286713107	0.4347551657	0.4416584411	0.4490553745
12.4	0.4157423202	0.4217951316	0.4279257319	0.4348667680	0.4422984529
12.5	0.4088380962	0.4149340137	0.4211098629	0.4280871992	0.4355521923
12.6	0.4019518061	0.4080892866	0.4143088594	0.4213210082	0.4288178395
12.7	0.3950848049	0.4012622765	0.4075240189	0.4145694658	0.4220966392
12.8	0.3882384433	0.3944543064	0.4007566362	0.4078338401	0.4153898335
12.9	0.3814140683	0.3876666955	0.3940080025	0.4011153963	0.4086986619
13.0	0.3746130225	0.3809007591	0.3872794055	0.3944153962	0.4020243613
13.1	0.3678366437	0.3741578084	0.3805721291	0.3877350983	0.3953681650
13.2	0.3610862651	0.3674391498	0.3738874532	0.3810757572	0.3887313033
13.3	0.3543632146	0.3607460855	0.3672266532	0.3744386238	0.3821150028
13.4	0.3476688149	0.3540799122	0.3605910001	0.3678249448	0.3755204863
13.5	0.3410043830	0.3474419218	0.3539817600	0.3612359622	0.3689489725
13.6	0.3343712299	0.3408334006	0.3474001941	0.3546729137	0.3624016761
13.7	0.3277706605	0.3342556292	0.3408475582	0.3481370320	0.3558798071
13.8	0.3212039733	0.3277098821	0.3343251026	0.3416295447	0.3493845709
13.9	0.3146724603	0.3211974278	0.3278340719	0.3351516740	0.3429171679
14.0	0.3081774063	0.3147195283	0.3213757045	0.3287046367	0.3364787934
14.1	0.3017200892	0.3082774388	0.3149512330	0.3222896436	0.3300706373
14.2	0.2953017791	0.3018724077	0.3085618830	0.3159078998	0.3236938840
14.3	0.2889237388	0.2955056761	0.3022088738	0.3095606037	0.3173497120
14.4	0.2825872230	0.2891784778	0.2958934176	0.3032489476	0.3110392938
14.5	0.2762934784	0.2828920387	0.2896167194	0.2969741170	0.3047637958
14.6	0.2700437430	0.2766475772	0.2833799770	0.2907372905	0.2985243778
14.7	0.2638392463	0.2704463032	0.2771843803	0.2845396394	0.2923221928
14.8	0.2576812089	0.2642894184	0.2710311115	0.2783823279	0.2861583873
14.9	0.2515708424	0.2581781159	0.2649213448	0.2722665125	0.2800341003
15.0	0.2455093487	0.2521135799	0.2588562459	0.2661933418	0.2739504639
15.1	0.2394979203	0.2460969855	0.2528369722	0.2601639566	0.2679086022
15.2	0.2335377399	0.2401294987	0.2468646722	0.2541794893	0.2619096321
15.3	0.2276299800	0.2342122759	0.2409404855	0.2482410639	0.2559546622
15.4	0.2217758027	0.2283464636	0.2350655424	0.2423497959	0.2500447931
15.5	0.2159763599	0.2225331985	0.2292409641	0.2365067918	0.2441811170
15.6	0.2102327923	0.2167736071	0.2234678618	0.2307131489	0.2383647177
15.7	0.2045462299	0.2110688055	0.2177473371	0.2249699556	0.2325966702
15.8	0.1989177915	0.2054198992	0.2120804817	0.2192782906	0.2268780404
15.9	0.1933485842	0.1998279827	0.2064683768	0.2136392228	0.2212098854
16.0	0.1878397037	0.1942941397	0.2009120932	0.2080538114	0.2155932527
16.1	0.1823922338	0.1888194426	0.1954126912	0.2025231056	0.2100291803
16.2	0.1770072461	0.1834049521	0.1899712201	0.1970481441	0.2045186966
16.3	0.1716858000	0.1780517176	0.1845887181	0.1916299552	0.1990628200
16.4	0.1664289423	0.1727607763	0.1792662125	0.1862695567	0.1936625590
16.5	0.1612377073	0.1675331535	0.1740047187	0.1809679553	0.1883189115
16.6	0.1561131162	0.1623698622	0.1688052406	0.1757261469	0.1830328651
16.7	0.1510561771	0.1572719030	0.1636687705	0.1705451159	0.1778053969
16.8	0.1460678849	0.1522402637	0.1585962884	0.1654258355	0.1726374729
16.9	0.1411492209	0.1472759194	0.1535887623	0.1603692672	0.1675300483
17.0	0.1363011528	0.1423798320	0.1486471475	0.1553763609	0.1624840670
17.1	0.1315246343	0.1375529503	0.1437723871	0.1504480542	0.1575004617
17.2	0.1268206051	0.1327962096	0.1389654111	0.1455852728	0.1525801533
17.3	0.1221899905	0.1281105318	0.1342271369	0.1407889301	0.1477240513
17.4	0.1176337017	0.1234968247	0.1295584685	0.1360599270	0.1429330532
17.5	0.1131526348	0.1189559824	0.1249602968	0.1313991517	0.1382080444
17.6	0.1087476715	0.1144888849	0.1204334991	0.1268074796	0.1335498981
17.7	0.1044196783	0.1100963977	0.1159789393	0.1222857732	0.1289594754
17.8	0.1001695067	0.1057793721	0.1115974674	0.1178348817	0.1244376246
17.9	0.0959979928	0.1015386446	0.1072899193	0.1134556411	0.1199851814
18.0	0.0919059573	0.0973750370	0.1030571169	0.1091488740	0.1156029687
18.1	0.0878942051	0.0932893560	0.0988998681	0.1049153892	0.1112917964
18.2	0.0839635255	0.0892823934	0.0948189660	0.1007559821	0.1070524614
18.3	0.0801146918	0.0853549257	0.0908151893	0.0966714336	0.1028857470
18.4	0.0763484612	0.0815077140	0.0868893020	0.0926625112	0.0987924235
18.5	0.0726655744	0.0777415036	0.0830420532	0.0887299677	0.0947732474
18.6	0.0690667562	0.0740570245	0.0792741770	0.0848745418	0.0908289613
18.7	0.0655527145	0.0704549907	0.0755863924	0.0810969577	0.0869602945
18.8	0.0621241405	0.0669361001	0.0719794030	0.0773979248	0.0831679617
18.9	0.0587817088	0.0635010346	0.0684538971	0.0737781379	0.0794526640
19.0	0.0555260769	0.0601504599	0.0650105475	0.0702382770	0.0758150880
19.1	0.0523578854	0.0568850252	0.0616500111	0.0667790068	0.0722559060
19.2	0.0492777574	0.0537053634	0.0583729292	0.0634009773	0.0687757757
19.3	0.0462862989	0.0506120906	0.0551799272	0.0601048227	0.0653753404
19.4	0.0433840984	0.0476058061	0.0520716142	0.0568911623	0.0620552286
19.5	0.0405717269	0.0446870926	0.0490485834	0.0537605997	0.0588160538
19.6	0.0378497377	0.0418565157	0.0461114116	0.0507137228	0.0556584147
19.7	0.0352186661	0.0391146238	0.0432606594	0.0477511039	0.0525828950
19.8	0.0326790299	0.0364619483	0.0404968706	0.0448732996	0.0495900630
19.9	0.0302313287	0.0338990033	0.0378205726	0.0420808502	0.0466804718
20.0	0.0278760439	0.0314262853	0.0352322761	0.0393742804	0.0438546593
20.1	0.0256136390	0.0290442736	0.0327324750	0.0367540985	0.0411131476
20.2	0.0234445589	0.0267534297	0.0303216463	0.0342207966	0.0384564434
20.3	0.0213692305	0.0245541976	0.0280002500	0.0317748506	0.0358850379
20.4	0.0193880620	0.0224470034	0.0257687291	0.0294167199	0.0333994061
20.5	0.0175014431	0.0204322555	0.0236275094	0.0271468473	0.0310000075
20.6	0.0157097451	0.0185103442	0.0215769994	0.0249656593	0.0286872856
20.7	0.0140133203	0.0166816422	0.0196175905	0.0228735655	0.0264616677
20.8	0.0124125025	0.0149465036	0.0177496566	0.0208709589	0.0243235653
20.9	0.0109076067	0.0133052648	0.0159735540	0.0189582156	0.0222733735
21.0	0.0094989288	0.0117582438	0.0142896216	0.0171356949	0.0203114712
21.1	0.0081867461	0.0103057403	0.0126981809	0.0154037391	0.0184382209
21.2	0.0069713166	0.0089480360	0.0111995355	0.0137626736	0.0166539690
21.3	0.0058528795	0.0076853938	0.0097939713	0.0122128065	0.0149590451
21.4	0.0048316548	0.0065180584	0.0084817566	0.0107544290	0.0133537625
21.5	0.0039078434	0.0054462561	0.0072631418	0.0093878151	0.0118384180
21.6	0.0030816271	0.0044701946	0.0061383594	0.0081132213	0.0104132915
21.7	0.0023531683	0.0035900630	0.0051076240	0.0069308871	0.0090786465
21.8	0.0017226104	0.0028060319	0.0041711323	0.0058410346	0.0078347296
21.9	0.0011900774	0.0021182532	0.0033290631	0.0048438685	0.0066817708
22.0	0.0007556742	0.0015268603	0.0025815770	0.0039395761	0.0056199830
22.1	0.0004194861	0.0010319677	0.0019288167	0.0031283272	0.0046495627
22.2	0.0001815793	0.0006336713	0.0013709068	0.0024102743	0.0037706890
22.3	0.0000420006	0.0003320483	0.0009079536	0.0017855522	0.0029835245
22.4	0.0000007775	0.0001271572	0.0005400456	0.0012542782	0.0022882146
22.5	0.0000579180	0.0000190378	0.0002672530	0.0008165522	0.0016848878
22.6	0.0002134110	0.0000077109	0.0000896279	0.0004724564	0.0011736557
22.7	0.0004672258	0.0000931788	0.0000072041	0.0002220553	0.0007546127
22.8	0.0008193125	0.0002754250	0.0000199974	0.0000653962	0.0004278363
22.9	0.0012696019	0.0005544141	0.0001280054	0.0000025083	0.0001933868
23.0	0.0018180053	0.0009300921	0.0003312075	0.0000334035	0.0000513076
23.1	0.0024644149	0.0014023862	0.0006295650	0.0001580760	0.0000016250
23.2	0.0032087035	0.0019712049	0.0010230208	0.0003765024	0.0000443481
23.3	0.0040507247	0.0026364380	0.0015115000	0.0006886417	0.0001794691
23.4	0.0049903128	0.0033979565	0.0020949094	0.0010944353	0.0004069629
23.5	0.0060272830	0.0042556131	0.0027731376	0.0015938069	0.0007267875
23.6	0.0071614314	0.0052092414	0.0035460553	0.0021866628	0.0011388839
23.7	0.0083925347	0.0062586567	0.0044135150	0.0028728917	0.0016431758
23.8	0.0097203507	0.0074036557	0.0053753512	0.0036523645	0.0022395701
23.9	0.0111446184	0.0086440164	0.0064313804	0.0045249351	0.0029279565
24.0	0.0126650574	0.0099794986	0.0075814012	0.0054904394	0.0037082077
24.1	0.0142813687	0.0114098435	0.0088251940	0.0065486961	0.0045801797
24.2	0.0159932342	0.0129347740	0.0101625215	0.0076995065	0.0055437112
24.3	0.0178003173	0.0145539945	0.0115931288	0.0089426544	0.0065986242
24.4	0.0197022624	0.0162671912	0.0131167426	0.0102779064	0.0077447237
24.5	0.0216986954	0.0180740324	0.0147330724	0.0117050117	0.0089817978
24.6	0.0237892235	0.0199741677	0.0164418098	0.0132237021	0.0103096180
24.7	0.0259734353	0.0219672291	0.0182426288	0.0148336926	0.0117279388
24.8	0.0282509014	0.0240528303	0.0201351856	0.0165346807	0.0132364980
24.9	0.0306211735	0.0262305673	0.0221191193	0.0183263469	0.0148350170
25.0	0.0330837854	0.0285000179	0.0241940513	0.0202083547	0.0165232002
25.1	0.0356382527	0.0308607426	0.0263595857	0.0221803506	0.0183007357
25.2	0.0382840728	0.0333122838	0.0286153093	0.0242419643	0.0201672949
25.3	0.0410207251	0.0358541665	0.0309607918	0.0263928086	0.0221225329
25.4	0.0438476714	0.0384858982	0.0333955855	0.0286324794	0.0241660882
25.5	0.0467643555	0.0412069689	0.0359192259	0.0309605562	0.0262975832
25.6	0.0497702036	0.0440168513	0.0385312316	0.0333766015	0.0285166240
25.7	0.0528646243	0.0469150010	0.0412311040	0.0358801618	0.0308228004
25.8	0.0560470089	0.0499008564	0.0440183282	0.0384707667	0.0332156862
25.9	0.0593167314	0.0529738389	0.0468923722	0.0411479297	0.0356948392
26.0	0.0626731484	0.0561333531	0.0498526877	0.0439111480	0.0382598011
26.1	0.0661155998	0.0593787867	0.0528987098	0.0467599025	0.0409100980
26.2	0.0696434082	0.0627095108	0.0560298574	0.0496936582	0.0436452399
26.3	0.0732558797	0.0661248801	0.0592455330	0.0527118641	0.0464647215
26.4	0.0769523036	0.0696242327	0.0625451231	0.0558139533	0.0493680215
26.5	0.0807319526	0.0732068906	0.0659279980	0.0589993432	0.0523546034
26.6	0.0845940833	0.0768721596	0.0693935123	0.0622674354	0.0554239153
26.7	0.0885379358	0.0806193293	0.0729410048	0.0656176162	0.0585753898
26.8	0.0925627343	0.0844476738	0.0765697986	0.0690492564	0.0618084445
26.9	0.0966676870	0.0883564511	0.0802792013	0.0725617113	0.0651224819
27.0	0.1008519864	0.0923449040	0.0840685050	0.0761543212	0.0685168896
27.1	0.1051148092	0.0964122594	0.0879369869	0.0798264115	0.0719910400
27.2	0.1094553168	0.1005577293	0.0918839087	0.0835772923	0.0755442912
27.3	0.1138726554	0.1047805104	0.0959085174	0.0874062593	0.0791759864
27.4	0.1183659560	0.1090797844	0.1000100451	0.0913125932	0.0828854545
27.5	0.1229343345	0.1134547182	0.1041877091	0.0952955603	0.0866720098
27.6	0.1275768923	0.1179044642	0.1084407123	0.0993544126	0.0905349526
27.7	0.1322927160	0.1224281599	0.1127682433	0.1034883876	0.0944735689
27.8	0.1370808779	0.1270249290	0.1171694763	0.1076967091	0.0984871307
27.9	0.1419404361	0.1316938805	0.1216435715	0.1119785864	0.1025748963
28.0	0.1468704345	0.1364341099	0.1261896753	0.1163332155	0.1067361101
28.1	0.1518699033	0.1412446986	0.1308069201	0.1207597783	0.1109700032
28.2	0.1569378589	0.1461247144	0.1354944251	0.1252574436	0.1152757930
28.3	0.1620733043	0.1510732117	0.1402512958	0.1298253665	0.1196526837
28.4	0.1672752293	0.1560892316	0.1450766246	0.1344626891	0.1240998664
28.5	0.1725426105	0.1611718021	0.1499694907	0.1391685403	0.1286165191
28.6	0.1778744116	0.1663199384	0.1549289606	0.1439420364	0.1332018072
28.7	0.1832695837	0.1715326428	0.1599540880	0.1487822807	0.1378548831
28.8	0.1887270655	0.1768089054	0.1650439140	0.1536883641	0.1425748869
28.9	0.1942457833	0.1821477036	0.1701974675	0.1586593652	0.1473609462
29.0	0.1998246515	0.1875480031	0.1754137651	0.1636943503	0.1522121765
29.1	0.2054625724	0.1930087572	0.1806918116	0.1687923737	0.1571276812
29.2	0.2111584370	0.1985289079	0.1860305997	0.1739524779	0.1621065518
29.3	0.2169111248	0.2041073855	0.1914291110	0.1791736937	0.1671478681
29.4	0.2227195040	0.2097431091	0.1968863152	0.1844550404	0.1722506984
29.5	0.2285824320	0.2154349865	0.2024011711	0.1897955261	0.1774140996
29.6	0.2344987553	0.2211819149	0.2079726265	0.1951941477	0.1826371174
29.7	0.2404673101	0.2269827806	0.2135996182	0.2006498912	0.1879187864
29.8	0.2464869222	0.2328364596	0.2192810727	0.2061617320	0.1932581306
29.9	0.2525564073	0.2387418175	0.2250159057	0.2117286347	0.1986541631
30.0	0.2586745714	0.2446977101	0.2308030231	0.2173495537	0.2041058867
