step	position_z	abs(a)	abs(b)
0	0.0000000000	0.0000000000	1.0000000000
1	0.1000000000	0.0000177777	0.9999822223
2	0.2000000000	0.0000711060	0.9999288940
3	0.3000000000	0.0001599700	0.9998400300
4	0.4000000000	0.0002843452	0.9997156548
5	0.5000000000	0.0004441972	0.9995558028
6	0.6000000000	0.0006394816	0.9993605184
7	0.7000000000	0.0008701446	0.9991298554
8	0.8000000000	0.0011361221	0.9988638779
9	0.9000000000	0.0014373407	0.9985626593
10	1.0000000000	0.0017737169	0.9982262831
11	1.1000000000	0.0021451577	0.9978548423
12	1.2000000000	0.0025515603	0.9974484397
13	1.3000000000	0.0029928121	0.9970071879
14	1.4000000000	0.0034687911	0.9965312089
15	1.5000000000	0.0039793656	0.9960206344
16	1.6000000000	0.0045243941	0.9954756059
17	1.7000000000	0.0051037260	0.9948962740
18	1.8000000000	0.0057172008	0.9942827992
19	1.9000000000	0.0063646488	0.9936353512
20	2.0000000000	0.0070458907	0.9929541093
21	2.1000000000	0.0077607382	0.9922392618
22	2.2000000000	0.0085089932	0.9914910068
23	2.3000000000	0.0092904487	0.9907095513
24	2.4000000000	0.0101048885	0.9898951115
25	2.5000000000	0.0109520871	0.9890479129
26	2.6000000000	0.0118318101	0.9881681899
27	2.7000000000	0.0127438140	0.9872561860
28	2.8000000000	0.0136878465	0.9863121535
29	2.9000000000	0.0146636461	0.9853363539
30	3.0000000000	0.0156709429	0.9843290571
31	3.1000000000	0.0167094581	0.9832905419
32	3.2000000000	0.0177789043	0.9822210957
33	3.3000000000	0.0188789855	0.9811210145
34	3.4000000000	0.0200093973	0.9799906027
35	3.5000000000	0.0211698267	0.9788301733
36	3.6000000000	0.0223599527	0.9776400473
37	3.7000000000	0.0235794459	0.9764205541
38	3.8000000000	0.0248279687	0.9751720313
39	3.9000000000	0.0261051756	0.9738948244
40	4.0000000000	0.0274107132	0.9725892868
41	4.1000000000	0.0287442201	0.9712557799
42	4.2000000000	0.0301053272	0.9698946728
43	4.3000000000	0.0314936580	0.9685063420
44	4.4000000000	0.0329088281	0.9670911719
45	4.5000000000	0.0343504458	0.9656495542
46	4.6000000000	0.0358181123	0.9641818877
47	4.7000000000	0.0373114213	0.9626885787
48	4.8000000000	0.0388299595	0.9611700405
49	4.9000000000	0.0403733067	0.9596266933
50	5.0000000000	0.0419410357	0.9580589643
51	5.1000000000	0.0435327126	0.9564672874
52	5.2000000000	0.0451478970	0.9548521030
53	5.3000000000	0.0467861419	0.9532138581
54	5.4000000000	0.0484469937	0.9515530063
55	5.5000000000	0.0501299930	0.9498700070
56	5.6000000000	0.0518346738	0.9481653262
57	5.7000000000	0.0535605644	0.9464394356
58	5.8000000000	0.0553071872	0.9446928128
59	5.9000000000	0.0570740588	0.9429259412
60	6.0000000000	0.0588606902	0.9411393098
61	6.1000000000	0.0606665868	0.9393334132
62	6.2000000000	0.0624912490	0.9375087510
63	6.3000000000	0.0643341717	0.9356658283
64	6.4000000000	0.0661948448	0.9338051552
65	6.5000000000	0.0680727535	0.9319272465
66	6.6000000000	0.0699673780	0.9300326220
67	6.7000000000	0.0718781940	0.9281218060
68	6.8000000000	0.0738046725	0.9261953275
69	6.9000000000	0.0757462805	0.9242537195
70	7.0000000000	0.0777024806	0.9222975194
71	7.1000000000	0.0796727314	0.9203272686
72	7.2000000000	0.0816564877	0.9183435123
73	7.3000000000	0.0836532003	0.9163467997
74	7.4000000000	0.0856623167	0.9143376833
75	7.5000000000	0.0876832809	0.9123167191
76	7.6000000000	0.0897155335	0.9102844665
77	7.7000000000	0.0917585121	0.9082414879
78	7.8000000000	0.0938116513	0.9061883487
79	7.9000000000	0.0958743829	0.9041256171
80	8.0000000000	0.0979461359	0.9020538641
81	8.1000000000	0.1000263371	0.8999736629
82	8.2000000000	0.1021144107	0.8978855893
83	8.3000000000	0.1042097788	0.8957902212
84	8.4000000000	0.1063118615	0.8936881385
85	8.5000000000	0.1084200770	0.8915799230
86	8.6000000000	0.1105338419	0.8894661581
87	8.7000000000	0.1126525712	0.8873474288
88	8.8000000000	0.1147756785	0.8852243215
89	8.9000000000	0.1169025762	0.8830974238
90	9.0000000000	0.1190326756	0.8809673244
91	9.1000000000	0.1211653874	0.8788346126
92	9.2000000000	0.1233001211	0.8766998789
93	9.3000000000	0.1254362861	0.8745637139
94	9.4000000000	0.1275732910	0.8724267090
95	9.5000000000	0.1297105446	0.8702894554
96	9.6000000000	0.1318474552	0.8681525448
97	9.7000000000	0.1339834315	0.8660165685
98	9.8000000000	0.1361178823	0.8638821177
99	9.9000000000	0.1382502169	0.8617497831
100	10.0000000000	0.1403798452	0.8596201548
101	10.1000000000	0.1425061777	0.8574938223
102	10.2000000000	0.1446286261	0.8553713739
103	10.3000000000	0.1467466028	0.8532533972
104	10.4000000000	0.1488595217	0.8511404783
105	10.5000000000	0.1509667981	0.8490332019
106	10.6000000000	0.1530678487	0.8469321513
107	10.7000000000	0.1551620921	0.8448379079
108	10.8000000000	0.1572489487	0.8427510513
109	10.9000000000	0.1593278409	0.8406721591
110	11.0000000000	0.1613981933	0.8386018067
111	11.1000000000	0.1634594331	0.8365405669
112	11.2000000000	0.1655109896	0.8344890104
113	11.3000000000	0.1675522952	0.8324477048
114	11.4000000000	0.1695827848	0.8304172152
115	11.5000000000	0.1716018966	0.8283981034
116	11.6000000000	0.1736090718	0.8263909282
117	11.7000000000	0.1756037547	0.8243962453
118	11.8000000000	0.1775853935	0.8224146065
119	11.9000000000	0.1795534396	0.8204465604
120	12.0000000000	0.1815073483	0.8184926517
121	12.1000000000	0.1834465790	0.8165534210
122	12.2000000000	0.1853705949	0.8146294051
123	12.3000000000	0.1872788636	0.8127211364
124	12.4000000000	0.1891708569	0.8108291431
125	12.5000000000	0.1910460511	0.8089539489
126	12.6000000000	0.1929039274	0.8070960726
127	12.7000000000	0.1947439715	0.8052560285
128	12.8000000000	0.1965656742	0.8034343258
129	12.9000000000	0.1983685312	0.8016314688
130	13.0000000000	0.2001520438	0.7998479562
131	13.1000000000	0.2019157182	0.7980842818
132	13.2000000000	0.2036590664	0.7963409336
133	13.3000000000	0.2053816058	0.7946183942
134	13.4000000000	0.2070828598	0.7929171402
135	13.5000000000	0.2087623575	0.7912376425
136	13.6000000000	0.2104196340	0.7895803660
137	13.7000000000	0.2120542308	0.7879457692
138	13.8000000000	0.2136656955	0.7863343045
139	13.9000000000	0.2152535819	0.7847464181
140	14.0000000000	0.2168174508	0.7831825492
141	14.1000000000	0.2183568693	0.7816431307
142	14.2000000000	0.2198714113	0.7801285887
143	14.3000000000	0.2213606577	0.7786393423
144	14.4000000000	0.2228241963	0.7771758037
145	14.5000000000	0.2242616220	0.7757383780
146	14.6000000000	0.2256725372	0.7743274628
147	14.7000000000	0.2270565512	0.7729434488
148	14.8000000000	0.2284132810	0.7715867190
149	14.9000000000	0.2297423512	0.7702576488
150	15.0000000000	0.2310433939	0.7689566061
151	15.1000000000	0.2323160490	0.7676839510
152	15.2000000000	0.2335599644	0.7664400356
153	15.3000000000	0.2347747957	0.7652252043
154	15.4000000000	0.2359602068	0.7640397932
155	15.5000000000	0.2371158696	0.7628841304
156	15.6000000000	0.2382414642	0.7617585358
157	15.7000000000	0.2393366791	0.7606633209
158	15.8000000000	0.2404012113	0.7595987887
159	15.9000000000	0.2414347660	0.7585652340
160	16.0000000000	0.2424370573	0.7575629427
161	16.1000000000	0.2434078078	0.7565921922
162	16.2000000000	0.2443467488	0.7556532512
163	16.3000000000	0.2452536204	0.7547463796
164	16.4000000000	0.2461281717	0.7538718283
165	16.5000000000	0.2469701606	0.7530298394
166	16.6000000000	0.2477793541	0.7522206459
167	16.7000000000	0.2485555282	0.7514444718
168	16.8000000000	0.2492984682	0.7507015318
169	16.9000000000	0.2500079683	0.7499920317
170	17.0000000000	0.2506838324	0.7493161676
171	17.1000000000	0.2513258732	0.7486741268
172	17.2000000000	0.2519339132	0.7480660868
173	17.3000000000	0.2525077840	0.7474922160
174	17.4000000000	0.2530473268	0.7469526732
175	17.5000000000	0.2535523923	0.7464476077
176	17.6000000000	0.2540228407	0.7459771593
177	17.7000000000	0.2544585418	0.7455414582
178	17.8000000000	0.2548593751	0.7451406249
179	17.9000000000	0.2552252295	0.7447747705
180	18.0000000000	0.2555560039	0.7444439961
181	18.1000000000	0.2558516067	0.7441483933
182	18.2000000000	0.2561119561	0.7438880439
183	18.3000000000	0.2563369800	0.7436630200
184	18.4000000000	0.2565266161	0.7434733839
185	18.5000000000	0.2566808120	0.7433191880
186	18.6000000000	0.2567995251	0.7432004749
187	18.7000000000	0.2568827223	0.7431172777
188	18.8000000000	0.2569303808	0.7430696192
189	18.9000000000	0.2569424873	0.7430575127
190	19.0000000000	0.2569190385	0.7430809615
191	19.1000000000	0.2568600409	0.7431399591
192	19.2000000000	0.2567655107	0.7432344893
193	19.3000000000	0.2566354742	0.7433645258
194	19.4000000000	0.2564699674	0.7435300326
195	19.5000000000	0.2562690359	0.7437309641
196	19.6000000000	0.2560327356	0.7439672644
197	19.7000000000	0.2557611317	0.7442388683
198	19.8000000000	0.2554542995	0.7445457005
199	19.9000000000	0.2551123237	0.7448876763
200	20.0000000000	0.2547352992	0.7452647008
201	20.1000000000	0.2543233302	0.7456766698
202	20.2000000000	0.2538765308	0.7461234692
203	20.3000000000	0.2533950245	0.7466049755
204	20.4000000000	0.2528789447	0.7471210553
205	20.5000000000	0.2523284342	0.7476715658
206	20.6000000000	0.2517436454	0.7482563546
207	20.7000000000	0.2511247401	0.7488752599
208	20.8000000000	0.2504718895	0.7495281105
209	20.9000000000	0.2497852744	0.7502147256
210	21.0000000000	0.2490650848	0.7509349152
211	21.1000000000	0.2483115200	0.7516884800
212	21.2000000000	0.2475247886	0.7524752114
213	21.3000000000	0.2467051082	0.7532948918
214	21.4000000000	0.2458527058	0.7541472942
215	21.5000000000	0.2449678173	0.7550321827
216	21.6000000000	0.2440506875	0.7559493125
217	21.7000000000	0.2431015703	0.7568984297
218	21.8000000000	0.2421207283	0.7578792717
219	21.9000000000	0.2411084331	0.7588915669
220	22.0000000000	0.2400649647	0.7599350353
221	22.1000000000	0.2389906120	0.7610093880
222	22.2000000000	0.2378856723	0.7621143277
223	22.3000000000	0.2367504514	0.7632495486
224	22.4000000000	0.2355852634	0.7644147366
225	22.5000000000	0.2343904309	0.7656095691
226	22.6000000000	0.2331662846	0.7668337154
227	22.7000000000	0.2319131631	0.7680868369
228	22.8000000000	0.2306314134	0.7693685866
229	22.9000000000	0.2293213901	0.7706786099
230	23.0000000000	0.2279834559	0.7720165441
231	23.1000000000	0.2266179810	0.7733820190
232	23.2000000000	0.2252253433	0.7747746567
233	23.3000000000	0.2238059282	0.7761940718
234	23.4000000000	0.2223601286	0.7776398714
235	23.5000000000	0.2208883446	0.7791116554
236	23.6000000000	0.2193909835	0.7806090165
237	23.7000000000	0.2178684598	0.7821315402
238	23.8000000000	0.2163211948	0.7836788052
239	23.9000000000	0.2147496167	0.7852503833
240	24.0000000000	0.2131541605	0.7868458395
241	24.1000000000	0.2115352677	0.7884647323
242	24.2000000000	0.2098933863	0.7901066137
243	24.3000000000	0.2082289709	0.7917710291
244	24.4000000000	0.2065424819	0.7934575181
245	24.5000000000	0.2048343862	0.7951656138
246	24.6000000000	0.2031051565	0.7968948435
247	24.7000000000	0.2013552714	0.7986447286
248	24.8000000000	0.1995852151	0.8004147849
249	24.9000000000	0.1977954775	0.8022045225
250	25.0000000000	0.1959865540	0.8040134460
251	25.1000000000	0.1941589452	0.8058410548
252	25.2000000000	0.1923131569	0.8076868431
253	25.3000000000	0.1904497000	0.8095503000
254	25.4000000000	0.1885690900	0.8114309100
255	25.5000000000	0.1866718477	0.8133281523
256	25.6000000000	0.1847584979	0.8152415021
257	25.7000000000	0.1828295702	0.8171704298
258	25.8000000000	0.1808855986	0.8191144014
259	25.9000000000	0.1789271209	0.8210728791
260	26.0000000000	0.1769546793	0.8230453207
261	26.1000000000	0.1749688195	0.8250311805
262	26.2000000000	0.1729700913	0.8270299087
263	26.3000000000	0.1709590478	0.8290409522
264	26.4000000000	0.1689362454	0.8310637546
265	26.5000000000	0.1669022442	0.8330977558
266	26.6000000000	0.1648576069	0.8351423931
267	26.7000000000	0.1628028995	0.8371971005
268	26.8000000000	0.1607386907	0.8392613093
269	26.9000000000	0.1586655516	0.8413344484
270	27.0000000000	0.1565840561	0.8434159439
271	27.1000000000	0.1544947802	0.8455052198
272	27.2000000000	0.1523983022	0.8476016978
273	27.3000000000	0.1502952022	0.8497047978
274	27.4000000000	0.1481860624	0.8518139376
275	27.5000000000	0.1460714664	0.8539285336
276	27.6000000000	0.1439519994	0.8560480006
277	27.7000000000	0.1418282481	0.8581717519
278	27.8000000000	0.1397008002	0.8602991998
279	27.9000000000	0.1375702446	0.8624297554
280	28.0000000000	0.1354371707	0.8645628293
281	28.1000000000	0.1333021691	0.8666978309
282	28.2000000000	0.1311658305	0.8688341695
283	28.3000000000	0.1290287462	0.8709712538
284	28.4000000000	0.1268915077	0.8731084923
285	28.5000000000	0.1247547065	0.8752452935
286	28.6000000000	0.1226189339	0.8773810661
287	28.7000000000	0.1204847811	0.8795152189
288	28.8000000000	0.1183528386	0.8816471614
289	28.9000000000	0.1162236965	0.8837763035
290	29.0000000000	0.1140979441	0.8859020559
291	29.1000000000	0.1119761697	0.8880238303
292	29.2000000000	0.1098589605	0.8901410395
293	29.3000000000	0.1077469024	0.8922530976
294	29.4000000000	0.1056405800	0.8943594200
295	29.5000000000	0.1035405762	0.8964594238
296	29.6000000000	0.1014474723	0.8985525277
297	29.7000000000	0.0993618474	0.9006381526
298	29.8000000000	0.0972842789	0.9027157211
299	29.9000000000	0.0952153416	0.9047846584
300	30.0000000000	0.0931556082	0.9068443918
301	30.1000000000	0.0911056488	0.9088943512
302	30.2000000000	0.0890660306	0.9109339694
303	30.3000000000	0.0870373182	0.9129626818
304	30.4000000000	0.0850200730	0.9149799270
305	30.5000000000	0.0830148532	0.9169851468
306	30.6000000000	0.0810222140	0.9189777860
307	30.7000000000	0.0790427067	0.9209572933
308	30.8000000000	0.0770768792	0.9229231208
309	30.9000000000	0.0751252755	0.9248747245
310	31.0000000000	0.0731884358	0.9268115642
311	31.1000000000	0.0712668960	0.9287331040
312	31.2000000000	0.0693611881	0.9306388119
313	31.3000000000	0.0674718394	0.9325281606
314	31.4000000000	0.0655993728	0.9344006272
315	31.5000000000	0.0637443065	0.9362556935
316	31.6000000000	0.0619071540	0.9380928460
317	31.7000000000	0.0600884236	0.9399115764
318	31.8000000000	0.0582886188	0.9417113812
319	31.9000000000	0.0565082376	0.9434917624
320	32.0000000000	0.0547477727	0.9452522273
321	32.1000000000	0.0530077115	0.9469922885
322	32.2000000000	0.0512885354	0.9487114646
323	32.3000000000	0.0495907203	0.9504092797
324	32.4000000000	0.0479147360	0.9520852640
325	32.5000000000	0.0462610464	0.9537389536
326	32.6000000000	0.0446301091	0.9553698909
327	32.7000000000	0.0430223756	0.9569776244
328	32.8000000000	0.0414382908	0.9585617092
329	32.9000000000	0.0398782930	0.9601217070
330	33.0000000000	0.0383428141	0.9616571859
331	33.1000000000	0.0368322790	0.9631677210
332	33.2000000000	0.0353471057	0.9646528943
333	33.3000000000	0.0338877053	0.9661122947
334	33.4000000000	0.0324544816	0.9675455184
335	33.5000000000	0.0310478314	0.9689521686
336	33.6000000000	0.0296681439	0.9703318561
337	33.7000000000	0.0283158010	0.9716841990
338	33.8000000000	0.0269911769	0.9730088231
339	33.9000000000	0.0256946382	0.9743053618
340	34.0000000000	0.0244265438	0.9755734562
341	34.1000000000	0.0231872446	0.9768127554
342	34.2000000000	0.0219770837	0.9780229163
343	34.3000000000	0.0207963958	0.9792036042
344	34.4000000000	0.0196455078	0.9803544922
345	34.5000000000	0.0185247383	0.9814752617
346	34.6000000000	0.0174343973	0.9825656027
347	34.7000000000	0.0163747867	0.9836252133
348	34.8000000000	0.0153461997	0.9846538003
349	34.9000000000	0.0143489210	0.9856510790
350	35.0000000000	0.0133832265	0.9866167735
351	35.1000000000	0.0124493836	0.9875506164
352	35.2000000000	0.0115476506	0.9884523494
353	35.3000000000	0.0106782772	0.9893217228
354	35.4000000000	0.0098415040	0.9901584960
355	35.5000000000	0.0090375625	0.9909624375
356	35.6000000000	0.0082666752	0.9917333248
357	35.7000000000	0.0075290556	0.9924709444
358	35.8000000000	0.0068249076	0.9931750924
359	35.9000000000	0.0061544263	0.9938455737
360	36.0000000000	0.0055177971	0.9944822029
361	36.1000000000	0.0049151963	0.9950848037
362	36.2000000000	0.0043467906	0.9956532094
363	36.3000000000	0.0038127373	0.9961872627
364	36.4000000000	0.0033131843	0.9966868157
365	36.5000000000	0.0028482698	0.9971517302
366	36.6000000000	0.0024181225	0.9975818775
367	36.7000000000	0.0020228613	0.9979771387
368	36.8000000000	0.0016625958	0.9983374042
369	36.9000000000	0.0013374256	0.9986625744
370	37.0000000000	0.0010474407	0.9989525593
371	37.1000000000	0.0007927214	0.9992072786
372	37.2000000000	0.0005733381	0.9994266619
373	37.3000000000	0.0003893516	0.9996106484
374	37.4000000000	0.0002408128	0.9997591872
375	37.5000000000	0.0001277628	0.9998722372
376	37.6000000000	0.0000502328	0.9999497672
