0.0	0.0036260615	0.9963739385
0.2	0.0036359911	0.9963640089
0.4	0.0036506005	0.9963493995
0.6	0.0036719347	0.9963280653
0.8	0.0037023429	0.9962976571
1.0	0.0037444726	0.9962555274
1.2	0.0038012623	0.9961987377
1.4	0.0038759342	0.9961240658
1.6	0.0039719851	0.9960280149
1.8	0.0040931771	0.9959068229
2.0	0.0042435281	0.9957564719
2.2	0.0044273007	0.9955726993
2.4	0.0046489909	0.9953510091
2.6	0.0049133162	0.9950866838
2.8	0.0052252029	0.9947747971
3.0	0.0055897729	0.9944102271
3.2	0.0060123302	0.9939876698
3.4	0.0064983464	0.9935016536
3.6	0.0070534463	0.9929465537
3.8	0.0076833922	0.9923166078
4.0	0.0083940689	0.9916059311
4.2	0.0091914675	0.9908085325
4.4	0.0100816691	0.9899183309
4.6	0.0110708283	0.9889291717
4.8	0.0121651563	0.9878348437
5.0	0.0133709042	0.9866290958
5.2	0.0146943451	0.9853056549
5.4	0.0161417574	0.9838582426
5.6	0.0177194072	0.9822805928
5.8	0.0194335303	0.9805664697
6.0	0.0212903157	0.9787096843
6.2	0.0232958871	0.9767041129
6.4	0.0254562861	0.9745437139
6.6	0.0277774548	0.9722225452
6.8	0.0302652186	0.9697347814
7.0	0.0329252695	0.9670747305
7.2	0.0357631489	0.9642368511
7.4	0.0387842318	0.9612157682
7.6	0.0419937103	0.9580062897
7.8	0.0453965782	0.9546034218
8.0	0.0489976152	0.9510023848
8.2	0.0528013725	0.9471986275
8.4	0.0568121579	0.9431878421
8.6	0.0610340224	0.9389659776
8.8	0.0654707462	0.9345292538
9.0	0.0701258262	0.9298741738
9.2	0.0750024639	0.9249975361
9.4	0.0801035535	0.9198964465
9.6	0.0854316712	0.9145683288
9.8	0.0909890646	0.9090109354
10.0	0.0967776436	0.9032223564
10.2	0.1027989715	0.8972010285
10.4	0.1090542566	0.8909457434
10.6	0.1155443452	0.8844556548
10.8	0.1222697152	0.8777302848
11.0	0.1292304703	0.8707695297
11.2	0.1364263352	0.8635736648
11.4	0.1438566515	0.8561433485
11.6	0.1515203748	0.8484796252
11.8	0.1594160722	0.8405839278
12.0	0.1675419209	0.8324580791
12.2	0.1758957079	0.8241042921
12.4	0.1844748301	0.8155251699
12.6	0.1932762953	0.8067237047
12.8	0.2022967248	0.7977032752
13.0	0.2115323563	0.7884676437
13.2	0.2209790470	0.7790209530
13.4	0.2306322794	0.7693677206
13.6	0.2404871658	0.7595128342
13.8	0.2505384556	0.7494615444
14.0	0.2607805415	0.7392194585
14.2	0.2712074686	0.7287925314
14.4	0.2818129425	0.7181870575
14.6	0.2925903389	0.7074096611
14.8	0.3035327144	0.6964672856
15.0	0.3146328172	0.6853671828
15.2	0.3258830991	0.6741169009
15.4	0.3372757276	0.6627242724
15.6	0.3488025997	0.6511974003
15.8	0.3604553551	0.6395446449
16.0	0.3722253908	0.6277746092
16.2	0.3841038759	0.6158961241
16.4	0.3960817673	0.6039182327
16.6	0.4081498253	0.5918501747
16.8	0.4202986306	0.5797013694
17.0	0.4325186003	0.5674813997
17.2	0.4448000061	0.5551999939
17.4	0.4571329912	0.5428670088
17.6	0.4695075885	0.5304924115
17.8	0.4819137388	0.5180862612
18.0	0.4943413091	0.5056586909
18.2	0.5067801112	0.4932198888
18.4	0.5192199207	0.4807800793
18.6	0.5316504955	0.4683495045
18.8	0.5440615950	0.4559384050
19.0	0.5564429991	0.4435570009
19.2	0.5687845266	0.4312154734
19.4	0.5810760549	0.4189239451
19.6	0.5933075382	0.4066924618
19.8	0.6054690260	0.3945309740
20.0	0.6175506820	0.3824493180
20.2	0.6295428021	0.3704571979
20.4	0.6414358322	0.3585641678
20.6	0.6532203858	0.3467796142
20.8	0.6648872616	0.3351127384
21.0	0.6764274600	0.3235725400
21.2	0.6878321995	0.3121678005
21.4	0.6990929331	0.3009070669
21.6	0.7102013633	0.2897986367
21.8	0.7211494575	0.2788505425
22.0	0.7319294619	0.2680705381
22.2	0.7425339154	0.2574660846
22.4	0.7529556631	0.2470443369
22.6	0.7631878682	0.2368121318
22.8	0.7732240240	0.2267759760
23.0	0.7830579652	0.2169420348
23.2	0.7926838778	0.2073161222
23.4	0.8020963088	0.1979036912
23.6	0.8112901752	0.1887098248
23.8	0.8202607715	0.1797392285
24.0	0.8290037772	0.1709962228
24.2	0.8375152628	0.1624847372
24.4	0.8457916954	0.1542083046
24.6	0.8538299432	0.1461700568
24.8	0.8616272792	0.1383727208
25.0	0.8691813839	0.1308186161
25.2	0.8764903473	0.1235096527
25.4	0.8835526700	0.1164473300
25.6	0.8903672628	0.1096327372
25.8	0.8969334468	0.1030665532
26.0	0.9032509507	0.0967490493
26.2	0.9093199090	0.0906800910
26.4	0.9151408581	0.0848591419
26.6	0.9207147322	0.0792852678
26.8	0.9260428578	0.0739571422
27.0	0.9311269479	0.0688730521
27.2	0.9359690951	0.0640309049
27.4	0.9405717636	0.0594282364
27.6	0.9449377809	0.0550622191
27.8	0.9490703284	0.0509296716
28.0	0.9529729311	0.0470270689
28.2	0.9566494471	0.0433505529
28.4	0.9601040560	0.0398959440
28.6	0.9633412464	0.0366587536
28.8	0.9663658031	0.0336341969
29.0	0.9691827938	0.0308172062
29.2	0.9717975544	0.0282024456
29.4	0.9742156750	0.0257843250
29.6	0.9764429842	0.0235570158
29.8	0.9784855332	0.0215144668
30.0	0.9803495802	0.0196504198
30.2	0.9820415731	0.0179584269
30.4	0.9835681330	0.0164318670
30.6	0.9849360364	0.0150639636
30.8	0.9861521978	0.0138478022
31.0	0.9872236518	0.0127763482
31.2	0.9881575346	0.0118424654
31.4	0.9889610660	0.0110389340
31.6	0.9896415305	0.0103584695
31.8	0.9902062591	0.0097937409
32.0	0.9906626104	0.0093373896
32.2	0.9910179522	0.0089820478
32.4	0.9912796423	0.0087203577
32.6	0.9914550105	0.0085449895
32.8	0.9915513398	0.0084486602
33.0	0.9915758484	0.0084241516
33.2	0.9915356712	0.0084643288
33.4	0.9914378423	0.0085621577
33.6	0.9912892771	0.0087107229
33.8	0.9910967554	0.0089032446
34.0	0.9908669042	0.0091330958
34.2	0.9906061814	0.0093938186
34.4	0.9903208597	0.0096791403
34.6	0.9900170109	0.0099829891
34.8	0.9897004909	0.0102995091
35.0	0.9893769255	0.0106230745
35.2	0.9890516957	0.0109483043
35.4	0.9887299252	0.0112700748
35.6	0.9884164674	0.0115835326
35.8	0.9881158930	0.0118841070
36.0	0.9878324793	0.0121675207
36.2	0.9875701995	0.0124298005
36.4	0.9873327122	0.0126672878
36.6	0.9871233535	0.0128766465
36.8	0.9869451275	0.0130548725
37.0	0.9868006998	0.0131993002
37.2	0.9866923904	0.0133076096
37.4	0.9866221681	0.0133778319
37.6	0.9865916453	0.0134083547
