0.0	0.0119730116	0.9880269884
0.2	0.0119575095	0.9880424905
0.4	0.0119491116	0.9880508884
0.6	0.0119450602	0.9880549398
0.8	0.0119430048	0.9880569952
1.0	0.0119410093	0.9880589907
1.2	0.0119375583	0.9880624417
1.4	0.0119315612	0.9880684388
1.6	0.0119223557	0.9880776443
1.8	0.0119097095	0.9880902905
2.0	0.0118938209	0.9881061791
2.2	0.0118753177	0.9881246823
2.4	0.0118552551	0.9881447449
2.6	0.0118351119	0.9881648881
2.8	0.0118167858	0.9881832142
3.0	0.0118025867	0.9881974133
3.2	0.0117952294	0.9882047706
3.4	0.0117978245	0.9882021755
3.6	0.0118138682	0.9881861318
3.8	0.0118472310	0.9881527690
4.0	0.0119021449	0.9880978551
4.2	0.0119831897	0.9880168103
4.4	0.0120952781	0.9879047219
4.6	0.0122436396	0.9877563604
4.8	0.0124338035	0.9875661965
5.0	0.0126715809	0.9873284191
5.2	0.0129630460	0.9870369540
5.4	0.0133145155	0.9866854845
5.6	0.0137325291	0.9862674709
5.8	0.0142238270	0.9857761730
6.0	0.0147953286	0.9852046714
6.2	0.0154541095	0.9845458905
6.4	0.0162073780	0.9837926220
6.6	0.0170624519	0.9829375481
6.8	0.0180267339	0.9819732661
7.0	0.0191076872	0.9808923128
7.2	0.0203128105	0.9796871895
7.4	0.0216496135	0.9783503865
7.6	0.0231255912	0.9768744088
7.8	0.0247481992	0.9752518008
8.0	0.0265248281	0.9734751719
8.2	0.0284627787	0.9715372213
8.4	0.0305692370	0.9694307630
8.6	0.0328512496	0.9671487504
8.8	0.0353156991	0.9646843009
9.0	0.0379692806	0.9620307194
9.2	0.0408184777	0.9591815223
9.4	0.0438695399	0.9561304601
9.6	0.0471284598	0.9528715402
9.8	0.0506009518	0.9493990482
10.0	0.0542924309	0.9457075691
10.2	0.0582079923	0.9417920077
10.4	0.0623523923	0.9376476077
10.6	0.0667300298	0.9332699702
10.8	0.0713449284	0.9286550716
11.0	0.0762007207	0.9237992793
11.2	0.0813006318	0.9186993682
11.4	0.0866474658	0.9133525342
11.6	0.0922435923	0.9077564077
11.8	0.0980909344	0.9019090656
12.0	0.1041909578	0.8958090422
12.2	0.1105446614	0.8894553386
12.4	0.1171525692	0.8828474308
12.6	0.1240147230	0.8759852770
12.8	0.1311306770	0.8688693230
13.0	0.1384994936	0.8615005064
13.2	0.1461197402	0.8538802598
13.4	0.1539894881	0.8460105119
13.6	0.1621063120	0.8378936880
13.8	0.1704672912	0.8295327088
14.0	0.1790690123	0.8209309877
14.2	0.1879075733	0.8120924267
14.4	0.1969785886	0.8030214114
14.6	0.2062771958	0.7937228042
14.8	0.2157980634	0.7842019366
15.0	0.2255354007	0.7744645993
15.2	0.2354829676	0.7645170324
15.4	0.2456340869	0.7543659131
15.6	0.2559816569	0.7440183431
15.8	0.2665181659	0.7334818341
16.0	0.2772357072	0.7227642928
16.2	0.2881259958	0.7118740042
16.4	0.2991803854	0.7008196146
16.6	0.3103898872	0.6896101128
16.8	0.3217451890	0.6782548110
17.0	0.3332366756	0.6667633244
17.2	0.3448544496	0.6551455504
17.4	0.3565883537	0.6434116463
17.6	0.3684279926	0.6315720074
17.8	0.3803627567	0.6196372433
18.0	0.3923818456	0.6076181544
18.2	0.4044742922	0.5955257078
18.4	0.4166289878	0.5833710122
18.6	0.4288347065	0.5711652935
18.8	0.4410801313	0.5589198687
19.0	0.4533538789	0.5466461211
19.2	0.4656445258	0.5343554742
19.4	0.4779406342	0.5220593658
19.6	0.4902307773	0.5097692227
19.8	0.5025035653	0.4974964347
20.0	0.5147476711	0.4852523289
20.2	0.5269518550	0.4730481450
20.4	0.5391049905	0.4608950095
20.6	0.5511960884	0.4488039116
20.8	0.5632143214	0.4367856786
21.0	0.5751490475	0.4248509525
21.2	0.5869898333	0.4130101667
21.4	0.5987264768	0.4012735232
21.6	0.6103490287	0.3896509713
21.8	0.6218478138	0.3781521862
22.0	0.6332134515	0.3667865485
22.2	0.6444368744	0.3555631256
22.4	0.6555093475	0.3444906525
22.6	0.6664224854	0.3335775146
22.8	0.6771682686	0.3228317314
23.0	0.6877390591	0.3122609409
23.2	0.6981276143	0.3018723857
23.4	0.7083271007	0.2916728993
23.6	0.7183311050	0.2816688950
23.8	0.7281336456	0.2718663544
24.0	0.7377291813	0.2622708187
24.2	0.7471126201	0.2528873799
24.4	0.7562793255	0.2437206745
24.6	0.7652251224	0.2347748776
24.8	0.7739463013	0.2260536987
25.0	0.7824396211	0.2175603789
25.2	0.7907023106	0.2092976894
25.4	0.7987320689	0.2012679311
25.6	0.8065270641	0.1934729359
25.8	0.8140859310	0.1859140690
26.0	0.8214077672	0.1785922328
26.2	0.8284921283	0.1715078717
26.4	0.8353390210	0.1646609790
26.6	0.8419488961	0.1580511039
26.8	0.8483226392	0.1516773608
27.0	0.8544615610	0.1455384390
27.2	0.8603673855	0.1396326145
27.4	0.8660422384	0.1339577616
27.6	0.8714886330	0.1285113670
27.8	0.8767094558	0.1232905442
28.0	0.8817079514	0.1182920486
28.2	0.8864877053	0.1135122947
28.4	0.8910526270	0.1089473730
28.6	0.8954069317	0.1045930683
28.8	0.8995551212	0.1004448788
29.0	0.9035019639	0.0964980361
29.2	0.9072524746	0.0927475254
29.4	0.9108118936	0.0891881064
29.6	0.9141856647	0.0858143353
29.8	0.9173794132	0.0826205868
30.0	0.9203989238	0.0796010762
30.2	0.9232501173	0.0767498827
30.4	0.9259390276	0.0740609724
30.6	0.9284717787	0.0715282213
30.8	0.9308545608	0.0691454392
31.0	0.9330936074	0.0669063926
31.2	0.9351951712	0.0648048288
31.4	0.9371655013	0.0628344987
31.6	0.9390108195	0.0609891805
31.8	0.9407372979	0.0592627021
32.0	0.9423510356	0.0576489644
32.2	0.9438580368	0.0561419632
32.4	0.9452641888	0.0547358112
32.6	0.9465752407	0.0534247593
32.8	0.9477967827	0.0522032173
33.0	0.9489342257	0.0510657743
33.2	0.9499927819	0.0500072181
33.4	0.9509774466	0.0490225534
33.6	0.9518929796	0.0481070204
33.8	0.9527438887	0.0472561113
34.0	0.9535344133	0.0464655867
34.2	0.9542685094	0.0457314906
34.4	0.9549498358	0.0450501642
34.6	0.9555817405	0.0444182595
34.8	0.9561672492	0.0438327508
35.0	0.9567090540	0.0432909460
35.2	0.9572095045	0.0427904955
35.4	0.9576705988	0.0423294012
35.6	0.9580939761	0.0419060239
35.8	0.9584809115	0.0415190885
36.0	0.9588323105	0.0411676895
36.2	0.9591487060	0.0408512940
36.4	0.9594302561	0.0405697439
36.6	0.9596767432	0.0403232568
36.8	0.9598875744	0.0401124256
37.0	0.9600617833	0.0399382167
37.2	0.9601980331	0.0398019669
37.4	0.9602946209	0.0397053791
37.6	0.9603494832	0.0396505168
