0.0	0.0001620355
0.1	0.0001621381
0.2	0.0001622870
0.3	0.0001622700
0.4	0.0001619157
0.5	0.0001610553
0.6	0.0001595250
0.7	0.0001571696
0.8	0.0001538466
0.9	0.0001494322
1.0	0.0001438266
1.1	0.0001369615
1.2	0.0001288072
1.3	0.0001193807
1.4	0.0001087553
1.5	0.0000970691
1.6	0.0000845356
1.7	0.0000957391
1.8	0.0001126062
1.9	0.0001335966
2.0	0.0001594207
2.1	0.0001904121
2.2	0.0002274481
2.3	0.0002715182
2.4	0.0003237321
2.5	0.0003853269
2.6	0.0004576745
2.7	0.0005422887
2.8	0.0006408316
2.9	0.0007551202
3.0	0.0008871314
3.1	0.0010390079
3.2	0.0012130626
3.3	0.0014117824
3.4	0.0016378315
3.5	0.0018940542
3.6	0.0021834764
3.7	0.0025093067
3.8	0.0028749364
3.9	0.0032839385
4.0	0.0037531316
4.1	0.0042884877
4.2	0.0048840037
4.3	0.0055444451
4.4	0.0062747636
4.5	0.0070800896
4.6	0.0079657235
4.7	0.0089371263
4.8	0.0099999085
4.9	0.0111598177
5.0	0.0124227259
5.1	0.0137946145
5.2	0.0152815591
5.3	0.0168897126
5.4	0.0186809386
5.5	0.0206512640
5.6	0.0227745736
5.7	0.0250579574
5.8	0.0275084926
5.9	0.0301332190
6.0	0.0329391131
6.1	0.0359330614
6.2	0.0391218334
6.3	0.0425120529
6.4	0.0461101701
6.5	0.0499224322
6.6	0.0539548539
6.7	0.0583921863
6.8	0.0631296044
6.9	0.0681276090
7.0	0.0733918979
7.1	0.0789277601
7.2	0.0847400429
7.3	0.0908331183
7.4	0.0972108510
7.5	0.1038765659
7.6	0.1108330178
7.7	0.1180823601
7.8	0.1256261167
7.9	0.1334651532
8.0	0.1415996506
8.1	0.1500290796
8.2	0.1587521772
8.3	0.1677669246
8.4	0.1770705265
8.5	0.1866593931
8.6	0.1965291235
8.7	0.2066744913
8.8	0.2170894327
8.9	0.2277670366
9.0	0.2386995373
9.1	0.2498783092
9.2	0.2612938647
9.3	0.2729358544
9.4	0.2847930696
9.5	0.2968534482
9.6	0.3091040828
9.7	0.3215312316
9.8	0.3341203325
9.9	0.3468560195
10.0	0.3597221425
10.1	0.3727017889
10.2	0.3857773095
10.3	0.3989303456
10.4	0.4121418597
10.5	0.4253921690
10.6	0.4386609810
10.7	0.4519274317
10.8	0.4651701270
10.9	0.4783671854
11.0	0.4914962844
11.1	0.5045347073
11.2	0.5174593942
11.3	0.5302469932
11.4	0.5428739145
11.5	0.5553163857
11.6	0.5675505093
11.7	0.5795523209
11.8	0.5912978491
11.9	0.6027631764
12.0	0.6139245015
12.1	0.6247582014
12.2	0.6352408950
12.3	0.6453495069
12.4	0.6550613312
12.5	0.6643540957
12.6	0.6732060254
12.7	0.6815959064
12.8	0.6895031488
12.9	0.6969078490
13.0	0.7037908510
13.1	0.7101338066
13.2	0.7159192347
13.3	0.7211305785
13.4	0.7257522613
13.5	0.7297697406
13.6	0.7331695596
13.7	0.7359393973
13.8	0.7380681157
13.9	0.7395458041
14.0	0.7403638214
14.1	0.7405148353
14.2	0.7399928580
14.3	0.7387932793
14.4	0.7369128963
14.5	0.7343499396
14.6	0.7311040955
14.7	0.7271765259
14.8	0.7225698828
14.9	0.7172883202
15.0	0.7113375019
15.1	0.7047246047
15.2	0.6974583187
15.3	0.6895488425
15.4	0.6810078751
15.5	0.6718486035
15.6	0.6620856861
15.7	0.6517352324
15.8	0.6408147780
15.9	0.6293432566
16.0	0.6173409671
16.1	0.6048295374
16.2	0.5918318841
16.3	0.5783721686
16.4	0.5644757494
16.5	0.5501691315
16.6	0.5354799111
16.7	0.5204367183
16.8	0.5050691560
16.9	0.4894077359
17.0	0.4734838119
17.1	0.4573295103
17.2	0.4409776581
17.3	0.4244617084
17.4	0.4078156644
17.5	0.3910740009
17.6	0.3742715839
17.7	0.3574435898
17.8	0.3406254218
17.9	0.3238526267
18.0	0.3071608096
18.1	0.2905855490
18.2	0.2741623110
18.3	0.2579263632
18.4	0.2419126896
18.5	0.2261559046
18.6	0.2106901686
18.7	0.1955491037
18.8	0.1807657111
18.9	0.1663722893
19.0	0.1524003538
19.1	0.1388805588
19.2	0.1258426210
19.3	0.1133152446
19.4	0.1013260503
19.5	0.0899015054
19.6	0.0790668571
19.7	0.0688460698
19.8	0.0592617635
19.9	0.0503351578
20.0	0.0420860175
20.1	0.0345326031
20.2	0.0276916245
20.3	0.0215781987
20.4	0.0162058116
20.5	0.0115862839
20.6	0.0077297412
20.7	0.0046445889
20.8	0.0023374904
20.9	0.0008133510
21.0	0.0000753056
21.1	0.0004382327
21.2	0.0014358685
21.3	0.0030938065
21.4	0.0054009090
21.5	0.0084654944
21.6	0.0122644244
21.7	0.0168097699
21.8	0.0222604875
21.9	0.0284460961
22.0	0.0353523586
22.1	0.0429634320
22.2	0.0512619080
22.3	0.0602288584
22.4	0.0698438834
22.5	0.0800851636
22.6	0.0909295166
22.7	0.1023524554
22.8	0.1143282513
22.9	0.1268299992
23.0	0.1398296854
23.1	0.1532982592
23.2	0.1672057054
23.3	0.1815211202
23.4	0.1962127887
23.5	0.2112482638
23.6	0.2265944475
23.7	0.2422176728
23.8	0.2580837868
23.9	0.2741582354
24.0	0.2904061472
24.1	0.3067924194
24.2	0.3232818027
24.3	0.3398389869
24.4	0.3564286851
24.5	0.3730157191
24.6	0.3895651021
24.7	0.4060421218
24.8	0.4224124217
24.9	0.4386420811
25.0	0.4546976930
25.1	0.4705464413
25.2	0.4861561744
25.3	0.5014954779
25.4	0.5165337440
25.5	0.5312412385
25.6	0.5455891655
25.7	0.5595497283
25.8	0.5730961881
25.9	0.5862029186
26.0	0.5988454580
26.1	0.6110005571
26.2	0.6226462238
26.3	0.6337617642
26.4	0.6443278198
26.5	0.6543264006
26.6	0.6637409148
26.7	0.6725561940
26.8	0.6807585150
26.9	0.6883356170
27.0	0.6952767154
27.1	0.7015725110
27.2	0.7072151953
27.3	0.7121984525
27.4	0.7165174563
27.5	0.7201688641
27.6	0.7231508064
27.7	0.7254628729
27.8	0.7271060946
27.9	0.7280829228
28.0	0.7283972038
28.1	0.7280541512
28.2	0.7270603139
28.3	0.7254235416
28.4	0.7231529473
28.5	0.7202588664
28.6	0.7167528136
28.7	0.7126474372
28.8	0.7079564705
28.9	0.7026946817
29.0	0.6968778211
29.1	0.6905225668
29.2	0.6836464687
29.3	0.6762678909
29.4	0.6684059524
29.5	0.6600804675
29.6	0.6513118848
29.7	0.6421212251
29.8	0.6325300194
29.9	0.6225602463
30.0	0.6122342689
30.1	0.6015747724
30.2	0.5906047011
30.3	0.5793471963
30.4	0.5678255350
30.5	0.5560630684
30.6	0.5440831623
30.7	0.5319091383
30.8	0.5195642157
30.9	0.5070714554
31.0	0.4944537053
31.1	0.4817335470
31.2	0.4689332447
31.3	0.4560746955
31.4	0.4431793828
31.5	0.4302683304
31.6	0.4173620603
31.7	0.4044805517
31.8	0.3916432030
31.9	0.3788687966
32.0	0.3661754654
32.1	0.3535806627
32.2	0.3411011345
32.3	0.3287528942
32.4	0.3165512007
32.5	0.3045105384
32.6	0.2926446011
32.7	0.2809662770
32.8	0.2694876384
32.9	0.2582199322
33.0	0.2471735747
33.1	0.2363581478
33.2	0.2257823989
33.3	0.2154542421
33.4	0.2053807631
33.5	0.1955682257
33.6	0.1860220811
33.7	0.1767469789
33.8	0.1677467812
33.9	0.1590245776
34.0	0.1505827031
34.1	0.1424227573
34.2	0.1345456257
34.3	0.1269515025
34.4	0.1196399147
34.5	0.1126097479
34.6	0.1058592734
34.7	0.0993861758
34.8	0.0931875829
34.9	0.0872600948
35.0	0.0815998152
35.1	0.0762023828
35.2	0.0710630026
35.3	0.0661764787
35.4	0.0615372466
35.5	0.0571394054
35.6	0.0529767511
35.7	0.0490428081
35.8	0.0453308622
35.9	0.0418339920
36.0	0.0385451003
36.1	0.0354569449
36.2	0.0325621687
36.3	0.0298533289
36.4	0.0273229259
36.5	0.0249634302
36.6	0.0227673093
36.7	0.0207270527
36.8	0.0188351968
36.9	0.0170843472
37.0	0.0154672007
37.1	0.0139765656
37.2	0.0126053811
37.3	0.0113467343
37.4	0.0101938767
37.5	0.0091402391
37.6	0.0081794446
37.7	0.0073053206
37.8	0.0065119091
37.9	0.0057934754
38.0	0.0051445162
38.1	0.0045597646
38.2	0.0040341957
38.3	0.0035630293
38.4	0.0031417320
38.5	0.0027660180
38.6	0.0024318482
38.7	0.0021354287
38.8	0.0018732079
38.9	0.0016418722
39.0	0.0014383415
39.1	0.0012597631
39.2	0.0011035051
39.3	0.0009671487
39.4	0.0008484800
39.5	0.0007454812
39.6	0.0006563216
39.7	0.0005793470
39.8	0.0005130701
39.9	0.0004561598
40.0	0.0004074305
40.1	0.0003658313
40.2	0.0003304347
40.3	0.0003004267
40.4	0.0002750951
40.5	0.0002538195
40.6	0.0002360609
40.7	0.0002213516
40.8	0.0002092863
40.9	0.0001995122
41.0	0.0001917212
41.1	0.0001856417
41.2	0.0001810313
41.3	0.0001776704
41.4	0.0001753564
41.5	0.0001738985
41.6	0.0001731137
41.7	0.0001728232
41.8	0.0001728503
41.9	0.0001730183
42.0	0.0001730896
