0.0	0.1822848483
0.1	0.1823150146
0.2	0.1823905404
0.3	0.1825234259
0.4	0.1827134220
0.5	0.1829602584
0.6	0.1832636420
0.7	0.1836232575
0.8	0.1840387660
0.9	0.1845098043
1.0	0.1850359846
1.1	0.1856168934
1.2	0.1862520905
1.3	0.1869411083
1.4	0.1876834507
1.5	0.1884785922
1.6	0.1893259767
1.7	0.1902250165
1.8	0.1911750912
1.9	0.1921755466
2.0	0.1932256933
2.1	0.1943248060
2.2	0.1956260328
2.3	0.1970256865
2.4	0.1984897501
2.5	0.2000181717
2.6	0.2016108611
2.7	0.2032676879
2.8	0.2049884796
2.9	0.2067730200
3.0	0.2086210469
3.1	0.2105322507
3.2	0.2125062722
3.3	0.2145427006
3.4	0.2166410721
3.5	0.2188008671
3.6	0.2210215089
3.7	0.2233023619
3.8	0.2256427291
3.9	0.2280418507
4.0	0.2304989021
4.1	0.2330129922
4.2	0.2355831618
4.3	0.2382083814
4.4	0.2408875502
4.5	0.2436194943
4.6	0.2464029651
4.7	0.2492366382
4.8	0.2521191119
4.9	0.2550489062
5.0	0.2580244615
5.1	0.2610441381
5.2	0.2641062148
5.3	0.2672088883
5.4	0.2703502731
5.5	0.2735284007
5.6	0.2767412191
5.7	0.2799865930
5.8	0.2832623039
5.9	0.2865660499
6.0	0.2898954463
6.1	0.2932480260
6.2	0.2966212403
6.3	0.3000124597
6.4	0.3034189747
6.5	0.3068379976
6.6	0.3102666633
6.7	0.3137020312
6.8	0.3171410868
6.9	0.3205807442
7.0	0.3240178474
7.1	0.3274491733
7.2	0.3308714342
7.3	0.3342812801
7.4	0.3376753023
7.5	0.3410500357
7.6	0.3444019631
7.7	0.3477275175
7.8	0.3510230870
7.9	0.3542850176
8.0	0.3575096180
8.1	0.3606931632
8.2	0.3638318995
8.3	0.3669220484
8.4	0.3699598117
8.5	0.3729413760
8.6	0.3758629183
8.7	0.3787206103
8.8	0.3815106242
8.9	0.3842291382
9.0	0.3868723414
9.1	0.3894364400
9.2	0.3919176628
9.3	0.3943122668
9.4	0.3966165436
9.5	0.3988268249
9.6	0.4009394886
9.7	0.4029509652
9.8	0.4048577574
9.9	0.4066565437
10.0	0.4083442002
10.1	0.4099174259
10.2	0.4113730020
10.3	0.4127077976
10.4	0.4139187762
10.5	0.4150030020
10.6	0.4159576455
10.7	0.4167799904
10.8	0.4174674390
10.9	0.4180175185
11.0	0.4184278868
11.1	0.4186963384
11.2	0.4188208100
11.3	0.4187993862
11.4	0.4186303046
11.5	0.4183119619
11.6	0.4178429182
11.7	0.4172219026
11.8	0.4164478179
11.9	0.4155197451
12.0	0.4144369481
12.1	0.4131988780
12.2	0.4118051768
12.3	0.4102556816
12.4	0.4085504283
12.5	0.4066896545
12.6	0.4046738031
12.7	0.4025035248
12.8	0.4001796810
12.9	0.3977033460
13.0	0.3950758089
13.1	0.3922985757
13.2	0.3893733704
13.3	0.3863021363
13.4	0.3830870372
13.5	0.3797304573
13.6	0.3762350018
13.7	0.3726034971
13.8	0.3688389896
13.9	0.3649447458
14.0	0.3609242507
14.1	0.3567812066
14.2	0.3525195314
14.3	0.3481433562
14.4	0.3436570234
14.5	0.3390650837
14.6	0.3343722928
14.7	0.3295836085
14.8	0.3247041866
14.9	0.3197393769
15.0	0.3146947186
15.1	0.3095759362
15.2	0.3043889336
15.3	0.2991397896
15.4	0.2938347514
15.5	0.2884802295
15.6	0.2830827904
15.7	0.2776491510
15.8	0.2721861713
15.9	0.2667008471
16.0	0.2612003028
16.1	0.2669424089
16.2	0.2744969844
16.3	0.2821666047
16.4	0.2899478648
16.5	0.2978371878
16.6	0.3058308260
16.7	0.3139248630
16.8	0.3221152149
16.9	0.3303976331
17.0	0.3387677062
17.1	0.3472208625
17.2	0.3557523728
17.3	0.3643573538
17.4	0.3730307708
17.5	0.3817674413
17.6	0.3905620387
17.7	0.3994090966
17.8	0.4083030120
17.9	0.4172380507
18.0	0.4262083508
18.1	0.4352079285
18.2	0.4442306820
18.3	0.4532703977
18.4	0.4623207544
18.5	0.4713753301
18.6	0.4804276066
18.7	0.4894709761
18.8	0.4984987470
18.9	0.5075041501
19.0	0.5164803454
19.1	0.5254204279
19.2	0.5343174352
19.3	0.5431643536
19.4	0.5519541255
19.5	0.5606796563
19.6	0.5693338250
19.7	0.5779096113
19.8	0.5864001602
19.9	0.5947983247
20.0	0.6030969561
20.1	0.6112889116
20.2	0.6193670623
20.3	0.6273243005
20.4	0.6351535482
20.5	0.6428477643
20.6	0.6503999529
20.7	0.6578031709
20.8	0.6650505365
20.9	0.6721352365
21.0	0.6790505346
21.1	0.6857897794
21.2	0.6923464122
21.3	0.6987139747
21.4	0.7048861171
21.5	0.7108566060
21.6	0.7166193317
21.7	0.7221683162
21.8	0.7274977207
21.9	0.7326018530
22.0	0.7374751751
22.1	0.7421123103
22.2	0.7465080502
22.3	0.7506573622
22.4	0.7545553960
22.5	0.7581974904
22.6	0.7615791800
22.7	0.7646962018
22.8	0.7675445009
22.9	0.7701202371
23.0	0.7724197906
23.1	0.7744397675
23.2	0.7761770058
23.3	0.7804320247
23.4	0.7870462524
23.5	0.7934138986
23.6	0.7995283949
23.7	0.8053833601
23.8	0.8109726078
23.9	0.8162901550
24.0	0.8213302294
24.1	0.8260872775
24.2	0.8305559720
24.3	0.8347312189
24.4	0.8386081648
24.5	0.8421822035
24.6	0.8454489827
24.7	0.8484044106
24.8	0.8510446617
24.9	0.8533661825
25.0	0.8553656977
25.1	0.8570402149
25.2	0.8583870301
25.3	0.8594037321
25.4	0.8600882068
25.5	0.8651648381
25.6	0.8713390768
25.7	0.8772103605
25.8	0.8827725438
25.9	0.8880197442
26.0	0.8929463501
26.1	0.8975470283
26.2	0.9018167312
26.3	0.9057507036
26.4	0.9093444896
26.5	0.9125939384
26.6	0.9154952110
26.7	0.9180447852
26.8	0.9202394614
26.9	0.9220763675
27.0	0.9235529635
27.1	0.9246670457
27.2	0.9254167511
27.3	0.9258005605
27.4	0.9258173020
27.5	0.9254661538
27.6	0.9264225443
27.7	0.9319917981
27.8	0.9372168305
27.9	0.9420923265
28.0	0.9466132988
28.1	0.9507750941
28.2	0.9545733990
28.3	0.9580042466
28.4	0.9610640212
28.5	0.9637494641
28.6	0.9660576780
28.7	0.9679861313
28.8	0.9695326623
28.9	0.9706954827
29.0	0.9714731803
29.1	0.9718647225
29.2	0.9718694578
29.3	0.9714871183
29.4	0.9707178601
29.5	0.9695622724
29.6	0.9680212800
29.7	0.9660961475
29.8	0.9705193398
29.9	0.9747424338
30.0	0.9785921829
30.1	0.9820650816
30.2	0.9851580075
30.3	0.9878682257
30.4	0.9901933928
30.5	0.9921315600
30.6	0.9936811762
30.7	0.9948410907
30.8	0.9956105546
30.9	0.9959892234
31.0	0.9959771570
31.1	0.9955748215
31.2	0.9947830886
31.3	0.9936032358
31.4	0.9920369454
31.5	0.9900863036
31.6	0.9877537990
31.7	0.9850423201
31.8	0.9819551531
31.9	0.9784959790
32.0	0.9746688698
32.1	0.9704782851
32.2	0.9659290675
32.3	0.9610264379
32.4	0.9557759904
32.5	0.9501836866
32.6	0.9442558498
32.7	0.9379991583
32.8	0.9314206388
32.9	0.9245276590
33.0	0.9173279201
33.1	0.9098294488
33.2	0.9020405888
33.3	0.8939699922
33.4	0.8856266104
33.5	0.8770196847
33.6	0.8681587365
33.7	0.8590535571
33.8	0.8497141976
33.9	0.8401509580
34.0	0.8303743762
34.1	0.8203952170
34.2	0.8102244604
34.3	0.7998732897
34.4	0.7893530801
34.5	0.7786753858
34.6	0.7678519280
34.7	0.7568945822
34.8	0.7458153654
34.9	0.7346264230
35.0	0.7233400161
35.1	0.7119685079
35.2	0.7005243504
35.3	0.6890200712
35.4	0.6774682596
35.5	0.6658815531
35.6	0.6542726237
35.7	0.6426541644
35.8	0.6310388750
35.9	0.6194394486
36.0	0.6078685581
36.1	0.5963388415
36.2	0.5848628894
36.3	0.5734532303
36.4	0.5621223176
36.5	0.5508825157
36.6	0.5397460868
36.7	0.5287251774
36.8	0.5178318052
36.9	0.5070778459
37.0	0.4964750204
37.1	0.4860348817
37.2	0.4757688029
37.3	0.4656879644
37.4	0.4558033416
37.5	0.4461256934
37.6	0.4366655501
37.7	0.4274332020
37.8	0.4184386884
37.9	0.4096917863
38.0	0.4012019999
38.1	0.3929785504
38.2	0.3850303658
38.3	0.3773660712
38.4	0.3841552599
38.5	0.3972075679
38.6	0.4103776924
38.7	0.4236543956
38.8	0.4370263250
38.9	0.4504820233
39.0	0.4640099392
39.1	0.4775984381
39.2	0.4912357552
39.3	0.5049100510
39.4	0.5186094948
39.5	0.5323222402
39.6	0.5460364118
39.7	0.5597401161
39.8	0.5734214524
39.9	0.5870685239
40.0	0.6006694486
40.1	0.6142123706
40.2	0.6276854705
40.3	0.6410769768
40.4	0.6543751766
40.5	0.6675684265
40.6	0.6806451632
40.7	0.6935939144
40.8	0.7064033090
40.9	0.7190620880
41.0	0.7315591149
41.1	0.7438833854
41.2	0.7560240382
41.3	0.7679703646
41.4	0.7797118184
41.5	0.7912380257
41.6	0.8025387944
41.7	0.8136041234
41.8	0.8244242118
41.9	0.8349894682
42.0	0.8452905190
42.1	0.8553182171
42.2	0.8650636504
42.3	0.8745181498
42.4	0.8836732972
42.5	0.8925209328
42.6	0.9010531629
42.7	0.9092623668
42.8	0.9171412039
42.9	0.9246826200
43.0	0.9318798538
43.1	0.9387264433
43.2	0.9452162308
43.3	0.9513433694
43.4	0.9571023272
43.5	0.9624878929
43.6	0.9674951802
43.7	0.9721196322
43.8	0.9763570249
43.9	0.9802034718
44.0	0.9836554263
44.1	0.9867096853
44.2	0.9893633920
44.3	0.9916140379
44.4	0.9934594652
44.5	0.9948978686
44.6	0.9959277965
44.7	0.9965481521
44.8	0.9967581947
44.9	0.9965575395
45.0	0.9959461580
45.1	0.9949243780
45.2	0.9934928828
45.3	0.9916527106
45.4	0.9894052532
45.5	0.9881367695
45.6	0.9910474191
45.7	0.9935495349
45.8	0.9956406502
45.9	0.9973186677
46.0	0.9985818611
46.1	0.9994288765
46.2	0.9998587335
46.3	0.9998708260
46.4	0.9994649224
46.5	0.9986411658
46.6	0.9974000734
46.7	0.9957425361
46.8	0.9936698175
46.9	0.9911835522
47.0	0.9882857446
47.1	0.9904590432
47.2	0.9924325097
47.3	0.9939941648
47.4	0.9951423789
47.5	0.9958759139
47.6	0.9961939243
47.7	0.9960959579
47.8	0.9955819563
47.9	0.9946522548
48.0	0.9933075819
48.1	0.9915490587
48.2	0.9893781979
48.3	0.9867969018
48.4	0.9859607536
48.5	0.9876576607
48.6	0.9889552562
48.7	0.9898522954
48.8	0.9903479442
48.9	0.9904417798
49.0	0.9901337821
49.1	0.9894243380
49.2	0.9883142438
49.3	0.9868047059
49.4	0.9848973401
49.5	0.9832580107
49.6	0.9846859148
49.7	0.9857420100
49.8	0.9864255284
49.9	0.9867361242
50.0	0.9866738739
50.1	0.9862392767
50.2	0.9854332538
50.3	0.9842571471
50.4	0.9827127178
50.5	0.9808021448
50.6	0.9785280216
50.7	0.9758933539
50.8	0.9729015558
50.9	0.9695564460
51.0	0.9658622438
51.1	0.9618235637
51.2	0.9574454107
51.3	0.9527331740
51.4	0.9476926214
51.5	0.9423298923
51.6	0.9366514911
51.7	0.9306642791
51.8	0.9243754672
51.9	0.9177926076
52.0	0.9109235848
52.1	0.9037766068
52.2	0.8963601956
52.3	0.8886831774
52.4	0.8807546726
52.5	0.8725840851
52.6	0.8641810917
52.7	0.8555556307
52.8	0.8467178908
52.9	0.8376782990
53.0	0.8284475089
53.1	0.8190363882
53.2	0.8094560064
53.3	0.7997176219
53.4	0.7898326688
53.5	0.7798127442
53.6	0.7696695943
53.7	0.7594151014
53.8	0.7490612695
53.9	0.7386202110
54.0	0.7281041325
54.1	0.7175253206
54.2	0.7068961279
54.3	0.6962289585
54.4	0.6855362537
54.5	0.6748304779
54.6	0.6641241037
54.7	0.6534295979
54.8	0.6427594068
54.9	0.6321259418
55.0	0.6215415653
55.1	0.6110185760
55.2	0.6005691949
55.3	0.5902055513
55.4	0.5799396684
55.5	0.5697834494
55.6	0.5597486641
55.7	0.5498469350
55.8	0.5400897237
55.9	0.5304883179
56.0	0.5210538183
56.1	0.5117971255
56.2	0.5027289276
56.3	0.4938596880
56.4	0.4851996327
56.5	0.4767587393
56.6	0.4685467245
56.7	0.4605730338
56.8	0.4528468300
56.9	0.4453769828
57.0	0.4381720586
57.1	0.4312403103
57.2	0.4245896684
57.3	0.4182277312
57.4	0.4121617565
57.5	0.4063986532
57.6	0.4009449731
57.7	0.3958069036
57.8	0.3909902606
57.9	0.3865004817
58.0	0.3823426203
58.1	0.3785213395
58.2	0.3750409070
58.3	0.3719051901
58.4	0.3691176516
58.5	0.3666813459
58.6	0.3645989151
58.7	0.3628725868
58.8	0.3615039755
58.9	0.3604946648
59.0	0.3598456935
59.1	0.3595576453
59.2	0.3596306813
59.3	0.3600645402
59.4	0.3608585386
59.5	0.3620115717
59.6	0.3635221151
59.7	0.3653882260
59.8	0.3676075463
59.9	0.3701773049
60.0	0.3730943214
