z[um]	w[um]	pcm(0:si, 1:cpcm, 2:apcm)
0.0000000000 0.4430000000 1
0.1000000000 0.4430102190 1
0.2000000000 0.4430204380 1
0.3000000000 0.4430306569 1
0.4000000000 0.4430408759 1
0.5000000000 0.4430510949 1
0.6000000000 0.4430613139 1
0.7000000000 0.4430715328 1
0.8000000000 0.4430817518 1
0.9000000000 0.4430919708 1
1.0000000000 0.4431021898 1
1.1000000000 0.4431124088 1
1.2000000000 0.4431226277 1
1.3000000000 0.4431328467 1
1.4000000000 0.4431430657 1
1.5000000000 0.4431532847 1
1.6000000000 0.4431635036 1
1.7000000000 0.4431737226 1
1.8000000000 0.4431839416 1
1.9000000000 0.4431941606 1
2.0000000000 0.4432043796 1
2.1000000000 0.4432145985 1
2.2000000000 0.4432248175 1
2.3000000000 0.4432350365 1
2.4000000000 0.4432452555 1
2.5000000000 0.4432554745 1
2.6000000000 0.4432656934 1
2.7000000000 0.4432759124 1
2.8000000000 0.4432861314 1
2.9000000000 0.4432963504 1
3.0000000000 0.4433065693 1
3.1000000000 0.4433167883 1
3.2000000000 0.4433270073 1
3.3000000000 0.4433372263 1
3.4000000000 0.4433474453 1
3.5000000000 0.4433576642 1
3.6000000000 0.4433678832 1
3.7000000000 0.4433781022 1
3.8000000000 0.4433883212 1
3.9000000000 0.4433985401 1
4.0000000000 0.4434087591 1
4.1000000000 0.4434189781 1
4.2000000000 0.4434291971 1
4.3000000000 0.4434394161 1
4.4000000000 0.4434496350 1
4.5000000000 0.4434598540 1
4.6000000000 0.4434700730 1
4.7000000000 0.4434802920 1
4.8000000000 0.4434905109 1
4.9000000000 0.4435007299 1
5.0000000000 0.4435109489 1
5.1000000000 0.4435211679 1
5.2000000000 0.4435313869 1
5.3000000000 0.4435416058 1
5.4000000000 0.4435518248 1
5.5000000000 0.4435620438 1
5.6000000000 0.4435722628 1
5.7000000000 0.4435824818 1
5.8000000000 0.4435927007 1
5.9000000000 0.4436029197 1
6.0000000000 0.4436131387 1
6.1000000000 0.4436233577 1
6.2000000000 0.4436335766 1
6.3000000000 0.4436437956 1
6.4000000000 0.4436540146 1
6.5000000000 0.4436642336 1
6.6000000000 0.4436744526 1
6.7000000000 0.4436846715 1
6.8000000000 0.4436948905 1
6.9000000000 0.4437051095 1
7.0000000000 0.4437153285 1
7.1000000000 0.4437255474 1
7.2000000000 0.4437357664 1
7.3000000000 0.4437459854 1
7.4000000000 0.4437562044 1
7.5000000000 0.4437664234 1
7.6000000000 0.4437766423 1
7.7000000000 0.4437868613 1
7.8000000000 0.4437970803 1
7.9000000000 0.4438072993 1
8.0000000000 0.4438175182 1
8.1000000000 0.4438277372 1
8.2000000000 0.4438379562 1
8.3000000000 0.4438481752 1
8.4000000000 0.4438583942 1
8.5000000000 0.4438686131 1
8.6000000000 0.4438788321 1
8.7000000000 0.4438890511 1
8.8000000000 0.4438992701 1
8.9000000000 0.4439094891 1
9.0000000000 0.4439197080 1
9.1000000000 0.4439299270 1
9.2000000000 0.4439401460 1
9.3000000000 0.4439503650 1
9.4000000000 0.4439605839 1
9.5000000000 0.4439708029 1
9.6000000000 0.4439810219 1
9.7000000000 0.4439912409 1
9.8000000000 0.4440014599 1
9.9000000000 0.4440116788 1
10.0000000000 0.4440218978 1
10.1000000000 0.4440321168 1
10.2000000000 0.4440423358 1
10.3000000000 0.4440525547 1
10.4000000000 0.4440627737 1
10.5000000000 0.4440729927 1
10.6000000000 0.4440832117 1
10.7000000000 0.4440934307 1
10.8000000000 0.4441036496 1
10.9000000000 0.4441138686 1
11.0000000000 0.4441240876 1
11.1000000000 0.4441343066 1
11.2000000000 0.4441445255 1
11.3000000000 0.4441547445 1
11.4000000000 0.4441649635 1
11.5000000000 0.4441751825 1
11.6000000000 0.4441854015 1
11.7000000000 0.4441956204 1
11.8000000000 0.4442058394 1
11.9000000000 0.4442160584 1
12.0000000000 0.4442262774 1
12.1000000000 0.4442364964 1
12.2000000000 0.4442467153 1
12.3000000000 0.4442569343 1
12.4000000000 0.4442671533 1
12.5000000000 0.4442773723 1
12.6000000000 0.4442875912 1
12.7000000000 0.4442978102 1
12.8000000000 0.4443080292 1
12.9000000000 0.4443182482 1
13.0000000000 0.4443284672 1
13.1000000000 0.4443386861 1
13.2000000000 0.4443489051 1
13.3000000000 0.4443591241 1
13.4000000000 0.4443693431 1
13.5000000000 0.4443795620 1
13.6000000000 0.4443897810 1
13.7000000000 0.4444000000 1
13.8000000000 0.4444102190 1
13.9000000000 0.4444204380 1
14.0000000000 0.4444306569 1
14.1000000000 0.4444408759 1
14.2000000000 0.4444510949 1
14.3000000000 0.4444613139 1
14.4000000000 0.4444715328 1
14.5000000000 0.4444817518 1
14.6000000000 0.4444919708 1
14.7000000000 0.4445021898 1
14.8000000000 0.4445124088 1
14.9000000000 0.4445226277 1
15.0000000000 0.4445328467 1
15.1000000000 0.4445430657 1
15.2000000000 0.4445532847 1
15.3000000000 0.4445635036 1
15.4000000000 0.4445737226 1
15.5000000000 0.4445839416 1
15.6000000000 0.4445941606 1
15.7000000000 0.4446043796 1
15.8000000000 0.4446145985 1
15.9000000000 0.4446248175 1
16.0000000000 0.4446350365 1
16.1000000000 0.4446452555 1
16.2000000000 0.4446554745 1
16.3000000000 0.4446656934 1
16.4000000000 0.4446759124 1
16.5000000000 0.4446861314 1
16.6000000000 0.4446963504 1
16.7000000000 0.4447065693 1
16.8000000000 0.4447167883 1
16.9000000000 0.4447270073 1
17.0000000000 0.4447372263 1
17.1000000000 0.4447474453 1
17.2000000000 0.4447576642 1
17.3000000000 0.4447678832 1
17.4000000000 0.4447781022 1
17.5000000000 0.4447883212 1
17.6000000000 0.4447985401 1
17.7000000000 0.4448087591 1
17.8000000000 0.4448189781 1
17.9000000000 0.4448291971 1
18.0000000000 0.4448394161 1
18.1000000000 0.4448496350 1
18.2000000000 0.4448598540 1
18.3000000000 0.4448700730 1
18.4000000000 0.4448802920 1
18.5000000000 0.4448905109 1
18.6000000000 0.4449007299 1
18.7000000000 0.4449109489 1
18.8000000000 0.4449211679 1
18.9000000000 0.4449313869 1
19.0000000000 0.4449416058 1
19.1000000000 0.4449518248 1
19.2000000000 0.4449620438 1
19.3000000000 0.4449722628 1
19.4000000000 0.4449824818 1
19.5000000000 0.4449927007 1
19.6000000000 0.4450029197 1
19.7000000000 0.4450131387 1
19.8000000000 0.4450233577 1
19.9000000000 0.4450335766 1
20.0000000000 0.4450437956 1
20.1000000000 0.4450540146 1
20.2000000000 0.4450642336 1
20.3000000000 0.4450744526 1
20.4000000000 0.4450846715 1
20.5000000000 0.4450948905 1
20.6000000000 0.4451051095 1
20.7000000000 0.4451153285 1
20.8000000000 0.4451255474 1
20.9000000000 0.4451357664 1
21.0000000000 0.4451459854 1
21.1000000000 0.4451562044 1
21.2000000000 0.4451664234 1
21.3000000000 0.4451766423 1
21.4000000000 0.4451868613 1
21.5000000000 0.4451970803 1
21.6000000000 0.4452072993 1
21.7000000000 0.4452175182 1
21.8000000000 0.4452277372 1
21.9000000000 0.4452379562 1
22.0000000000 0.4452481752 1
22.1000000000 0.4452583942 1
22.2000000000 0.4452686131 1
22.3000000000 0.4452788321 1
22.4000000000 0.4452890511 1
22.5000000000 0.4452992701 1
22.6000000000 0.4453094891 1
22.7000000000 0.4453197080 1
22.8000000000 0.4453299270 1
22.9000000000 0.4453401460 1
23.0000000000 0.4453503650 1
23.1000000000 0.4453605839 1
23.2000000000 0.4453708029 1
23.3000000000 0.4453810219 1
23.4000000000 0.4453912409 1
23.5000000000 0.4454014599 1
23.6000000000 0.4454116788 1
23.7000000000 0.4454218978 1
23.8000000000 0.4454321168 1
23.9000000000 0.4454423358 1
24.0000000000 0.4454525547 1
24.1000000000 0.4454627737 1
24.2000000000 0.4454729927 1
24.3000000000 0.4454832117 1
24.4000000000 0.4454934307 1
24.5000000000 0.4455036496 1
24.6000000000 0.4455138686 1
24.7000000000 0.4455240876 1
24.8000000000 0.4455343066 1
24.9000000000 0.4455445255 1
25.0000000000 0.4455547445 1
25.1000000000 0.4455649635 1
25.2000000000 0.4455751825 1
25.3000000000 0.4455854015 1
25.4000000000 0.4455956204 1
25.5000000000 0.4456058394 1
25.6000000000 0.4456160584 1
25.7000000000 0.4456262774 1
25.8000000000 0.4456364964 1
25.9000000000 0.4456467153 1
26.0000000000 0.4456569343 1
26.1000000000 0.4456671533 1
26.2000000000 0.4456773723 1
26.3000000000 0.4456875912 1
26.4000000000 0.4456978102 1
26.5000000000 0.4457080292 1
26.6000000000 0.4457182482 1
26.7000000000 0.4457284672 1
26.8000000000 0.4457386861 1
26.9000000000 0.4457489051 1
27.0000000000 0.4457591241 1
27.1000000000 0.4457693431 1
27.2000000000 0.4457795620 1
27.3000000000 0.4457897810 1
27.4000000000 0.4458000000 1
27.5000000000 0.4458102190 1
27.6000000000 0.4458204380 1
27.7000000000 0.4458306569 1
27.8000000000 0.4458408759 1
27.9000000000 0.4458510949 1
28.0000000000 0.4458613139 1
28.1000000000 0.4458715328 1
28.2000000000 0.4458817518 1
28.3000000000 0.4458919708 1
28.4000000000 0.4459021898 1
28.5000000000 0.4459124088 1
28.6000000000 0.4459226277 1
28.7000000000 0.4459328467 1
28.8000000000 0.4459430657 1
28.9000000000 0.4459532847 1
29.0000000000 0.4459635036 1
29.1000000000 0.4459737226 1
29.2000000000 0.4459839416 1
29.3000000000 0.4459941606 1
29.4000000000 0.4460043796 1
29.5000000000 0.4460145985 1
29.6000000000 0.4460248175 1
29.7000000000 0.4460350365 1
29.8000000000 0.4460452555 1
29.9000000000 0.4460554745 1
30.0000000000 0.4460656934 1
30.1000000000 0.4460759124 1
30.2000000000 0.4460861314 1
30.3000000000 0.4460963504 1
30.4000000000 0.4461065693 1
30.5000000000 0.4461167883 1
30.6000000000 0.4461270073 1
30.7000000000 0.4461372263 1
30.8000000000 0.4461474453 1
30.9000000000 0.4461576642 1
31.0000000000 0.4461678832 1
31.1000000000 0.4461781022 1
31.2000000000 0.4461883212 1
31.3000000000 0.4461985401 1
31.4000000000 0.4462087591 1
31.5000000000 0.4462189781 1
31.6000000000 0.4462291971 1
31.7000000000 0.4462394161 1
31.8000000000 0.4462496350 1
31.9000000000 0.4462598540 1
32.0000000000 0.4462700730 1
32.1000000000 0.4462802920 1
32.2000000000 0.4462905109 1
32.3000000000 0.4463007299 1
32.4000000000 0.4463109489 1
32.5000000000 0.4463211679 1
32.6000000000 0.4463313869 1
32.7000000000 0.4463416058 1
32.8000000000 0.4463518248 1
32.9000000000 0.4463620438 1
33.0000000000 0.4463722628 1
33.1000000000 0.4463824818 1
33.2000000000 0.4463927007 1
33.3000000000 0.4464029197 1
33.4000000000 0.4464131387 1
33.5000000000 0.4464233577 1
33.6000000000 0.4464335766 1
33.7000000000 0.4464437956 1
33.8000000000 0.4464540146 1
33.9000000000 0.4464642336 1
34.0000000000 0.4464744526 1
34.1000000000 0.4464846715 1
34.2000000000 0.4464948905 1
34.3000000000 0.4465051095 1
34.4000000000 0.4465153285 1
34.5000000000 0.4465255474 1
34.6000000000 0.4465357664 1
34.7000000000 0.4465459854 1
34.8000000000 0.4465562044 1
34.9000000000 0.4465664234 1
35.0000000000 0.4465766423 1
35.1000000000 0.4465868613 1
35.2000000000 0.4465970803 1
35.3000000000 0.4466072993 1
35.4000000000 0.4466175182 1
35.5000000000 0.4466277372 1
35.6000000000 0.4466379562 1
35.7000000000 0.4466481752 1
35.8000000000 0.4466583942 1
35.9000000000 0.4466686131 1
36.0000000000 0.4466788321 1
36.1000000000 0.4466890511 1
36.2000000000 0.4466992701 1
36.3000000000 0.4467094891 1
36.4000000000 0.4467197080 1
36.5000000000 0.4467299270 1
36.6000000000 0.4467401460 1
36.7000000000 0.4467503650 1
36.8000000000 0.4467605839 1
36.9000000000 0.4467708029 1
37.0000000000 0.4467810219 1
37.1000000000 0.4467912409 1
37.2000000000 0.4468014599 1
37.3000000000 0.4468116788 1
37.4000000000 0.4468218978 1
37.5000000000 0.4468321168 1
37.6000000000 0.4468423358 1
37.7000000000 0.4468525547 1
37.8000000000 0.4468627737 1
37.9000000000 0.4468729927 1
38.0000000000 0.4468832117 1
38.1000000000 0.4468934307 1
38.2000000000 0.4469036496 1
38.3000000000 0.4469138686 1
38.4000000000 0.4469240876 1
38.5000000000 0.4469343066 1
38.6000000000 0.4469445255 1
38.7000000000 0.4469547445 1
38.8000000000 0.4469649635 1
38.9000000000 0.4469751825 1
39.0000000000 0.4469854015 1
39.1000000000 0.4469956204 1
39.2000000000 0.4470058394 1
39.3000000000 0.4470160584 1
39.4000000000 0.4470262774 1
39.5000000000 0.4470364964 1
39.6000000000 0.4470467153 1
39.7000000000 0.4470569343 1
39.8000000000 0.4470671533 1
39.9000000000 0.4470773723 1
40.0000000000 0.4470875912 1
40.1000000000 0.4470978102 1
40.2000000000 0.4471080292 1
40.3000000000 0.4471182482 1
40.4000000000 0.4471284672 1
40.5000000000 0.4471386861 1
40.6000000000 0.4471489051 1
40.7000000000 0.4471591241 1
40.8000000000 0.4471693431 1
40.9000000000 0.4471795620 1
41.0000000000 0.4471897810 1
41.1000000000 0.4472000000 1
41.2000000000 0.4472102190 1
41.3000000000 0.4472204380 1
41.4000000000 0.4472306569 1
41.5000000000 0.4472408759 1
41.6000000000 0.4472510949 1
41.7000000000 0.4472613139 1
41.8000000000 0.4472715328 1
41.9000000000 0.4472817518 1
42.0000000000 0.4472919708 1
42.1000000000 0.4473021898 1
42.2000000000 0.4473124088 1
42.3000000000 0.4473226277 1
42.4000000000 0.4473328467 1
42.5000000000 0.4473430657 1
42.6000000000 0.4473532847 1
42.7000000000 0.4473635036 1
42.8000000000 0.4473737226 1
42.9000000000 0.4473839416 1
43.0000000000 0.4473941606 1
43.1000000000 0.4474043796 1
43.2000000000 0.4474145985 1
43.3000000000 0.4474248175 1
43.4000000000 0.4474350365 1
43.5000000000 0.4474452555 1
43.6000000000 0.4474554745 1
43.7000000000 0.4474656934 1
43.8000000000 0.4474759124 1
43.9000000000 0.4474861314 1
44.0000000000 0.4474963504 1
44.1000000000 0.4475065693 1
44.2000000000 0.4475167883 1
44.3000000000 0.4475270073 1
44.4000000000 0.4475372263 1
44.5000000000 0.4475474453 1
44.6000000000 0.4475576642 1
44.7000000000 0.4475678832 1
44.8000000000 0.4475781022 1
44.9000000000 0.4475883212 1
45.0000000000 0.4475985401 1
45.1000000000 0.4476087591 1
45.2000000000 0.4476189781 1
45.3000000000 0.4476291971 1
45.4000000000 0.4476394161 1
45.5000000000 0.4476496350 1
45.6000000000 0.4476598540 1
45.7000000000 0.4476700730 1
45.8000000000 0.4476802920 1
45.9000000000 0.4476905109 1
46.0000000000 0.4477007299 1
46.1000000000 0.4477109489 1
46.2000000000 0.4477211679 1
46.3000000000 0.4477313869 1
46.4000000000 0.4477416058 1
46.5000000000 0.4477518248 1
46.6000000000 0.4477620438 1
46.7000000000 0.4477722628 1
46.8000000000 0.4477824818 1
46.9000000000 0.4477927007 1
47.0000000000 0.4478029197 1
47.1000000000 0.4478131387 1
47.2000000000 0.4478233577 1
47.3000000000 0.4478335766 1
47.4000000000 0.4478437956 1
47.5000000000 0.4478540146 1
47.6000000000 0.4478642336 1
47.7000000000 0.4478744526 1
47.8000000000 0.4478846715 1
47.9000000000 0.4478948905 1
48.0000000000 0.4479051095 1
48.1000000000 0.4479153285 1
48.2000000000 0.4479255474 1
48.3000000000 0.4479357664 1
48.4000000000 0.4479459854 1
48.5000000000 0.4479562044 1
48.6000000000 0.4479664234 1
48.7000000000 0.4479766423 1
48.8000000000 0.4479868613 1
48.9000000000 0.4479970803 1
49.0000000000 0.4480072993 1
49.1000000000 0.4480175182 1
49.2000000000 0.4480277372 1
49.3000000000 0.4480379562 1
49.4000000000 0.4480481752 1
49.5000000000 0.4480583942 1
49.6000000000 0.4480686131 1
49.7000000000 0.4480788321 1
49.8000000000 0.4480890511 1
49.9000000000 0.4480992701 1
50.0000000000 0.4481094891 1
50.1000000000 0.4481197080 1
50.2000000000 0.4481299270 1
50.3000000000 0.4481401460 1
50.4000000000 0.4481503650 1
50.5000000000 0.4481605839 1
50.6000000000 0.4481708029 1
50.7000000000 0.4481810219 1
50.8000000000 0.4481912409 1
50.9000000000 0.4482014599 1
51.0000000000 0.4482116788 1
51.1000000000 0.4482218978 1
51.2000000000 0.4482321168 1
51.3000000000 0.4482423358 1
51.4000000000 0.4482525547 1
51.5000000000 0.4482627737 1
51.6000000000 0.4482729927 1
51.7000000000 0.4482832117 1
51.8000000000 0.4482934307 1
51.9000000000 0.4483036496 1
52.0000000000 0.4483138686 1
52.1000000000 0.4483240876 1
52.2000000000 0.4483343066 1
52.3000000000 0.4483445255 1
52.4000000000 0.4483547445 1
52.5000000000 0.4483649635 1
52.6000000000 0.4483751825 1
52.7000000000 0.4483854015 1
52.8000000000 0.4483956204 1
52.9000000000 0.4484058394 1
53.0000000000 0.4484160584 1
53.1000000000 0.4484262774 1
53.2000000000 0.4484364964 1
53.3000000000 0.4484467153 1
53.4000000000 0.4484569343 1
53.5000000000 0.4484671533 1
53.6000000000 0.4484773723 1
53.7000000000 0.4484875912 1
53.8000000000 0.4484978102 1
53.9000000000 0.4485080292 1
54.0000000000 0.4485182482 1
54.1000000000 0.4485284672 1
54.2000000000 0.4485386861 1
54.3000000000 0.4485489051 1
54.4000000000 0.4485591241 1
54.5000000000 0.4485693431 1
54.6000000000 0.4485795620 1
54.7000000000 0.4485897810 1
54.8000000000 0.4486000000 1
54.9000000000 0.4486102190 1
55.0000000000 0.4486204380 1
55.1000000000 0.4486306569 1
55.2000000000 0.4486408759 1
55.3000000000 0.4486510949 1
55.4000000000 0.4486613139 1
55.5000000000 0.4486715328 1
55.6000000000 0.4486817518 1
55.7000000000 0.4486919708 1
55.8000000000 0.4487021898 1
55.9000000000 0.4487124088 1
56.0000000000 0.4487226277 1
56.1000000000 0.4487328467 1
56.2000000000 0.4487430657 1
56.3000000000 0.4487532847 1
56.4000000000 0.4487635036 1
56.5000000000 0.4487737226 1
56.6000000000 0.4487839416 1
56.7000000000 0.4487941606 1
56.8000000000 0.4488043796 1
56.9000000000 0.4488145985 1
57.0000000000 0.4488248175 1
57.1000000000 0.4488350365 1
57.2000000000 0.4488452555 1
57.3000000000 0.4488554745 1
57.4000000000 0.4488656934 1
57.5000000000 0.4488759124 1
57.6000000000 0.4488861314 1
57.7000000000 0.4488963504 1
57.8000000000 0.4489065693 1
57.9000000000 0.4489167883 1
58.0000000000 0.4489270073 1
58.1000000000 0.4489372263 1
58.2000000000 0.4489474453 1
58.3000000000 0.4489576642 1
58.4000000000 0.4489678832 1
58.5000000000 0.4489781022 1
58.6000000000 0.4489883212 1
58.7000000000 0.4489985401 1
58.8000000000 0.4490087591 1
58.9000000000 0.4490189781 1
59.0000000000 0.4490291971 1
59.1000000000 0.4490394161 1
59.2000000000 0.4490496350 1
59.3000000000 0.4490598540 1
59.4000000000 0.4490700730 1
59.5000000000 0.4490802920 1
59.6000000000 0.4490905109 1
59.7000000000 0.4491007299 1
59.8000000000 0.4491109489 1
59.9000000000 0.4491211679 1
60.0000000000 0.4491313869 1
60.1000000000 0.4491416058 2
60.2000000000 0.4491518248 2
60.3000000000 0.4491620438 2
60.4000000000 0.4491722628 2
60.5000000000 0.4491824818 2
60.6000000000 0.4491927007 2
60.7000000000 0.4492029197 2
60.8000000000 0.4492131387 2
60.9000000000 0.4492233577 2
61.0000000000 0.4492335766 2
61.1000000000 0.4492437956 2
61.2000000000 0.4492540146 2
61.3000000000 0.4492642336 2
61.4000000000 0.4492744526 2
61.5000000000 0.4492846715 2
61.6000000000 0.4492948905 2
61.7000000000 0.4493051095 2
61.8000000000 0.4493153285 2
61.9000000000 0.4493255474 2
62.0000000000 0.4493357664 2
62.1000000000 0.4493459854 2
62.2000000000 0.4493562044 2
62.3000000000 0.4493664234 2
62.4000000000 0.4493766423 2
62.5000000000 0.4493868613 2
62.6000000000 0.4493970803 2
62.7000000000 0.4494072993 2
62.8000000000 0.4494175182 2
62.9000000000 0.4494277372 2
63.0000000000 0.4494379562 2
63.1000000000 0.4494481752 2
63.2000000000 0.4494583942 2
63.3000000000 0.4494686131 2
63.4000000000 0.4494788321 2
63.5000000000 0.4494890511 2
63.6000000000 0.4494992701 2
63.7000000000 0.4495094891 2
63.8000000000 0.4495197080 2
63.9000000000 0.4495299270 2
64.0000000000 0.4495401460 2
64.1000000000 0.4495503650 2
64.2000000000 0.4495605839 2
64.3000000000 0.4495708029 2
64.4000000000 0.4495810219 2
64.5000000000 0.4495912409 2
64.6000000000 0.4496014599 2
64.7000000000 0.4496116788 2
64.8000000000 0.4496218978 2
64.9000000000 0.4496321168 2
65.0000000000 0.4496423358 2
65.1000000000 0.4496525547 2
65.2000000000 0.4496627737 2
65.3000000000 0.4496729927 2
65.4000000000 0.4496832117 2
65.5000000000 0.4496934307 2
65.6000000000 0.4497036496 2
65.7000000000 0.4497138686 2
65.8000000000 0.4497240876 2
65.9000000000 0.4497343066 2
66.0000000000 0.4497445255 2
66.1000000000 0.4497547445 2
66.2000000000 0.4497649635 2
66.3000000000 0.4497751825 2
66.4000000000 0.4497854015 2
66.5000000000 0.4497956204 2
66.6000000000 0.4498058394 2
66.7000000000 0.4498160584 2
66.8000000000 0.4498262774 2
66.9000000000 0.4498364964 2
67.0000000000 0.4498467153 2
67.1000000000 0.4498569343 2
67.2000000000 0.4498671533 2
67.3000000000 0.4498773723 2
67.4000000000 0.4498875912 2
67.5000000000 0.4498978102 2
67.6000000000 0.4499080292 2
67.7000000000 0.4499182482 2
67.8000000000 0.4499284672 2
67.9000000000 0.4499386861 2
68.0000000000 0.4499489051 2
68.1000000000 0.4499591241 2
68.2000000000 0.4499693431 2
68.3000000000 0.4499795620 2
68.4000000000 0.4499897810 2
68.5000000000 0.4500000000 2
68.6000000000 0.4500102190 2
68.7000000000 0.4500204380 2
68.8000000000 0.4500306569 2
68.9000000000 0.4500408759 2
69.0000000000 0.4500510949 2
69.1000000000 0.4500613139 2
69.2000000000 0.4500715328 2
69.3000000000 0.4500817518 2
69.4000000000 0.4500919708 2
69.5000000000 0.4501021898 2
69.6000000000 0.4501124088 2
69.7000000000 0.4501226277 2
69.8000000000 0.4501328467 2
69.9000000000 0.4501430657 2
70.0000000000 0.4501532847 2
70.1000000000 0.4501635036 2
70.2000000000 0.4501737226 2
70.3000000000 0.4501839416 2
70.4000000000 0.4501941606 2
70.5000000000 0.4502043796 2
70.6000000000 0.4502145985 2
70.7000000000 0.4502248175 2
70.8000000000 0.4502350365 2
70.9000000000 0.4502452555 2
71.0000000000 0.4502554745 2
71.1000000000 0.4502656934 2
71.2000000000 0.4502759124 2
71.3000000000 0.4502861314 2
71.4000000000 0.4502963504 2
71.5000000000 0.4503065693 2
71.6000000000 0.4503167883 2
71.7000000000 0.4503270073 2
71.8000000000 0.4503372263 2
71.9000000000 0.4503474453 2
72.0000000000 0.4503576642 2
72.1000000000 0.4503678832 2
72.2000000000 0.4503781022 2
72.3000000000 0.4503883212 2
72.4000000000 0.4503985401 2
72.5000000000 0.4504087591 2
72.6000000000 0.4504189781 2
72.7000000000 0.4504291971 2
72.8000000000 0.4504394161 2
72.9000000000 0.4504496350 2
73.0000000000 0.4504598540 2
73.1000000000 0.4504700730 2
73.2000000000 0.4504802920 2
73.3000000000 0.4504905109 2
73.4000000000 0.4505007299 2
73.5000000000 0.4505109489 2
73.6000000000 0.4505211679 2
73.7000000000 0.4505313869 2
73.8000000000 0.4505416058 2
73.9000000000 0.4505518248 2
74.0000000000 0.4505620438 2
74.1000000000 0.4505722628 2
74.2000000000 0.4505824818 2
74.3000000000 0.4505927007 2
74.4000000000 0.4506029197 2
74.5000000000 0.4506131387 2
74.6000000000 0.4506233577 2
74.7000000000 0.4506335766 2
74.8000000000 0.4506437956 2
74.9000000000 0.4506540146 2
75.0000000000 0.4506642336 2
75.1000000000 0.4506744526 2
75.2000000000 0.4506846715 2
75.3000000000 0.4506948905 2
75.4000000000 0.4507051095 2
75.5000000000 0.4507153285 2
75.6000000000 0.4507255474 2
75.7000000000 0.4507357664 2
75.8000000000 0.4507459854 2
75.9000000000 0.4507562044 2
76.0000000000 0.4507664234 2
76.1000000000 0.4507766423 2
76.2000000000 0.4507868613 2
76.3000000000 0.4507970803 2
76.4000000000 0.4508072993 2
76.5000000000 0.4508175182 2
76.6000000000 0.4508277372 2
76.7000000000 0.4508379562 2
76.8000000000 0.4508481752 2
76.9000000000 0.4508583942 2
77.0000000000 0.4508686131 2
77.1000000000 0.4508788321 1
77.2000000000 0.4508890511 1
77.3000000000 0.4508992701 1
77.4000000000 0.4509094891 1
77.5000000000 0.4509197080 1
77.6000000000 0.4509299270 1
77.7000000000 0.4509401460 1
77.8000000000 0.4509503650 1
77.9000000000 0.4509605839 1
78.0000000000 0.4509708029 1
78.1000000000 0.4509810219 1
78.2000000000 0.4509912409 1
78.3000000000 0.4510014599 1
78.4000000000 0.4510116788 1
78.5000000000 0.4510218978 1
78.6000000000 0.4510321168 1
78.7000000000 0.4510423358 1
78.8000000000 0.4510525547 1
78.9000000000 0.4510627737 1
79.0000000000 0.4510729927 1
79.1000000000 0.4510832117 1
79.2000000000 0.4510934307 1
79.3000000000 0.4511036496 1
79.4000000000 0.4511138686 1
79.5000000000 0.4511240876 1
79.6000000000 0.4511343066 1
79.7000000000 0.4511445255 1
79.8000000000 0.4511547445 1
79.9000000000 0.4511649635 1
80.0000000000 0.4511751825 1
80.1000000000 0.4511854015 1
80.2000000000 0.4511956204 1
80.3000000000 0.4512058394 1
80.4000000000 0.4512160584 1
80.5000000000 0.4512262774 1
80.6000000000 0.4512364964 1
80.7000000000 0.4512467153 1
80.8000000000 0.4512569343 1
80.9000000000 0.4512671533 1
81.0000000000 0.4512773723 1
81.1000000000 0.4512875912 1
81.2000000000 0.4512978102 1
81.3000000000 0.4513080292 1
81.4000000000 0.4513182482 1
81.5000000000 0.4513284672 1
81.6000000000 0.4513386861 1
81.7000000000 0.4513489051 1
81.8000000000 0.4513591241 1
81.9000000000 0.4513693431 1
82.0000000000 0.4513795620 1
82.1000000000 0.4513897810 1
82.2000000000 0.4514000000 1
82.3000000000 0.4514102190 1
82.4000000000 0.4514204380 1
82.5000000000 0.4514306569 1
82.6000000000 0.4514408759 1
82.7000000000 0.4514510949 1
82.8000000000 0.4514613139 1
82.9000000000 0.4514715328 1
83.0000000000 0.4514817518 1
83.1000000000 0.4514919708 1
83.2000000000 0.4515021898 1
83.3000000000 0.4515124088 1
83.4000000000 0.4515226277 1
83.5000000000 0.4515328467 1
83.6000000000 0.4515430657 1
83.7000000000 0.4515532847 1
83.8000000000 0.4515635036 1
83.9000000000 0.4515737226 1
84.0000000000 0.4515839416 1
84.1000000000 0.4515941606 1
84.2000000000 0.4516043796 1
84.3000000000 0.4516145985 1
84.4000000000 0.4516248175 1
84.5000000000 0.4516350365 1
84.6000000000 0.4516452555 1
84.7000000000 0.4516554745 1
84.8000000000 0.4516656934 1
84.9000000000 0.4516759124 1
85.0000000000 0.4516861314 1
85.1000000000 0.4516963504 1
85.2000000000 0.4517065693 1
85.3000000000 0.4517167883 1
85.4000000000 0.4517270073 1
85.5000000000 0.4517372263 1
85.6000000000 0.4517474453 1
85.7000000000 0.4517576642 1
85.8000000000 0.4517678832 1
85.9000000000 0.4517781022 1
86.0000000000 0.4517883212 1
86.1000000000 0.4517985401 1
86.2000000000 0.4518087591 1
86.3000000000 0.4518189781 1
86.4000000000 0.4518291971 1
86.5000000000 0.4518394161 1
86.6000000000 0.4518496350 1
86.7000000000 0.4518598540 1
86.8000000000 0.4518700730 1
86.9000000000 0.4518802920 1
87.0000000000 0.4518905109 1
87.1000000000 0.4519007299 1
87.2000000000 0.4519109489 1
87.3000000000 0.4519211679 1
87.4000000000 0.4519313869 1
87.5000000000 0.4519416058 1
87.6000000000 0.4519518248 1
87.7000000000 0.4519620438 1
87.8000000000 0.4519722628 1
87.9000000000 0.4519824818 1
88.0000000000 0.4519927007 1
88.1000000000 0.4520029197 1
88.2000000000 0.4520131387 1
88.3000000000 0.4520233577 1
88.4000000000 0.4520335766 1
88.5000000000 0.4520437956 1
88.6000000000 0.4520540146 1
88.7000000000 0.4520642336 1
88.8000000000 0.4520744526 1
88.9000000000 0.4520846715 1
89.0000000000 0.4520948905 1
89.1000000000 0.4521051095 1
89.2000000000 0.4521153285 1
89.3000000000 0.4521255474 1
89.4000000000 0.4521357664 1
89.5000000000 0.4521459854 1
89.6000000000 0.4521562044 1
89.7000000000 0.4521664234 1
89.8000000000 0.4521766423 1
89.9000000000 0.4521868613 1
90.0000000000 0.4521970803 1
90.1000000000 0.4522072993 1
90.2000000000 0.4522175182 1
90.3000000000 0.4522277372 1
90.4000000000 0.4522379562 1
90.5000000000 0.4522481752 1
90.6000000000 0.4522583942 1
90.7000000000 0.4522686131 1
90.8000000000 0.4522788321 1
90.9000000000 0.4522890511 1
91.0000000000 0.4522992701 1
91.1000000000 0.4523094891 1
91.2000000000 0.4523197080 1
91.3000000000 0.4523299270 1
91.4000000000 0.4523401460 1
91.5000000000 0.4523503650 1
91.6000000000 0.4523605839 1
91.7000000000 0.4523708029 1
91.8000000000 0.4523810219 1
91.9000000000 0.4523912409 1
92.0000000000 0.4524014599 1
92.1000000000 0.4524116788 1
92.2000000000 0.4524218978 1
92.3000000000 0.4524321168 1
92.4000000000 0.4524423358 1
92.5000000000 0.4524525547 1
92.6000000000 0.4524627737 1
92.7000000000 0.4524729927 1
92.8000000000 0.4524832117 1
92.9000000000 0.4524934307 1
93.0000000000 0.4525036496 1
93.1000000000 0.4525138686 1
93.2000000000 0.4525240876 1
93.3000000000 0.4525343066 1
93.4000000000 0.4525445255 1
93.5000000000 0.4525547445 1
93.6000000000 0.4525649635 1
93.7000000000 0.4525751825 1
93.8000000000 0.4525854015 1
93.9000000000 0.4525956204 1
94.0000000000 0.4526058394 1
94.1000000000 0.4526160584 1
94.2000000000 0.4526262774 1
94.3000000000 0.4526364964 1
94.4000000000 0.4526467153 1
94.5000000000 0.4526569343 1
94.6000000000 0.4526671533 1
94.7000000000 0.4526773723 1
94.8000000000 0.4526875912 1
94.9000000000 0.4526978102 1
95.0000000000 0.4527080292 1
95.1000000000 0.4527182482 1
95.2000000000 0.4527284672 1
95.3000000000 0.4527386861 1
95.4000000000 0.4527489051 1
95.5000000000 0.4527591241 1
95.6000000000 0.4527693431 1
95.7000000000 0.4527795620 1
95.8000000000 0.4527897810 1
95.9000000000 0.4528000000 1
96.0000000000 0.4528102190 1
96.1000000000 0.4528204380 1
96.2000000000 0.4528306569 1
96.3000000000 0.4528408759 1
96.4000000000 0.4528510949 1
96.5000000000 0.4528613139 1
96.6000000000 0.4528715328 1
96.7000000000 0.4528817518 1
96.8000000000 0.4528919708 1
96.9000000000 0.4529021898 1
97.0000000000 0.4529124088 1
97.1000000000 0.4529226277 1
97.2000000000 0.4529328467 1
97.3000000000 0.4529430657 1
97.4000000000 0.4529532847 1
97.5000000000 0.4529635036 1
97.6000000000 0.4529737226 1
97.7000000000 0.4529839416 1
97.8000000000 0.4529941606 1
97.9000000000 0.4530043796 1
98.0000000000 0.4530145985 1
98.1000000000 0.4530248175 1
98.2000000000 0.4530350365 1
98.3000000000 0.4530452555 1
98.4000000000 0.4530554745 1
98.5000000000 0.4530656934 1
98.6000000000 0.4530759124 1
98.7000000000 0.4530861314 1
98.8000000000 0.4530963504 1
98.9000000000 0.4531065693 1
99.0000000000 0.4531167883 1
99.1000000000 0.4531270073 1
99.2000000000 0.4531372263 1
99.3000000000 0.4531474453 1
99.4000000000 0.4531576642 1
99.5000000000 0.4531678832 1
99.6000000000 0.4531781022 1
99.7000000000 0.4531883212 1
99.8000000000 0.4531985401 1
99.9000000000 0.4532087591 1
100.0000000000 0.4532189781 1
100.1000000000 0.4532291971 1
100.2000000000 0.4532394161 1
100.3000000000 0.4532496350 1
100.4000000000 0.4532598540 1
100.5000000000 0.4532700730 1
100.6000000000 0.4532802920 1
100.7000000000 0.4532905109 1
100.8000000000 0.4533007299 1
100.9000000000 0.4533109489 1
101.0000000000 0.4533211679 1
101.1000000000 0.4533313869 1
101.2000000000 0.4533416058 1
101.3000000000 0.4533518248 1
101.4000000000 0.4533620438 1
101.5000000000 0.4533722628 1
101.6000000000 0.4533824818 1
101.7000000000 0.4533927007 1
101.8000000000 0.4534029197 1
101.9000000000 0.4534131387 1
102.0000000000 0.4534233577 1
102.1000000000 0.4534335766 1
102.2000000000 0.4534437956 1
102.3000000000 0.4534540146 1
102.4000000000 0.4534642336 1
102.5000000000 0.4534744526 1
102.6000000000 0.4534846715 1
102.7000000000 0.4534948905 1
102.8000000000 0.4535051095 1
102.9000000000 0.4535153285 1
103.0000000000 0.4535255474 1
103.1000000000 0.4535357664 1
103.2000000000 0.4535459854 1
103.3000000000 0.4535562044 1
103.4000000000 0.4535664234 1
103.5000000000 0.4535766423 1
103.6000000000 0.4535868613 1
103.7000000000 0.4535970803 1
103.8000000000 0.4536072993 1
103.9000000000 0.4536175182 1
104.0000000000 0.4536277372 1
104.1000000000 0.4536379562 1
104.2000000000 0.4536481752 1
104.3000000000 0.4536583942 1
104.4000000000 0.4536686131 1
104.5000000000 0.4536788321 1
104.6000000000 0.4536890511 1
104.7000000000 0.4536992701 1
104.8000000000 0.4537094891 1
104.9000000000 0.4537197080 1
105.0000000000 0.4537299270 1
105.1000000000 0.4537401460 1
105.2000000000 0.4537503650 1
105.3000000000 0.4537605839 1
105.4000000000 0.4537708029 1
105.5000000000 0.4537810219 1
105.6000000000 0.4537912409 1
105.7000000000 0.4538014599 1
105.8000000000 0.4538116788 1
105.9000000000 0.4538218978 1
106.0000000000 0.4538321168 1
106.1000000000 0.4538423358 1
106.2000000000 0.4538525547 1
106.3000000000 0.4538627737 1
106.4000000000 0.4538729927 1
106.5000000000 0.4538832117 1
106.6000000000 0.4538934307 1
106.7000000000 0.4539036496 1
106.8000000000 0.4539138686 1
106.9000000000 0.4539240876 1
107.0000000000 0.4539343066 1
107.1000000000 0.4539445255 1
107.2000000000 0.4539547445 1
107.3000000000 0.4539649635 1
107.4000000000 0.4539751825 1
107.5000000000 0.4539854015 1
107.6000000000 0.4539956204 1
107.7000000000 0.4540058394 1
107.8000000000 0.4540160584 1
107.9000000000 0.4540262774 1
108.0000000000 0.4540364964 1
108.1000000000 0.4540467153 1
108.2000000000 0.4540569343 1
108.3000000000 0.4540671533 1
108.4000000000 0.4540773723 1
108.5000000000 0.4540875912 1
108.6000000000 0.4540978102 1
108.7000000000 0.4541080292 1
108.8000000000 0.4541182482 1
108.9000000000 0.4541284672 1
109.0000000000 0.4541386861 1
109.1000000000 0.4541489051 1
109.2000000000 0.4541591241 1
109.3000000000 0.4541693431 1
109.4000000000 0.4541795620 1
109.5000000000 0.4541897810 1
109.6000000000 0.4542000000 1
109.7000000000 0.4542102190 1
109.8000000000 0.4542204380 1
109.9000000000 0.4542306569 1
110.0000000000 0.4542408759 1
110.1000000000 0.4542510949 1
110.2000000000 0.4542613139 1
110.3000000000 0.4542715328 1
110.4000000000 0.4542817518 1
110.5000000000 0.4542919708 1
110.6000000000 0.4543021898 1
110.7000000000 0.4543124088 1
110.8000000000 0.4543226277 1
110.9000000000 0.4543328467 1
111.0000000000 0.4543430657 1
111.1000000000 0.4543532847 1
111.2000000000 0.4543635036 1
111.3000000000 0.4543737226 1
111.4000000000 0.4543839416 1
111.5000000000 0.4543941606 1
111.6000000000 0.4544043796 1
111.7000000000 0.4544145985 1
111.8000000000 0.4544248175 1
111.9000000000 0.4544350365 1
112.0000000000 0.4544452555 1
112.1000000000 0.4544554745 1
112.2000000000 0.4544656934 1
112.3000000000 0.4544759124 1
112.4000000000 0.4544861314 1
112.5000000000 0.4544963504 1
112.6000000000 0.4545065693 1
112.7000000000 0.4545167883 1
112.8000000000 0.4545270073 1
112.9000000000 0.4545372263 1
113.0000000000 0.4545474453 1
113.1000000000 0.4545576642 1
113.2000000000 0.4545678832 1
113.3000000000 0.4545781022 1
113.4000000000 0.4545883212 1
113.5000000000 0.4545985401 1
113.6000000000 0.4546087591 1
113.7000000000 0.4546189781 1
113.8000000000 0.4546291971 1
113.9000000000 0.4546394161 1
114.0000000000 0.4546496350 1
114.1000000000 0.4546598540 1
114.2000000000 0.4546700730 1
114.3000000000 0.4546802920 1
114.4000000000 0.4546905109 1
114.5000000000 0.4547007299 1
114.6000000000 0.4547109489 1
114.7000000000 0.4547211679 1
114.8000000000 0.4547313869 1
114.9000000000 0.4547416058 1
115.0000000000 0.4547518248 1
115.1000000000 0.4547620438 1
115.2000000000 0.4547722628 1
115.3000000000 0.4547824818 1
115.4000000000 0.4547927007 1
115.5000000000 0.4548029197 1
115.6000000000 0.4548131387 1
115.7000000000 0.4548233577 1
115.8000000000 0.4548335766 1
115.9000000000 0.4548437956 1
116.0000000000 0.4548540146 1
116.1000000000 0.4548642336 1
116.2000000000 0.4548744526 1
116.3000000000 0.4548846715 1
116.4000000000 0.4548948905 1
116.5000000000 0.4549051095 1
116.6000000000 0.4549153285 1
116.7000000000 0.4549255474 1
116.8000000000 0.4549357664 1
116.9000000000 0.4549459854 1
117.0000000000 0.4549562044 1
117.1000000000 0.4549664234 1
117.2000000000 0.4549766423 1
117.3000000000 0.4549868613 1
117.4000000000 0.4549970803 1
117.5000000000 0.4550072993 1
117.6000000000 0.4550175182 1
117.7000000000 0.4550277372 1
117.8000000000 0.4550379562 1
117.9000000000 0.4550481752 1
118.0000000000 0.4550583942 1
118.1000000000 0.4550686131 1
118.2000000000 0.4550788321 1
118.3000000000 0.4550890511 1
118.4000000000 0.4550992701 1
118.5000000000 0.4551094891 1
118.6000000000 0.4551197080 1
118.7000000000 0.4551299270 1
118.8000000000 0.4551401460 1
118.9000000000 0.4551503650 1
119.0000000000 0.4551605839 1
119.1000000000 0.4551708029 1
119.2000000000 0.4551810219 1
119.3000000000 0.4551912409 1
119.4000000000 0.4552014599 1
119.5000000000 0.4552116788 1
119.6000000000 0.4552218978 1
119.7000000000 0.4552321168 1
119.8000000000 0.4552423358 1
119.9000000000 0.4552525547 1
120.0000000000 0.4552627737 1
120.1000000000 0.4552729927 1
120.2000000000 0.4552832117 1
120.3000000000 0.4552934307 1
120.4000000000 0.4553036496 1
120.5000000000 0.4553138686 1
120.6000000000 0.4553240876 1
120.7000000000 0.4553343066 1
120.8000000000 0.4553445255 1
120.9000000000 0.4553547445 1
121.0000000000 0.4553649635 1
121.1000000000 0.4553751825 1
121.2000000000 0.4553854015 1
121.3000000000 0.4553956204 1
121.4000000000 0.4554058394 1
121.5000000000 0.4554160584 1
121.6000000000 0.4554262774 1
121.7000000000 0.4554364964 1
121.8000000000 0.4554467153 1
121.9000000000 0.4554569343 1
122.0000000000 0.4554671533 1
122.1000000000 0.4554773723 1
122.2000000000 0.4554875912 1
122.3000000000 0.4554978102 1
122.4000000000 0.4555080292 1
122.5000000000 0.4555182482 1
122.6000000000 0.4555284672 1
122.7000000000 0.4555386861 1
122.8000000000 0.4555489051 1
122.9000000000 0.4555591241 1
123.0000000000 0.4555693431 1
123.1000000000 0.4555795620 1
123.2000000000 0.4555897810 1
123.3000000000 0.4556000000 1
123.4000000000 0.4556102190 1
123.5000000000 0.4556204380 1
123.6000000000 0.4556306569 1
123.7000000000 0.4556408759 1
123.8000000000 0.4556510949 1
123.9000000000 0.4556613139 1
124.0000000000 0.4556715328 1
124.1000000000 0.4556817518 1
124.2000000000 0.4556919708 1
124.3000000000 0.4557021898 1
124.4000000000 0.4557124088 1
124.5000000000 0.4557226277 1
124.6000000000 0.4557328467 1
124.7000000000 0.4557430657 1
124.8000000000 0.4557532847 1
124.9000000000 0.4557635036 1
125.0000000000 0.4557737226 1
125.1000000000 0.4557839416 1
125.2000000000 0.4557941606 1
125.3000000000 0.4558043796 1
125.4000000000 0.4558145985 1
125.5000000000 0.4558248175 1
125.6000000000 0.4558350365 1
125.7000000000 0.4558452555 1
125.8000000000 0.4558554745 1
125.9000000000 0.4558656934 1
126.0000000000 0.4558759124 1
126.1000000000 0.4558861314 1
126.2000000000 0.4558963504 1
126.3000000000 0.4559065693 1
126.4000000000 0.4559167883 1
126.5000000000 0.4559270073 1
126.6000000000 0.4559372263 1
126.7000000000 0.4559474453 1
126.8000000000 0.4559576642 1
126.9000000000 0.4559678832 1
127.0000000000 0.4559781022 1
127.1000000000 0.4559883212 1
127.2000000000 0.4559985401 1
127.3000000000 0.4560087591 1
127.4000000000 0.4560189781 1
127.5000000000 0.4560291971 1
127.6000000000 0.4560394161 1
127.7000000000 0.4560496350 1
127.8000000000 0.4560598540 1
127.9000000000 0.4560700730 1
128.0000000000 0.4560802920 1
128.1000000000 0.4560905109 1
128.2000000000 0.4561007299 1
128.3000000000 0.4561109489 1
128.4000000000 0.4561211679 1
128.5000000000 0.4561313869 1
128.6000000000 0.4561416058 1
128.7000000000 0.4561518248 1
128.8000000000 0.4561620438 1
128.9000000000 0.4561722628 1
129.0000000000 0.4561824818 1
129.1000000000 0.4561927007 1
129.2000000000 0.4562029197 1
129.3000000000 0.4562131387 1
129.4000000000 0.4562233577 1
129.5000000000 0.4562335766 1
129.6000000000 0.4562437956 1
129.7000000000 0.4562540146 1
129.8000000000 0.4562642336 1
129.9000000000 0.4562744526 1
130.0000000000 0.4562846715 1
130.1000000000 0.4562948905 1
130.2000000000 0.4563051095 1
130.3000000000 0.4563153285 1
130.4000000000 0.4563255474 1
130.5000000000 0.4563357664 1
130.6000000000 0.4563459854 1
130.7000000000 0.4563562044 1
130.8000000000 0.4563664234 1
130.9000000000 0.4563766423 1
131.0000000000 0.4563868613 1
131.1000000000 0.4563970803 1
131.2000000000 0.4564072993 1
131.3000000000 0.4564175182 1
131.4000000000 0.4564277372 1
131.5000000000 0.4564379562 1
131.6000000000 0.4564481752 1
131.7000000000 0.4564583942 1
131.8000000000 0.4564686131 1
131.9000000000 0.4564788321 1
132.0000000000 0.4564890511 1
132.1000000000 0.4564992701 1
132.2000000000 0.4565094891 1
132.3000000000 0.4565197080 1
132.4000000000 0.4565299270 1
132.5000000000 0.4565401460 1
132.6000000000 0.4565503650 1
132.7000000000 0.4565605839 1
132.8000000000 0.4565708029 1
132.9000000000 0.4565810219 1
133.0000000000 0.4565912409 1
133.1000000000 0.4566014599 1
133.2000000000 0.4566116788 1
133.3000000000 0.4566218978 1
133.4000000000 0.4566321168 1
133.5000000000 0.4566423358 1
133.6000000000 0.4566525547 1
133.7000000000 0.4566627737 1
133.8000000000 0.4566729927 1
133.9000000000 0.4566832117 1
134.0000000000 0.4566934307 1
134.1000000000 0.4567036496 1
134.2000000000 0.4567138686 1
134.3000000000 0.4567240876 1
134.4000000000 0.4567343066 1
134.5000000000 0.4567445255 1
134.6000000000 0.4567547445 1
134.7000000000 0.4567649635 1
134.8000000000 0.4567751825 1
134.9000000000 0.4567854015 1
135.0000000000 0.4567956204 1
135.1000000000 0.4568058394 1
135.2000000000 0.4568160584 1
135.3000000000 0.4568262774 1
135.4000000000 0.4568364964 1
135.5000000000 0.4568467153 1
135.6000000000 0.4568569343 1
135.7000000000 0.4568671533 1
135.8000000000 0.4568773723 1
135.9000000000 0.4568875912 1
136.0000000000 0.4568978102 1
136.1000000000 0.4569080292 1
136.2000000000 0.4569182482 1
136.3000000000 0.4569284672 1
136.4000000000 0.4569386861 1
136.5000000000 0.4569489051 1
136.6000000000 0.4569591241 1
136.7000000000 0.4569693431 1
136.8000000000 0.4569795620 1
136.9000000000 0.4569897810 1
137.0000000000 0.4570000000 1
