z[um]	g[um]	pcm(0:si, 1:cpcm, 2:apcm)
0.0000000000	0.2000000000	1	8
0.0100000000	0.2000000000	1	8
0.0200000000	0.2000000000	1	8
0.0300000000	0.2000000000	1	8
0.0400000000	0.2000000000	1	8
0.0500000000	0.2000000000	1	8
0.0600000000	0.2000000000	1	8
0.0700000000	0.2000000000	1	8
0.0800000000	0.2000000000	1	8
0.0900000000	0.2000000000	1	8
0.1000000000	0.2000000000	1	8
0.1100000000	0.2000000000	1	8
0.1200000000	0.2000000000	1	8
0.1300000000	0.2000000000	1	8
0.1400000000	0.2000000000	1	8
0.1500000000	0.2000000000	1	8
0.1600000000	0.2000000000	1	8
0.1700000000	0.2000000000	1	8
0.1800000000	0.2000000000	1	8
0.1900000000	0.2000000000	1	8
0.2000000000	0.2000000000	1	8
0.2100000000	0.2000000000	1	8
0.2200000000	0.2000000000	1	8
0.2300000000	0.2000000000	1	8
0.2400000000	0.2000000000	1	8
0.2500000000	0.2000000000	1	8
0.2600000000	0.2000000000	1	8
0.2700000000	0.2000000000	1	8
0.2800000000	0.2000000000	1	8
0.2900000000	0.2000000000	1	8
0.3000000000	0.2000000000	1	8
0.3100000000	0.2000000000	1	8
0.3200000000	0.2000000000	1	8
0.3300000000	0.2000000000	1	8
0.3400000000	0.2000000000	1	8
0.3500000000	0.2000000000	1	8
0.3600000000	0.2000000000	1	8
0.3700000000	0.2000000000	1	8
0.3800000000	0.2000000000	1	8
0.3900000000	0.2000000000	1	8
0.4000000000	0.2000000000	1	8
0.4100000000	0.2000000000	1	8
0.4200000000	0.2000000000	1	8
0.4300000000	0.2000000000	1	8
0.4400000000	0.2000000000	1	8
0.4500000000	0.2000000000	1	8
0.4600000000	0.2000000000	1	8
0.4700000000	0.2000000000	1	8
0.4800000000	0.2000000000	1	8
0.4900000000	0.2000000000	1	8
0.5000000000	0.2000000000	1	8
0.5100000000	0.2000000000	1	8
0.5200000000	0.2000000000	1	8
0.5300000000	0.2000000000	1	8
0.5400000000	0.2000000000	1	8
0.5500000000	0.2000000000	1	8
0.5600000000	0.2000000000	1	8
0.5700000000	0.2000000000	1	8
0.5800000000	0.2000000000	1	8
0.5900000000	0.2000000000	1	8
0.6000000000	0.2000000000	1	8
0.6100000000	0.2000000000	1	8
0.6200000000	0.2000000000	1	8
0.6300000000	0.2000000000	1	8
0.6400000000	0.2000000000	1	8
0.6500000000	0.2000000000	1	8
0.6600000000	0.2000000000	1	8
0.6700000000	0.2000000000	1	8
0.6800000000	0.2000000000	1	8
0.6900000000	0.2000000000	1	8
0.7000000000	0.2000000000	1	8
0.7100000000	0.2000000000	1	8
0.7200000000	0.2000000000	1	8
0.7300000000	0.2000000000	1	8
0.7400000000	0.2000000000	1	8
0.7500000000	0.2000000000	1	8
0.7600000000	0.2000000000	1	8
0.7700000000	0.2000000000	1	8
0.7800000000	0.2000000000	1	8
0.7900000000	0.2000000000	1	8
0.8000000000	0.2000000000	1	8
0.8100000000	0.2000000000	1	8
0.8200000000	0.2000000000	1	8
0.8300000000	0.2000000000	1	8
0.8400000000	0.2000000000	1	8
0.8500000000	0.2000000000	1	8
0.8600000000	0.2000000000	1	8
0.8700000000	0.2000000000	1	8
0.8800000000	0.2000000000	1	8
0.8900000000	0.2000000000	1	8
0.9000000000	0.2000000000	1	8
0.9100000000	0.2000000000	1	8
0.9200000000	0.2000000000	1	8
0.9300000000	0.2000000000	1	8
0.9400000000	0.2000000000	1	8
0.9500000000	0.2000000000	1	8
0.9600000000	0.2000000000	1	8
0.9700000000	0.2000000000	1	8
0.9800000000	0.2000000000	1	8
0.9900000000	0.2000000000	1	8
1.0000000000	0.2000000000	1	8
1.0100000000	0.2000000000	1	8
1.0200000000	0.2000000000	1	8
1.0300000000	0.2000000000	1	8
1.0400000000	0.2000000000	1	8
1.0500000000	0.2000000000	1	8
1.0600000000	0.2000000000	1	8
1.0700000000	0.2000000000	1	8
1.0800000000	0.2000000000	1	8
1.0900000000	0.2000000000	1	8
1.1000000000	0.2000000000	1	8
1.1100000000	0.2000000000	1	8
1.1200000000	0.2000000000	1	8
1.1300000000	0.2000000000	1	8
1.1400000000	0.2000000000	1	8
1.1500000000	0.2000000000	1	8
1.1600000000	0.2000000000	1	8
1.1700000000	0.2000000000	1	8
1.1800000000	0.2000000000	1	8
1.1900000000	0.2000000000	1	8
1.2000000000	0.2000000000	1	8
1.2100000000	0.2000000000	1	8
1.2200000000	0.2000000000	1	8
1.2300000000	0.2000000000	1	8
1.2400000000	0.2000000000	1	8
1.2500000000	0.2000000000	1	8
1.2600000000	0.2000000000	1	8
1.2700000000	0.2000000000	1	8
1.2800000000	0.2000000000	1	8
1.2900000000	0.2000000000	1	8
1.3000000000	0.2000000000	1	8
1.3100000000	0.2000000000	1	8
1.3200000000	0.2000000000	1	8
1.3300000000	0.2000000000	1	8
1.3400000000	0.2000000000	1	8
1.3500000000	0.2000000000	1	8
1.3600000000	0.2000000000	1	8
1.3700000000	0.2000000000	1	8
1.3800000000	0.2000000000	1	8
1.3900000000	0.2000000000	1	8
1.4000000000	0.2000000000	1	8
1.4100000000	0.2000000000	1	8
1.4200000000	0.2000000000	1	8
1.4300000000	0.2000000000	1	8
1.4400000000	0.2000000000	1	8
1.4500000000	0.2000000000	1	8
1.4600000000	0.2000000000	1	8
1.4700000000	0.2000000000	1	8
1.4800000000	0.2000000000	1	8
1.4900000000	0.2000000000	1	8
1.5000000000	0.2000000000	1	8
1.5100000000	0.2000000000	1	8
1.5200000000	0.2000000000	1	8
1.5300000000	0.2000000000	1	8
1.5400000000	0.2000000000	1	8
1.5500000000	0.2000000000	1	8
1.5600000000	0.2000000000	1	8
1.5700000000	0.2000000000	1	8
1.5800000000	0.2000000000	1	8
1.5900000000	0.2000000000	1	8
1.6000000000	0.2000000000	1	8
1.6100000000	0.2000000000	1	8
1.6200000000	0.2000000000	1	8
1.6300000000	0.2000000000	1	8
1.6400000000	0.2000000000	1	8
1.6500000000	0.2000000000	1	8
1.6600000000	0.2000000000	1	8
1.6700000000	0.2000000000	1	8
1.6800000000	0.2000000000	1	8
1.6900000000	0.2000000000	1	8
1.7000000000	0.2000000000	1	8
1.7100000000	0.2000000000	1	8
1.7200000000	0.2000000000	1	8
1.7300000000	0.2000000000	1	8
1.7400000000	0.2000000000	1	8
1.7500000000	0.2000000000	1	8
1.7600000000	0.2000000000	1	8
1.7700000000	0.2000000000	1	8
1.7800000000	0.2000000000	1	8
1.7900000000	0.2000000000	1	8
1.8000000000	0.2000000000	1	8
1.8100000000	0.2000000000	1	8
1.8200000000	0.2000000000	1	8
1.8300000000	0.2000000000	1	8
1.8400000000	0.2000000000	1	8
1.8500000000	0.2000000000	1	8
1.8600000000	0.2000000000	1	8
1.8700000000	0.2000000000	1	8
1.8800000000	0.2000000000	1	8
1.8900000000	0.2000000000	1	8
1.9000000000	0.2000000000	1	8
1.9100000000	0.2000000000	1	8
1.9200000000	0.2000000000	1	8
1.9300000000	0.2000000000	1	8
1.9400000000	0.2000000000	1	8
1.9500000000	0.2000000000	1	8
1.9600000000	0.2000000000	1	8
1.9700000000	0.2000000000	1	8
1.9800000000	0.2000000000	1	8
1.9900000000	0.2000000000	1	8
2.0000000000	0.2000000000	1	8
2.0100000000	0.2000000000	1	8
2.0200000000	0.2000000000	1	8
2.0300000000	0.2000000000	1	8
2.0400000000	0.2000000000	1	8
2.0500000000	0.2000000000	1	8
2.0600000000	0.2000000000	1	8
2.0700000000	0.2000000000	1	8
2.0800000000	0.2000000000	1	8
2.0900000000	0.2000000000	1	8
2.1000000000	0.2000000000	1	8
2.1100000000	0.2000000000	1	8
2.1200000000	0.2000000000	1	8
2.1300000000	0.2000000000	1	8
2.1400000000	0.2000000000	1	8
2.1500000000	0.2000000000	1	8
2.1600000000	0.2000000000	1	8
2.1700000000	0.2000000000	1	8
2.1800000000	0.2000000000	1	8
2.1900000000	0.2000000000	1	8
2.2000000000	0.2000000000	1	8
2.2100000000	0.2000000000	1	8
2.2200000000	0.2000000000	1	8
2.2300000000	0.2000000000	1	8
2.2400000000	0.2000000000	1	8
2.2500000000	0.2000000000	1	8
2.2600000000	0.2000000000	1	8
2.2700000000	0.2000000000	1	8
2.2800000000	0.2000000000	1	8
2.2900000000	0.2000000000	1	8
2.3000000000	0.2000000000	1	8
2.3100000000	0.2000000000	1	8
2.3200000000	0.2000000000	1	8
2.3300000000	0.2000000000	1	8
2.3400000000	0.2000000000	1	8
2.3500000000	0.2000000000	1	8
2.3600000000	0.2000000000	1	8
2.3700000000	0.2000000000	1	8
2.3800000000	0.2000000000	1	8
2.3900000000	0.2000000000	1	8
2.4000000000	0.2000000000	1	8
2.4100000000	0.2000000000	1	8
2.4200000000	0.2000000000	1	8
2.4300000000	0.2000000000	1	8
2.4400000000	0.2000000000	1	8
2.4500000000	0.2000000000	1	8
2.4600000000	0.2000000000	1	8
2.4700000000	0.2000000000	1	8
2.4800000000	0.2000000000	1	8
2.4900000000	0.2000000000	1	8
2.5000000000	0.2000000000	1	8
2.5100000000	0.2000000000	1	8
2.5200000000	0.2000000000	1	8
2.5300000000	0.2000000000	1	8
2.5400000000	0.2000000000	1	8
2.5500000000	0.2000000000	1	8
2.5600000000	0.2000000000	1	8
2.5700000000	0.2000000000	1	8
2.5800000000	0.2000000000	1	8
2.5900000000	0.2000000000	1	8
2.6000000000	0.2000000000	1	8
2.6100000000	0.2000000000	1	8
2.6200000000	0.2000000000	1	8
2.6300000000	0.2000000000	1	8
2.6400000000	0.2000000000	1	8
2.6500000000	0.2000000000	1	8
2.6600000000	0.2000000000	1	8
2.6700000000	0.2000000000	1	8
2.6800000000	0.2000000000	1	8
2.6900000000	0.2000000000	1	8
2.7000000000	0.2000000000	1	8
2.7100000000	0.2000000000	1	8
2.7200000000	0.2000000000	1	8
2.7300000000	0.2000000000	1	8
2.7400000000	0.2000000000	1	8
2.7500000000	0.2000000000	1	8
2.7600000000	0.2000000000	1	8
2.7700000000	0.2000000000	1	8
2.7800000000	0.2000000000	1	8
2.7900000000	0.2000000000	1	8
2.8000000000	0.2000000000	1	8
2.8100000000	0.2000000000	1	8
2.8200000000	0.2000000000	1	8
2.8300000000	0.2000000000	1	8
2.8400000000	0.2000000000	1	8
2.8500000000	0.2000000000	1	8
2.8600000000	0.2000000000	1	8
2.8700000000	0.2000000000	1	8
2.8800000000	0.2000000000	1	8
2.8900000000	0.2000000000	1	8
2.9000000000	0.2000000000	1	8
2.9100000000	0.2000000000	1	8
2.9200000000	0.2000000000	1	8
2.9300000000	0.2000000000	1	8
2.9400000000	0.2000000000	1	8
2.9500000000	0.2000000000	1	8
2.9600000000	0.2000000000	1	8
2.9700000000	0.2000000000	1	8
2.9800000000	0.2000000000	1	8
2.9900000000	0.2000000000	1	8
3.0000000000	0.2000000000	1	8
3.0100000000	0.2000000000	1	8
3.0200000000	0.2000000000	1	8
3.0300000000	0.2000000000	1	8
3.0400000000	0.2000000000	1	8
3.0500000000	0.2000000000	1	8
3.0600000000	0.2000000000	1	8
3.0700000000	0.2000000000	1	8
3.0800000000	0.2000000000	1	8
3.0900000000	0.2000000000	1	8
3.1000000000	0.2000000000	1	8
3.1100000000	0.2000000000	1	8
3.1200000000	0.2000000000	1	8
3.1300000000	0.2000000000	1	8
3.1400000000	0.2000000000	1	8
3.1500000000	0.2000000000	1	8
3.1600000000	0.2000000000	1	8
3.1700000000	0.2000000000	1	8
3.1800000000	0.2000000000	1	8
3.1900000000	0.2000000000	1	8
3.2000000000	0.2000000000	1	8
3.2100000000	0.2000000000	1	8
3.2200000000	0.2000000000	1	8
3.2300000000	0.2000000000	1	8
3.2400000000	0.2000000000	1	8
3.2500000000	0.2000000000	1	8
3.2600000000	0.2000000000	1	8
3.2700000000	0.2000000000	1	8
3.2800000000	0.2000000000	1	8
3.2900000000	0.2000000000	1	8
3.3000000000	0.2000000000	1	8
3.3100000000	0.2000000000	1	8
3.3200000000	0.2000000000	1	8
3.3300000000	0.2000000000	1	8
3.3400000000	0.2000000000	1	8
3.3500000000	0.2000000000	1	8
3.3600000000	0.2000000000	1	8
3.3700000000	0.2000000000	1	8
3.3800000000	0.2000000000	1	8
3.3900000000	0.2000000000	1	8
3.4000000000	0.2000000000	1	8
3.4100000000	0.2000000000	1	8
3.4200000000	0.2000000000	1	8
3.4300000000	0.2000000000	1	8
3.4400000000	0.2000000000	1	8
3.4500000000	0.2000000000	1	8
3.4600000000	0.2000000000	1	8
3.4700000000	0.2000000000	1	8
3.4800000000	0.2000000000	1	8
3.4900000000	0.2000000000	1	8
3.5000000000	0.2000000000	1	8
3.5100000000	0.2000000000	1	8
3.5200000000	0.2000000000	1	8
3.5300000000	0.2000000000	1	8
3.5400000000	0.2000000000	1	8
3.5500000000	0.2000000000	1	8
3.5600000000	0.2000000000	1	8
3.5700000000	0.2000000000	1	8
3.5800000000	0.2000000000	1	8
3.5900000000	0.2000000000	1	8
3.6000000000	0.2000000000	1	8
3.6100000000	0.2000000000	1	8
3.6200000000	0.2000000000	1	8
3.6300000000	0.2000000000	1	8
3.6400000000	0.2000000000	1	8
3.6500000000	0.2000000000	1	8
3.6600000000	0.2000000000	1	8
3.6700000000	0.2000000000	1	8
3.6800000000	0.2000000000	1	8
3.6900000000	0.2000000000	1	8
3.7000000000	0.2000000000	1	8
3.7100000000	0.2000000000	1	8
3.7200000000	0.2000000000	1	8
3.7300000000	0.2000000000	1	8
3.7400000000	0.2000000000	1	8
3.7500000000	0.2000000000	1	8
3.7600000000	0.2000000000	1	8
3.7700000000	0.2000000000	1	8
3.7800000000	0.2000000000	1	8
3.7900000000	0.2000000000	1	8
3.8000000000	0.2000000000	1	8
3.8100000000	0.2000000000	1	8
3.8200000000	0.2000000000	1	8
3.8300000000	0.2000000000	1	8
3.8400000000	0.2000000000	1	8
3.8500000000	0.2000000000	1	8
3.8600000000	0.2000000000	1	8
3.8700000000	0.2000000000	1	8
3.8800000000	0.2000000000	1	8
3.8900000000	0.2000000000	1	8
3.9000000000	0.2000000000	1	8
3.9100000000	0.2000000000	1	8
3.9200000000	0.2000000000	1	8
3.9300000000	0.2000000000	1	8
3.9400000000	0.2000000000	1	8
3.9500000000	0.2000000000	1	8
3.9600000000	0.2000000000	1	8
3.9700000000	0.2000000000	1	8
3.9800000000	0.2000000000	1	8
3.9900000000	0.2000000000	1	8
4.0000000000	0.2000000000	1	8
4.0100000000	0.2000000000	1	8
4.0200000000	0.2000000000	1	8
4.0300000000	0.2000000000	1	8
4.0400000000	0.2000000000	1	8
4.0500000000	0.2000000000	1	8
4.0600000000	0.2000000000	1	8
4.0700000000	0.2000000000	1	8
4.0800000000	0.2000000000	1	8
4.0900000000	0.2000000000	1	8
4.1000000000	0.2000000000	1	8
4.1100000000	0.2000000000	1	8
4.1200000000	0.2000000000	1	8
4.1300000000	0.2000000000	1	8
4.1400000000	0.2000000000	1	8
4.1500000000	0.2000000000	1	8
4.1600000000	0.2000000000	1	8
4.1700000000	0.2000000000	1	8
4.1800000000	0.2000000000	1	8
4.1900000000	0.2000000000	1	8
4.2000000000	0.2000000000	1	8
4.2100000000	0.2000000000	1	8
4.2200000000	0.2000000000	1	8
4.2300000000	0.2000000000	1	8
4.2400000000	0.2000000000	1	8
4.2500000000	0.2000000000	1	8
4.2600000000	0.2000000000	1	8
4.2700000000	0.2000000000	1	8
4.2800000000	0.2000000000	1	8
4.2900000000	0.2000000000	1	8
4.3000000000	0.2000000000	1	8
4.3100000000	0.2000000000	1	8
4.3200000000	0.2000000000	1	8
4.3300000000	0.2000000000	1	8
4.3400000000	0.2000000000	1	8
4.3500000000	0.2000000000	1	8
4.3600000000	0.2000000000	1	8
4.3700000000	0.2000000000	1	8
4.3800000000	0.2000000000	1	8
4.3900000000	0.2000000000	1	8
4.4000000000	0.2000000000	1	8
4.4100000000	0.2000000000	1	8
4.4200000000	0.2000000000	1	8
4.4300000000	0.2000000000	1	8
4.4400000000	0.2000000000	1	8
4.4500000000	0.2000000000	1	8
4.4600000000	0.2000000000	1	8
4.4700000000	0.2000000000	1	8
4.4800000000	0.2000000000	1	8
4.4900000000	0.2000000000	1	8
4.5000000000	0.2000000000	1	8
4.5100000000	0.2000000000	1	8
4.5200000000	0.2000000000	1	8
4.5300000000	0.2000000000	1	8
4.5400000000	0.2000000000	1	8
4.5500000000	0.2000000000	1	8
4.5600000000	0.2000000000	1	8
4.5700000000	0.2000000000	1	8
4.5800000000	0.2000000000	1	8
4.5900000000	0.2000000000	1	8
4.6000000000	0.2000000000	1	8
4.6100000000	0.2000000000	1	8
4.6200000000	0.2000000000	1	8
4.6300000000	0.2000000000	1	8
4.6400000000	0.2000000000	1	8
4.6500000000	0.2000000000	1	8
4.6600000000	0.2000000000	1	8
4.6700000000	0.2000000000	1	8
4.6800000000	0.2000000000	1	8
4.6900000000	0.2000000000	1	8
4.7000000000	0.2000000000	1	8
4.7100000000	0.2000000000	1	8
4.7200000000	0.2000000000	1	8
4.7300000000	0.2000000000	1	8
4.7400000000	0.2000000000	1	8
4.7500000000	0.2000000000	1	8
4.7600000000	0.2000000000	1	8
4.7700000000	0.2000000000	1	8
4.7800000000	0.2000000000	1	8
4.7900000000	0.2000000000	1	8
4.8000000000	0.2000000000	1	8
4.8100000000	0.2000000000	1	8
4.8200000000	0.2000000000	1	8
4.8300000000	0.2000000000	1	8
4.8400000000	0.2000000000	1	8
4.8500000000	0.2000000000	1	8
4.8600000000	0.2000000000	1	8
4.8700000000	0.2000000000	1	8
4.8800000000	0.2000000000	1	8
4.8900000000	0.2000000000	1	8
4.9000000000	0.2000000000	1	8
4.9100000000	0.2000000000	1	8
4.9200000000	0.2000000000	1	8
4.9300000000	0.2000000000	1	8
4.9400000000	0.2000000000	1	8
4.9500000000	0.2000000000	1	8
4.9600000000	0.2000000000	1	8
4.9700000000	0.2000000000	1	8
4.9800000000	0.2000000000	1	8
4.9900000000	0.2000000000	1	8
5.0000000000	0.2000000000	1	8
5.0100000000	0.2000000000	1	8
5.0200000000	0.2000000000	1	8
5.0300000000	0.2000000000	1	8
5.0400000000	0.2000000000	1	8
5.0500000000	0.2000000000	1	8
5.0600000000	0.2000000000	1	8
5.0700000000	0.2000000000	1	8
5.0800000000	0.2000000000	1	8
5.0900000000	0.2000000000	1	8
5.1000000000	0.2000000000	1	8
5.1100000000	0.2000000000	1	8
5.1200000000	0.2000000000	1	8
5.1300000000	0.2000000000	1	8
5.1400000000	0.2000000000	1	8
5.1500000000	0.2000000000	1	8
5.1600000000	0.2000000000	1	8
5.1700000000	0.2000000000	1	8
5.1800000000	0.2000000000	1	8
5.1900000000	0.2000000000	1	8
5.2000000000	0.2000000000	1	8
5.2100000000	0.2000000000	1	8
5.2200000000	0.2000000000	1	8
5.2300000000	0.2000000000	1	8
5.2400000000	0.2000000000	1	8
5.2500000000	0.2000000000	1	8
5.2600000000	0.2000000000	1	8
5.2700000000	0.2000000000	1	8
5.2800000000	0.2000000000	1	8
5.2900000000	0.2000000000	1	8
5.3000000000	0.2000000000	1	8
5.3100000000	0.2000000000	1	8
5.3200000000	0.2000000000	1	8
5.3300000000	0.2000000000	1	8
5.3400000000	0.2000000000	1	8
5.3500000000	0.2000000000	1	8
5.3600000000	0.2000000000	1	8
5.3700000000	0.2000000000	1	8
5.3800000000	0.2000000000	1	8
5.3900000000	0.2000000000	1	8
5.4000000000	0.2000000000	1	8
5.4100000000	0.2000000000	1	8
5.4200000000	0.2000000000	1	8
5.4300000000	0.2000000000	1	8
5.4400000000	0.2000000000	1	8
5.4500000000	0.2000000000	1	8
5.4600000000	0.2000000000	1	8
5.4700000000	0.2000000000	1	8
5.4800000000	0.2000000000	1	8
5.4900000000	0.2000000000	1	8
5.5000000000	0.2000000000	1	8
5.5100000000	0.2000000000	1	8
5.5200000000	0.2000000000	1	8
5.5300000000	0.2000000000	1	8
5.5400000000	0.2000000000	1	8
5.5500000000	0.2000000000	1	8
5.5600000000	0.2000000000	1	8
5.5700000000	0.2000000000	1	8
5.5800000000	0.2000000000	1	8
5.5900000000	0.2000000000	1	8
5.6000000000	0.2000000000	1	8
5.6100000000	0.2000000000	1	8
5.6200000000	0.2000000000	1	8
5.6300000000	0.2000000000	1	8
5.6400000000	0.2000000000	1	8
5.6500000000	0.2000000000	1	8
5.6600000000	0.2000000000	1	8
5.6700000000	0.2000000000	1	8
5.6800000000	0.2000000000	1	8
5.6900000000	0.2000000000	1	8
5.7000000000	0.2000000000	1	8
5.7100000000	0.2000000000	1	8
5.7200000000	0.2000000000	1	8
5.7300000000	0.2000000000	1	8
5.7400000000	0.2000000000	1	8
5.7500000000	0.2000000000	1	8
5.7600000000	0.2000000000	1	8
5.7700000000	0.2000000000	1	8
5.7800000000	0.2000000000	1	8
5.7900000000	0.2000000000	1	8
5.8000000000	0.2000000000	1	8
5.8100000000	0.2000000000	1	8
5.8200000000	0.2000000000	1	8
5.8300000000	0.2000000000	1	8
5.8400000000	0.2000000000	1	8
5.8500000000	0.2000000000	1	8
5.8600000000	0.2000000000	1	8
5.8700000000	0.2000000000	1	8
5.8800000000	0.2000000000	1	8
5.8900000000	0.2000000000	1	8
5.9000000000	0.2000000000	1	8
5.9100000000	0.2000000000	1	8
5.9200000000	0.2000000000	1	8
5.9300000000	0.2000000000	1	8
5.9400000000	0.2000000000	1	8
5.9500000000	0.2000000000	1	8
5.9600000000	0.2000000000	1	8
5.9700000000	0.2000000000	1	8
5.9800000000	0.2000000000	1	8
5.9900000000	0.2000000000	1	8
6.0000000000	0.2000000000	1	8
6.0100000000	0.2000000000	1	8
6.0200000000	0.2000000000	1	8
6.0300000000	0.2000000000	1	8
6.0400000000	0.2000000000	1	8
6.0500000000	0.2000000000	1	8
6.0600000000	0.2000000000	1	8
6.0700000000	0.2000000000	1	8
6.0800000000	0.2000000000	1	8
6.0900000000	0.2000000000	1	8
6.1000000000	0.2000000000	1	8
6.1100000000	0.2000000000	1	8
6.1200000000	0.2000000000	1	8
6.1300000000	0.2000000000	1	8
6.1400000000	0.2000000000	1	8
6.1500000000	0.2000000000	1	8
6.1600000000	0.2000000000	1	8
6.1700000000	0.2000000000	1	8
6.1800000000	0.2000000000	1	8
6.1900000000	0.2000000000	1	8
6.2000000000	0.2000000000	1	8
6.2100000000	0.2000000000	1	8
6.2200000000	0.2000000000	1	8
6.2300000000	0.2000000000	1	8
6.2400000000	0.2000000000	1	8
6.2500000000	0.2000000000	1	8
6.2600000000	0.2000000000	1	8
6.2700000000	0.2000000000	1	8
6.2800000000	0.2000000000	1	8
6.2900000000	0.2000000000	1	8
6.3000000000	0.2000000000	1	8
6.3100000000	0.2000000000	1	8
6.3200000000	0.2000000000	1	8
6.3300000000	0.2000000000	1	8
6.3400000000	0.2000000000	1	8
6.3500000000	0.2000000000	1	8
6.3600000000	0.2000000000	1	8
6.3700000000	0.2000000000	1	8
6.3800000000	0.2000000000	1	8
6.3900000000	0.2000000000	1	8
6.4000000000	0.2000000000	1	8
6.4100000000	0.2000000000	1	8
6.4200000000	0.2000000000	1	8
6.4300000000	0.2000000000	1	8
6.4400000000	0.2000000000	1	8
6.4500000000	0.2000000000	1	8
6.4600000000	0.2000000000	1	8
6.4700000000	0.2000000000	1	8
6.4800000000	0.2000000000	1	8
6.4900000000	0.2000000000	1	8
6.5000000000	0.2000000000	1	8
6.5100000000	0.2000000000	1	8
6.5200000000	0.2000000000	1	8
6.5300000000	0.2000000000	1	8
6.5400000000	0.2000000000	1	8
6.5500000000	0.2000000000	1	8
6.5600000000	0.2000000000	1	8
6.5700000000	0.2000000000	1	8
6.5800000000	0.2000000000	1	8
6.5900000000	0.2000000000	1	8
6.6000000000	0.2000000000	1	8
6.6100000000	0.2000000000	1	8
6.6200000000	0.2000000000	1	8
6.6300000000	0.2000000000	1	8
6.6400000000	0.2000000000	1	8
6.6500000000	0.2000000000	1	8
6.6600000000	0.2000000000	1	8
6.6700000000	0.2000000000	1	8
6.6800000000	0.2000000000	1	8
6.6900000000	0.2000000000	1	8
6.7000000000	0.2000000000	1	8
6.7100000000	0.2000000000	1	8
6.7200000000	0.2000000000	1	8
6.7300000000	0.2000000000	1	8
6.7400000000	0.2000000000	1	8
6.7500000000	0.2000000000	1	8
6.7600000000	0.2000000000	1	8
6.7700000000	0.2000000000	1	8
6.7800000000	0.2000000000	1	8
6.7900000000	0.2000000000	1	8
6.8000000000	0.2000000000	1	8
6.8100000000	0.2000000000	1	8
6.8200000000	0.2000000000	1	8
6.8300000000	0.2000000000	1	8
6.8400000000	0.2000000000	1	8
6.8500000000	0.2000000000	1	8
6.8600000000	0.2000000000	1	8
6.8700000000	0.2000000000	1	8
6.8800000000	0.2000000000	1	8
6.8900000000	0.2000000000	1	8
6.9000000000	0.2000000000	1	8
6.9100000000	0.2000000000	1	8
6.9200000000	0.2000000000	1	8
6.9300000000	0.2000000000	1	8
6.9400000000	0.2000000000	1	8
6.9500000000	0.2000000000	1	8
6.9600000000	0.2000000000	1	8
6.9700000000	0.2000000000	1	8
6.9800000000	0.2000000000	1	8
6.9900000000	0.2000000000	1	8
7.0000000000	0.2000000000	1	8
7.0100000000	0.2000000000	1	8
7.0200000000	0.2000000000	1	8
7.0300000000	0.2000000000	1	8
7.0400000000	0.2000000000	1	8
7.0500000000	0.2000000000	1	8
7.0600000000	0.2000000000	1	8
7.0700000000	0.2000000000	1	8
7.0800000000	0.2000000000	1	8
7.0900000000	0.2000000000	1	8
7.1000000000	0.2000000000	1	8
7.1100000000	0.2000000000	1	8
7.1200000000	0.2000000000	1	8
7.1300000000	0.2000000000	1	8
7.1400000000	0.2000000000	1	8
7.1500000000	0.2000000000	1	8
7.1600000000	0.2000000000	1	8
7.1700000000	0.2000000000	1	8
7.1800000000	0.2000000000	1	8
7.1900000000	0.2000000000	1	8
7.2000000000	0.2000000000	1	8
7.2100000000	0.2000000000	1	8
7.2200000000	0.2000000000	1	8
7.2300000000	0.2000000000	1	8
7.2400000000	0.2000000000	1	8
7.2500000000	0.2000000000	1	8
7.2600000000	0.2000000000	1	8
7.2700000000	0.2000000000	1	8
7.2800000000	0.2000000000	1	8
7.2900000000	0.2000000000	1	8
7.3000000000	0.2000000000	1	8
7.3100000000	0.2000000000	1	8
7.3200000000	0.2000000000	1	8
7.3300000000	0.2000000000	1	8
7.3400000000	0.2000000000	1	8
7.3500000000	0.2000000000	1	8
7.3600000000	0.2000000000	1	8
7.3700000000	0.2000000000	1	8
7.3800000000	0.2000000000	1	8
7.3900000000	0.2000000000	1	8
7.4000000000	0.2000000000	1	8
7.4100000000	0.2000000000	1	8
7.4200000000	0.2000000000	1	8
7.4300000000	0.2000000000	1	8
7.4400000000	0.2000000000	1	8
7.4500000000	0.2000000000	1	8
7.4600000000	0.2000000000	1	8
7.4700000000	0.2000000000	1	8
7.4800000000	0.2000000000	1	8
7.4900000000	0.2000000000	1	8
7.5000000000	0.2000000000	1	8
7.5100000000	0.2000000000	1	8
7.5200000000	0.2000000000	1	8
7.5300000000	0.2000000000	1	8
7.5400000000	0.2000000000	1	8
7.5500000000	0.2000000000	1	8
7.5600000000	0.2000000000	1	8
7.5700000000	0.2000000000	1	8
7.5800000000	0.2000000000	1	8
7.5900000000	0.2000000000	1	8
7.6000000000	0.2000000000	1	8
7.6100000000	0.2000000000	1	8
7.6200000000	0.2000000000	1	8
7.6300000000	0.2000000000	1	8
7.6400000000	0.2000000000	1	8
7.6500000000	0.2000000000	1	8
7.6600000000	0.2000000000	1	8
7.6700000000	0.2000000000	1	8
7.6800000000	0.2000000000	1	8
7.6900000000	0.2000000000	1	8
7.7000000000	0.2000000000	1	8
7.7100000000	0.2000000000	1	8
7.7200000000	0.2000000000	1	8
7.7300000000	0.2000000000	1	8
7.7400000000	0.2000000000	1	8
7.7500000000	0.2000000000	1	8
7.7600000000	0.2000000000	1	8
7.7700000000	0.2000000000	1	8
7.7800000000	0.2000000000	1	8
7.7900000000	0.2000000000	1	8
7.8000000000	0.2000000000	1	8
7.8100000000	0.2000000000	1	8
7.8200000000	0.2000000000	1	8
7.8300000000	0.2000000000	1	8
7.8400000000	0.2000000000	1	8
7.8500000000	0.2000000000	1	8
7.8600000000	0.2000000000	1	8
7.8700000000	0.2000000000	1	8
7.8800000000	0.2000000000	1	8
7.8900000000	0.2000000000	1	8
7.9000000000	0.2000000000	1	8
7.9100000000	0.2000000000	1	8
7.9200000000	0.2000000000	1	8
7.9300000000	0.2000000000	1	8
7.9400000000	0.2000000000	1	8
7.9500000000	0.2000000000	1	8
7.9600000000	0.2000000000	1	8
7.9700000000	0.2000000000	1	8
7.9800000000	0.2000000000	1	8
7.9900000000	0.2000000000	1	8
8.0000000000	0.2000000000	1	8
8.0100000000	0.2000000000	1	8
8.0200000000	0.2000000000	1	8
8.0300000000	0.2000000000	1	8
8.0400000000	0.2000000000	1	8
8.0500000000	0.2000000000	1	8
8.0600000000	0.2000000000	1	8
8.0700000000	0.2000000000	1	8
8.0800000000	0.2000000000	1	8
8.0900000000	0.2000000000	1	8
8.1000000000	0.2000000000	1	8
8.1100000000	0.2000000000	1	8
8.1200000000	0.2000000000	1	8
8.1300000000	0.2000000000	1	8
8.1400000000	0.2000000000	1	8
8.1500000000	0.2000000000	1	8
8.1600000000	0.2000000000	1	8
8.1700000000	0.2000000000	1	8
8.1800000000	0.2000000000	1	8
8.1900000000	0.2000000000	1	8
8.2000000000	0.2000000000	1	8
8.2100000000	0.2000000000	1	8
8.2200000000	0.2000000000	1	8
8.2300000000	0.2000000000	1	8
8.2400000000	0.2000000000	1	8
8.2500000000	0.2000000000	1	8
8.2600000000	0.2000000000	1	8
8.2700000000	0.2000000000	1	8
8.2800000000	0.2000000000	1	8
8.2900000000	0.2000000000	1	8
8.3000000000	0.2000000000	1	8
8.3100000000	0.2000000000	1	8
8.3200000000	0.2000000000	1	8
8.3300000000	0.2000000000	1	8
8.3400000000	0.2000000000	1	8
8.3500000000	0.2000000000	1	8
8.3600000000	0.2000000000	1	8
8.3700000000	0.2000000000	1	8
8.3800000000	0.2000000000	1	8
8.3900000000	0.2000000000	1	8
8.4000000000	0.2000000000	1	8
8.4100000000	0.2000000000	1	8
8.4200000000	0.2000000000	1	8
8.4300000000	0.2000000000	1	8
8.4400000000	0.2000000000	1	8
8.4500000000	0.2000000000	1	8
8.4600000000	0.2000000000	1	8
8.4700000000	0.2000000000	1	8
8.4800000000	0.2000000000	1	8
8.4900000000	0.2000000000	1	8
8.5000000000	0.2000000000	1	8
8.5100000000	0.2000000000	1	8
8.5200000000	0.2000000000	1	8
8.5300000000	0.2000000000	1	8
8.5400000000	0.2000000000	1	8
8.5500000000	0.2000000000	1	8
8.5600000000	0.2000000000	1	8
8.5700000000	0.2000000000	1	8
8.5800000000	0.2000000000	1	8
8.5900000000	0.2000000000	1	8
8.6000000000	0.2000000000	1	8
8.6100000000	0.2000000000	1	8
8.6200000000	0.2000000000	1	8
8.6300000000	0.2000000000	1	8
8.6400000000	0.2000000000	1	8
8.6500000000	0.2000000000	1	8
8.6600000000	0.2000000000	1	8
8.6700000000	0.2000000000	1	8
8.6800000000	0.2000000000	1	8
8.6900000000	0.2000000000	1	8
8.7000000000	0.2000000000	1	8
8.7100000000	0.2000000000	1	8
8.7200000000	0.2000000000	1	8
8.7300000000	0.2000000000	1	8
8.7400000000	0.2000000000	1	8
8.7500000000	0.2000000000	1	8
8.7600000000	0.2000000000	1	8
8.7700000000	0.2000000000	1	8
8.7800000000	0.2000000000	1	8
8.7900000000	0.2000000000	1	8
8.8000000000	0.2000000000	1	8
8.8100000000	0.2000000000	1	8
8.8200000000	0.2000000000	1	8
8.8300000000	0.2000000000	1	8
8.8400000000	0.2000000000	1	8
8.8500000000	0.2000000000	1	8
8.8600000000	0.2000000000	1	8
8.8700000000	0.2000000000	1	8
8.8800000000	0.2000000000	1	8
8.8900000000	0.2000000000	1	8
8.9000000000	0.2000000000	1	8
8.9100000000	0.2000000000	1	8
8.9200000000	0.2000000000	1	8
8.9300000000	0.2000000000	1	8
8.9400000000	0.2000000000	1	8
8.9500000000	0.2000000000	1	8
8.9600000000	0.2000000000	1	8
8.9700000000	0.2000000000	1	8
8.9800000000	0.2000000000	1	8
8.9900000000	0.2000000000	1	8
9.0000000000	0.2000000000	1	8
9.0100000000	0.2000000000	1	8
9.0200000000	0.2000000000	1	8
9.0300000000	0.2000000000	1	8
9.0400000000	0.2000000000	1	8
9.0500000000	0.2000000000	1	8
9.0600000000	0.2000000000	1	8
9.0700000000	0.2000000000	1	8
9.0800000000	0.2000000000	1	8
9.0900000000	0.2000000000	1	8
9.1000000000	0.2000000000	1	8
9.1100000000	0.2000000000	1	8
9.1200000000	0.2000000000	1	8
9.1300000000	0.2000000000	1	8
9.1400000000	0.2000000000	1	8
9.1500000000	0.2000000000	1	8
9.1600000000	0.2000000000	1	8
9.1700000000	0.2000000000	1	8
9.1800000000	0.2000000000	1	8
9.1900000000	0.2000000000	1	8
9.2000000000	0.2000000000	1	8
9.2100000000	0.2000000000	1	8
9.2200000000	0.2000000000	1	8
9.2300000000	0.2000000000	1	8
9.2400000000	0.2000000000	1	8
9.2500000000	0.2000000000	1	8
9.2600000000	0.2000000000	1	8
9.2700000000	0.2000000000	1	8
9.2800000000	0.2000000000	1	8
9.2900000000	0.2000000000	1	8
9.3000000000	0.2000000000	1	8
9.3100000000	0.2000000000	1	8
9.3200000000	0.2000000000	1	8
9.3300000000	0.2000000000	1	8
9.3400000000	0.2000000000	1	8
9.3500000000	0.2000000000	1	8
9.3600000000	0.2000000000	1	8
9.3700000000	0.2000000000	1	8
9.3800000000	0.2000000000	1	8
9.3900000000	0.2000000000	1	8
9.4000000000	0.2000000000	1	8
9.4100000000	0.2000000000	1	8
9.4200000000	0.2000000000	1	8
9.4300000000	0.2000000000	1	8
9.4400000000	0.2000000000	1	8
9.4500000000	0.2000000000	1	8
9.4600000000	0.2000000000	1	8
9.4700000000	0.2000000000	1	8
9.4800000000	0.2000000000	1	8
9.4900000000	0.2000000000	1	8
9.5000000000	0.2000000000	1	8
9.5100000000	0.2000000000	1	8
9.5200000000	0.2000000000	1	8
9.5300000000	0.2000000000	1	8
9.5400000000	0.2000000000	1	8
9.5500000000	0.2000000000	1	8
9.5600000000	0.2000000000	1	8
9.5700000000	0.2000000000	1	8
9.5800000000	0.2000000000	1	8
9.5900000000	0.2000000000	1	8
9.6000000000	0.2000000000	1	8
9.6100000000	0.2000000000	1	8
9.6200000000	0.2000000000	1	8
9.6300000000	0.2000000000	1	8
9.6400000000	0.2000000000	1	8
9.6500000000	0.2000000000	1	8
9.6600000000	0.2000000000	1	8
9.6700000000	0.2000000000	1	8
9.6800000000	0.2000000000	1	8
9.6900000000	0.2000000000	1	8
9.7000000000	0.2000000000	1	8
9.7100000000	0.2000000000	1	8
9.7200000000	0.2000000000	1	8
9.7300000000	0.2000000000	1	8
9.7400000000	0.2000000000	1	8
9.7500000000	0.2000000000	1	8
9.7600000000	0.2000000000	1	8
9.7700000000	0.2000000000	1	8
9.7800000000	0.2000000000	1	8
9.7900000000	0.2000000000	1	8
9.8000000000	0.2000000000	1	8
9.8100000000	0.2000000000	1	8
9.8200000000	0.2000000000	1	8
9.8300000000	0.2000000000	1	8
9.8400000000	0.2000000000	1	8
9.8500000000	0.2000000000	1	8
9.8600000000	0.2000000000	1	8
9.8700000000	0.2000000000	1	8
9.8800000000	0.2000000000	1	8
9.8900000000	0.2000000000	1	8
9.9000000000	0.2000000000	1	8
9.9100000000	0.2000000000	1	8
9.9200000000	0.2000000000	1	8
9.9300000000	0.2000000000	1	8
9.9400000000	0.2000000000	1	8
9.9500000000	0.2000000000	1	8
9.9600000000	0.2000000000	1	8
9.9700000000	0.2000000000	1	8
9.9800000000	0.2000000000	1	8
9.9900000000	0.2000000000	1	8
10.0000000000	0.2000000000	1	8
10.0100000000	0.2000000000	1	8
10.0200000000	0.2000000000	1	8
10.0300000000	0.2000000000	1	8
10.0400000000	0.2000000000	1	8
10.0500000000	0.2000000000	1	8
10.0600000000	0.2000000000	1	8
10.0700000000	0.2000000000	1	8
10.0800000000	0.2000000000	1	8
10.0900000000	0.2000000000	1	8
10.1000000000	0.2000000000	1	8
10.1100000000	0.2000000000	1	8
10.1200000000	0.2000000000	1	8
10.1300000000	0.2000000000	1	8
10.1400000000	0.2000000000	1	8
10.1500000000	0.2000000000	1	8
10.1600000000	0.2000000000	1	8
10.1700000000	0.2000000000	1	8
10.1800000000	0.2000000000	1	8
10.1900000000	0.2000000000	1	8
10.2000000000	0.2000000000	1	8
10.2100000000	0.2000000000	1	8
10.2200000000	0.2000000000	1	8
10.2300000000	0.2000000000	1	8
10.2400000000	0.2000000000	1	8
10.2500000000	0.2000000000	1	8
10.2600000000	0.2000000000	1	8
10.2700000000	0.2000000000	1	8
10.2800000000	0.2000000000	1	8
10.2900000000	0.2000000000	1	8
10.3000000000	0.2000000000	1	8
10.3100000000	0.2000000000	1	8
10.3200000000	0.2000000000	1	8
10.3300000000	0.2000000000	1	8
10.3400000000	0.2000000000	1	8
10.3500000000	0.2000000000	1	8
10.3600000000	0.2000000000	1	8
10.3700000000	0.2000000000	1	8
10.3800000000	0.2000000000	1	8
10.3900000000	0.2000000000	1	8
10.4000000000	0.2000000000	1	8
10.4100000000	0.2000000000	1	8
10.4200000000	0.2000000000	1	8
10.4300000000	0.2000000000	1	8
10.4400000000	0.2000000000	1	8
10.4500000000	0.2000000000	1	8
10.4600000000	0.2000000000	1	8
10.4700000000	0.2000000000	1	8
10.4800000000	0.2000000000	1	8
10.4900000000	0.2000000000	1	8
10.5000000000	0.2000000000	1	8
10.5100000000	0.2000000000	1	8
10.5200000000	0.2000000000	1	8
10.5300000000	0.2000000000	1	8
10.5400000000	0.2000000000	1	8
10.5500000000	0.2000000000	1	8
10.5600000000	0.2000000000	1	8
10.5700000000	0.2000000000	1	8
10.5800000000	0.2000000000	1	8
10.5900000000	0.2000000000	1	8
10.6000000000	0.2000000000	1	8
10.6100000000	0.2000000000	1	8
10.6200000000	0.2000000000	1	8
10.6300000000	0.2000000000	1	8
10.6400000000	0.2000000000	1	8
10.6500000000	0.2000000000	1	8
10.6600000000	0.2000000000	1	8
10.6700000000	0.2000000000	1	8
10.6800000000	0.2000000000	1	8
10.6900000000	0.2000000000	1	8
10.7000000000	0.2000000000	1	8
10.7100000000	0.2000000000	1	8
10.7200000000	0.2000000000	1	8
10.7300000000	0.2000000000	1	8
10.7400000000	0.2000000000	1	8
10.7500000000	0.2000000000	1	8
10.7600000000	0.2000000000	1	8
10.7700000000	0.2000000000	1	8
10.7800000000	0.2000000000	1	8
10.7900000000	0.2000000000	1	8
10.8000000000	0.2000000000	1	8
10.8100000000	0.2000000000	1	8
10.8200000000	0.2000000000	1	8
10.8300000000	0.2000000000	1	8
10.8400000000	0.2000000000	1	8
10.8500000000	0.2000000000	1	8
10.8600000000	0.2000000000	1	8
10.8700000000	0.2000000000	1	8
10.8800000000	0.2000000000	1	8
10.8900000000	0.2000000000	1	8
10.9000000000	0.2000000000	1	8
10.9100000000	0.2000000000	1	8
10.9200000000	0.2000000000	1	8
10.9300000000	0.2000000000	1	8
10.9400000000	0.2000000000	1	8
10.9500000000	0.2000000000	1	8
10.9600000000	0.2000000000	1	8
10.9700000000	0.2000000000	1	8
10.9800000000	0.2000000000	1	8
10.9900000000	0.2000000000	1	8
11.0000000000	0.2000000000	1	8
11.0100000000	0.2000000000	1	8
11.0200000000	0.2000000000	1	8
11.0300000000	0.2000000000	1	8
11.0400000000	0.2000000000	1	8
11.0500000000	0.2000000000	1	8
11.0600000000	0.2000000000	1	8
11.0700000000	0.2000000000	1	8
11.0800000000	0.2000000000	1	8
11.0900000000	0.2000000000	1	8
11.1000000000	0.2000000000	1	8
11.1100000000	0.2000000000	1	8
11.1200000000	0.2000000000	1	8
11.1300000000	0.2000000000	1	8
11.1400000000	0.2000000000	1	8
11.1500000000	0.2000000000	1	8
11.1600000000	0.2000000000	1	8
11.1700000000	0.2000000000	1	8
11.1800000000	0.2000000000	1	8
11.1900000000	0.2000000000	1	8
11.2000000000	0.2000000000	1	8
11.2100000000	0.2000000000	1	8
11.2200000000	0.2000000000	1	8
11.2300000000	0.2000000000	1	8
11.2400000000	0.2000000000	1	8
11.2500000000	0.2000000000	1	8
11.2600000000	0.2000000000	1	8
11.2700000000	0.2000000000	1	8
11.2800000000	0.2000000000	1	8
11.2900000000	0.2000000000	1	8
11.3000000000	0.2000000000	1	8
11.3100000000	0.2000000000	1	8
11.3200000000	0.2000000000	1	8
11.3300000000	0.2000000000	1	8
11.3400000000	0.2000000000	1	8
11.3500000000	0.2000000000	1	8
11.3600000000	0.2000000000	1	8
11.3700000000	0.2000000000	1	8
11.3800000000	0.2000000000	1	8
11.3900000000	0.2000000000	1	8
11.4000000000	0.2000000000	1	8
11.4100000000	0.2000000000	1	8
11.4200000000	0.2000000000	1	8
11.4300000000	0.2000000000	1	8
11.4400000000	0.2000000000	1	8
11.4500000000	0.2000000000	1	8
11.4600000000	0.2000000000	1	8
11.4700000000	0.2000000000	1	8
11.4800000000	0.2000000000	1	8
11.4900000000	0.2000000000	1	8
11.5000000000	0.2000000000	1	8
11.5100000000	0.2000000000	1	8
11.5200000000	0.2000000000	1	8
11.5300000000	0.2000000000	1	8
11.5400000000	0.2000000000	1	8
11.5500000000	0.2000000000	1	8
11.5600000000	0.2000000000	1	8
11.5700000000	0.2000000000	1	8
11.5800000000	0.2000000000	1	8
11.5900000000	0.2000000000	1	8
11.6000000000	0.2000000000	1	8
11.6100000000	0.2000000000	1	8
11.6200000000	0.2000000000	1	8
11.6300000000	0.2000000000	1	8
11.6400000000	0.2000000000	1	8
11.6500000000	0.2000000000	1	8
11.6600000000	0.2000000000	1	8
11.6700000000	0.2000000000	1	8
11.6800000000	0.2000000000	1	8
11.6900000000	0.2000000000	1	8
11.7000000000	0.2000000000	1	8
11.7100000000	0.2000000000	1	8
11.7200000000	0.2000000000	1	8
11.7300000000	0.2000000000	1	8
11.7400000000	0.2000000000	1	8
11.7500000000	0.2000000000	1	8
11.7600000000	0.2000000000	1	8
11.7700000000	0.2000000000	1	8
11.7800000000	0.2000000000	1	8
11.7900000000	0.2000000000	1	8
11.8000000000	0.2000000000	1	8
11.8100000000	0.2000000000	1	8
11.8200000000	0.2000000000	1	8
11.8300000000	0.2000000000	1	8
11.8400000000	0.2000000000	1	8
11.8500000000	0.2000000000	1	8
11.8600000000	0.2000000000	1	8
11.8700000000	0.2000000000	1	8
11.8800000000	0.2000000000	1	8
11.8900000000	0.2000000000	1	8
11.9000000000	0.2000000000	1	8
11.9100000000	0.2000000000	1	8
11.9200000000	0.2000000000	1	8
11.9300000000	0.2000000000	1	8
11.9400000000	0.2000000000	1	8
11.9500000000	0.2000000000	1	8
11.9600000000	0.2000000000	1	8
11.9700000000	0.2000000000	1	8
11.9800000000	0.2000000000	1	8
11.9900000000	0.2000000000	1	8
12.0000000000	0.2000000000	1	8
12.0100000000	0.2000000000	1	8
12.0200000000	0.2000000000	1	8
12.0300000000	0.2000000000	1	8
12.0400000000	0.2000000000	1	8
12.0500000000	0.2000000000	1	8
12.0600000000	0.2000000000	1	8
12.0700000000	0.2000000000	1	8
12.0800000000	0.2000000000	1	8
12.0900000000	0.2000000000	1	8
12.1000000000	0.2000000000	1	8
12.1100000000	0.2000000000	1	8
12.1200000000	0.2000000000	1	8
12.1300000000	0.2000000000	1	8
12.1400000000	0.2000000000	1	8
12.1500000000	0.2000000000	1	8
12.1600000000	0.2000000000	1	8
12.1700000000	0.2000000000	1	8
12.1800000000	0.2000000000	1	8
12.1900000000	0.2000000000	1	8
12.2000000000	0.2000000000	1	8
12.2100000000	0.2000000000	1	8
12.2200000000	0.2000000000	1	8
12.2300000000	0.2000000000	1	8
12.2400000000	0.2000000000	1	8
12.2500000000	0.2000000000	1	8
12.2600000000	0.2000000000	1	8
12.2700000000	0.2000000000	1	8
12.2800000000	0.2000000000	1	8
12.2900000000	0.2000000000	1	8
12.3000000000	0.2000000000	1	8
12.3100000000	0.2000000000	1	8
12.3200000000	0.2000000000	1	8
12.3300000000	0.2000000000	1	8
12.3400000000	0.2000000000	1	8
12.3500000000	0.2000000000	1	8
12.3600000000	0.2000000000	1	8
12.3700000000	0.2000000000	1	8
12.3800000000	0.2000000000	1	8
12.3900000000	0.2000000000	1	8
12.4000000000	0.2000000000	1	8
12.4100000000	0.2000000000	1	8
12.4200000000	0.2000000000	1	8
12.4300000000	0.2000000000	1	8
12.4400000000	0.2000000000	1	8
12.4500000000	0.2000000000	1	8
12.4600000000	0.2000000000	1	8
12.4700000000	0.2000000000	1	8
12.4800000000	0.2000000000	1	8
12.4900000000	0.2000000000	1	8
12.5000000000	0.2000000000	1	8
12.5100000000	0.2000000000	1	8
12.5200000000	0.2000000000	1	8
12.5300000000	0.2000000000	1	8
12.5400000000	0.2000000000	1	8
12.5500000000	0.2000000000	1	8
12.5600000000	0.2000000000	1	8
12.5700000000	0.2000000000	1	8
12.5800000000	0.2000000000	1	8
12.5900000000	0.2000000000	1	8
12.6000000000	0.2000000000	1	8
12.6100000000	0.2000000000	1	8
12.6200000000	0.2000000000	1	8
12.6300000000	0.2000000000	1	8
12.6400000000	0.2000000000	1	8
12.6500000000	0.2000000000	1	8
12.6600000000	0.2000000000	1	8
12.6700000000	0.2000000000	1	8
12.6800000000	0.2000000000	1	8
12.6900000000	0.2000000000	1	8
12.7000000000	0.2000000000	1	8
12.7100000000	0.2000000000	1	8
12.7200000000	0.2000000000	1	8
12.7300000000	0.2000000000	1	8
12.7400000000	0.2000000000	1	8
12.7500000000	0.2000000000	1	8
12.7600000000	0.2000000000	1	8
12.7700000000	0.2000000000	1	8
12.7800000000	0.2000000000	1	8
12.7900000000	0.2000000000	1	8
12.8000000000	0.2000000000	1	8
12.8100000000	0.2000000000	1	8
12.8200000000	0.2000000000	1	8
12.8300000000	0.2000000000	1	8
12.8400000000	0.2000000000	1	8
12.8500000000	0.2000000000	1	8
12.8600000000	0.2000000000	1	8
12.8700000000	0.2000000000	1	8
12.8800000000	0.2000000000	1	8
12.8900000000	0.2000000000	1	8
12.9000000000	0.2000000000	1	8
12.9100000000	0.2000000000	1	8
12.9200000000	0.2000000000	1	8
12.9300000000	0.2000000000	1	8
12.9400000000	0.2000000000	1	8
12.9500000000	0.2000000000	1	8
12.9600000000	0.2000000000	1	8
12.9700000000	0.2000000000	1	8
12.9800000000	0.2000000000	1	8
12.9900000000	0.2000000000	1	8
13.0000000000	0.2000000000	1	8
13.0100000000	0.2000000000	1	8
13.0200000000	0.2000000000	1	8
13.0300000000	0.2000000000	1	8
13.0400000000	0.2000000000	1	8
13.0500000000	0.2000000000	1	8
13.0600000000	0.2000000000	1	8
13.0700000000	0.2000000000	1	8
13.0800000000	0.2000000000	1	8
13.0900000000	0.2000000000	1	8
13.1000000000	0.2000000000	1	8
13.1100000000	0.2000000000	1	8
13.1200000000	0.2000000000	1	8
13.1300000000	0.2000000000	1	8
13.1400000000	0.2000000000	1	8
13.1500000000	0.2000000000	1	8
13.1600000000	0.2000000000	1	8
13.1700000000	0.2000000000	1	8
13.1800000000	0.2000000000	1	8
13.1900000000	0.2000000000	1	8
13.2000000000	0.2000000000	1	8
13.2100000000	0.2000000000	1	8
13.2200000000	0.2000000000	1	8
13.2300000000	0.2000000000	1	8
13.2400000000	0.2000000000	1	8
13.2500000000	0.2000000000	1	8
13.2600000000	0.2000000000	1	8
13.2700000000	0.2000000000	1	8
13.2800000000	0.2000000000	1	8
13.2900000000	0.2000000000	1	8
13.3000000000	0.2000000000	1	8
13.3100000000	0.2000000000	1	8
13.3200000000	0.2000000000	1	8
13.3300000000	0.2000000000	1	8
13.3400000000	0.2000000000	1	8
13.3500000000	0.2000000000	1	8
13.3600000000	0.2000000000	1	8
13.3700000000	0.2000000000	1	8
13.3800000000	0.2000000000	1	8
13.3900000000	0.2000000000	1	8
13.4000000000	0.2000000000	1	8
13.4100000000	0.2000000000	1	8
13.4200000000	0.2000000000	1	8
13.4300000000	0.2000000000	1	8
13.4400000000	0.2000000000	1	8
13.4500000000	0.2000000000	1	8
13.4600000000	0.2000000000	1	8
13.4700000000	0.2000000000	1	8
13.4800000000	0.2000000000	1	8
13.4900000000	0.2000000000	1	8
13.5000000000	0.2000000000	1	8
13.5100000000	0.2000000000	1	8
13.5200000000	0.2000000000	1	8
13.5300000000	0.2000000000	1	8
13.5400000000	0.2000000000	1	8
13.5500000000	0.2000000000	1	8
13.5600000000	0.2000000000	1	8
13.5700000000	0.2000000000	1	8
13.5800000000	0.2000000000	1	8
13.5900000000	0.2000000000	1	8
13.6000000000	0.2000000000	1	8
13.6100000000	0.2000000000	1	8
13.6200000000	0.2000000000	1	8
13.6300000000	0.2000000000	1	8
13.6400000000	0.2000000000	1	8
13.6500000000	0.2000000000	1	8
13.6600000000	0.2000000000	1	8
13.6700000000	0.2000000000	1	8
13.6800000000	0.2000000000	1	8
13.6900000000	0.2000000000	1	8
13.7000000000	0.2000000000	1	8
13.7100000000	0.2000000000	1	8
13.7200000000	0.2000000000	1	8
13.7300000000	0.2000000000	1	8
13.7400000000	0.2000000000	1	8
13.7500000000	0.2000000000	1	8
13.7600000000	0.2000000000	1	8
13.7700000000	0.2000000000	1	8
13.7800000000	0.2000000000	1	8
13.7900000000	0.2000000000	1	8
13.8000000000	0.2000000000	1	8
13.8100000000	0.2000000000	1	8
13.8200000000	0.2000000000	1	8
13.8300000000	0.2000000000	1	8
13.8400000000	0.2000000000	1	8
13.8500000000	0.2000000000	1	8
13.8600000000	0.2000000000	1	8
13.8700000000	0.2000000000	1	8
13.8800000000	0.2000000000	1	8
13.8900000000	0.2000000000	1	8
13.9000000000	0.2000000000	1	8
13.9100000000	0.2000000000	1	8
13.9200000000	0.2000000000	1	8
13.9300000000	0.2000000000	1	8
13.9400000000	0.2000000000	1	8
13.9500000000	0.2000000000	1	8
13.9600000000	0.2000000000	1	8
13.9700000000	0.2000000000	1	8
13.9800000000	0.2000000000	1	8
13.9900000000	0.2000000000	1	8
14.0000000000	0.2000000000	1	8
14.0100000000	0.2000000000	1	8
14.0200000000	0.2000000000	1	8
14.0300000000	0.2000000000	1	8
14.0400000000	0.2000000000	1	8
14.0500000000	0.2000000000	1	8
14.0600000000	0.2000000000	1	8
14.0700000000	0.2000000000	1	8
14.0800000000	0.2000000000	1	8
14.0900000000	0.2000000000	1	8
14.1000000000	0.2000000000	1	8
14.1100000000	0.2000000000	1	8
14.1200000000	0.2000000000	1	8
14.1300000000	0.2000000000	1	8
14.1400000000	0.2000000000	1	8
14.1500000000	0.2000000000	1	8
14.1600000000	0.2000000000	1	8
14.1700000000	0.2000000000	1	8
14.1800000000	0.2000000000	1	8
14.1900000000	0.2000000000	1	8
14.2000000000	0.2000000000	1	8
14.2100000000	0.2000000000	1	8
14.2200000000	0.2000000000	1	8
14.2300000000	0.2000000000	1	8
14.2400000000	0.2000000000	1	8
14.2500000000	0.2000000000	1	8
14.2600000000	0.2000000000	1	8
14.2700000000	0.2000000000	1	8
14.2800000000	0.2000000000	1	8
14.2900000000	0.2000000000	1	8
14.3000000000	0.2000000000	1	8
14.3100000000	0.2000000000	1	8
14.3200000000	0.2000000000	1	8
14.3300000000	0.2000000000	1	8
14.3400000000	0.2000000000	1	8
14.3500000000	0.2000000000	1	8
14.3600000000	0.2000000000	1	8
14.3700000000	0.2000000000	1	8
14.3800000000	0.2000000000	1	8
14.3900000000	0.2000000000	1	8
14.4000000000	0.2000000000	1	8
14.4100000000	0.2000000000	1	8
14.4200000000	0.2000000000	1	8
14.4300000000	0.2000000000	1	8
14.4400000000	0.2000000000	1	8
14.4500000000	0.2000000000	1	8
14.4600000000	0.2000000000	1	8
14.4700000000	0.2000000000	1	8
14.4800000000	0.2000000000	1	8
14.4900000000	0.2000000000	1	8
14.5000000000	0.2000000000	1	8
14.5100000000	0.2000000000	1	8
14.5200000000	0.2000000000	1	8
14.5300000000	0.2000000000	1	8
14.5400000000	0.2000000000	1	8
14.5500000000	0.2000000000	1	8
14.5600000000	0.2000000000	1	8
14.5700000000	0.2000000000	1	8
14.5800000000	0.2000000000	1	8
14.5900000000	0.2000000000	1	8
14.6000000000	0.2000000000	1	8
14.6100000000	0.2000000000	1	8
14.6200000000	0.2000000000	1	8
14.6300000000	0.2000000000	1	8
14.6400000000	0.2000000000	1	8
14.6500000000	0.2000000000	1	8
14.6600000000	0.2000000000	1	8
14.6700000000	0.2000000000	1	8
14.6800000000	0.2000000000	1	8
14.6900000000	0.2000000000	1	8
14.7000000000	0.2000000000	1	8
14.7100000000	0.2000000000	1	8
14.7200000000	0.2000000000	1	8
14.7300000000	0.2000000000	1	8
14.7400000000	0.2000000000	1	8
14.7500000000	0.2000000000	1	8
14.7600000000	0.2000000000	1	8
14.7700000000	0.2000000000	1	8
14.7800000000	0.2000000000	1	8
14.7900000000	0.2000000000	1	8
14.8000000000	0.2000000000	1	8
14.8100000000	0.2000000000	1	8
14.8200000000	0.2000000000	1	8
14.8300000000	0.2000000000	1	8
14.8400000000	0.2000000000	1	8
14.8500000000	0.2000000000	1	8
14.8600000000	0.2000000000	1	8
14.8700000000	0.2000000000	1	8
14.8800000000	0.2000000000	1	8
14.8900000000	0.2000000000	1	8
14.9000000000	0.2000000000	1	8
14.9100000000	0.2000000000	1	8
14.9200000000	0.2000000000	1	8
14.9300000000	0.2000000000	1	8
14.9400000000	0.2000000000	1	8
14.9500000000	0.2000000000	1	8
14.9600000000	0.2000000000	1	8
14.9700000000	0.2000000000	1	8
14.9800000000	0.2000000000	1	8
14.9900000000	0.2000000000	1	8
15.0000000000	0.2000000000	1	8
15.0100000000	0.2000000000	1	8
15.0200000000	0.2000000000	1	8
15.0300000000	0.2000000000	1	8
15.0400000000	0.2000000000	1	8
15.0500000000	0.2000000000	1	8
15.0600000000	0.2000000000	1	8
15.0700000000	0.2000000000	1	8
15.0800000000	0.2000000000	1	8
15.0900000000	0.2000000000	1	8
15.1000000000	0.2000000000	1	8
15.1100000000	0.2000000000	1	8
15.1200000000	0.2000000000	1	8
15.1300000000	0.2000000000	1	8
15.1400000000	0.2000000000	1	8
15.1500000000	0.2000000000	1	8
15.1600000000	0.2000000000	1	8
15.1700000000	0.2000000000	1	8
15.1800000000	0.2000000000	1	8
15.1900000000	0.2000000000	1	8
15.2000000000	0.2000000000	1	8
15.2100000000	0.2000000000	1	8
15.2200000000	0.2000000000	1	8
15.2300000000	0.2000000000	1	8
15.2400000000	0.2000000000	1	8
15.2500000000	0.2000000000	1	8
15.2600000000	0.2000000000	1	8
15.2700000000	0.2000000000	1	8
15.2800000000	0.2000000000	1	8
15.2900000000	0.2000000000	1	8
15.3000000000	0.2000000000	1	8
15.3100000000	0.2000000000	1	8
15.3200000000	0.2000000000	1	8
15.3300000000	0.2000000000	1	8
15.3400000000	0.2000000000	1	8
15.3500000000	0.2000000000	1	8
15.3600000000	0.2000000000	1	8
15.3700000000	0.2000000000	1	8
15.3800000000	0.2000000000	1	8
15.3900000000	0.2000000000	1	8
15.4000000000	0.2000000000	1	8
15.4100000000	0.2000000000	1	8
15.4200000000	0.2000000000	1	8
15.4300000000	0.2000000000	1	8
15.4400000000	0.2000000000	1	8
15.4500000000	0.2000000000	1	8
15.4600000000	0.2000000000	1	8
15.4700000000	0.2000000000	1	8
15.4800000000	0.2000000000	1	8
15.4900000000	0.2000000000	1	8
15.5000000000	0.2000000000	1	8
15.5100000000	0.2000000000	1	8
15.5200000000	0.2000000000	1	8
15.5300000000	0.2000000000	1	8
15.5400000000	0.2000000000	1	8
15.5500000000	0.2000000000	1	8
15.5600000000	0.2000000000	1	8
15.5700000000	0.2000000000	1	8
15.5800000000	0.2000000000	1	8
15.5900000000	0.2000000000	1	8
15.6000000000	0.2000000000	1	8
15.6100000000	0.2000000000	1	8
15.6200000000	0.2000000000	1	8
15.6300000000	0.2000000000	1	8
15.6400000000	0.2000000000	1	8
15.6500000000	0.2000000000	1	8
15.6600000000	0.2000000000	1	8
15.6700000000	0.2000000000	1	8
15.6800000000	0.2000000000	1	8
15.6900000000	0.2000000000	1	8
15.7000000000	0.2000000000	1	8
15.7100000000	0.2000000000	1	8
15.7200000000	0.2000000000	1	8
15.7300000000	0.2000000000	1	8
15.7400000000	0.2000000000	1	8
15.7500000000	0.2000000000	1	8
15.7600000000	0.2000000000	1	8
15.7700000000	0.2000000000	1	8
15.7800000000	0.2000000000	1	8
15.7900000000	0.2000000000	1	8
15.8000000000	0.2000000000	1	8
15.8100000000	0.2000000000	1	8
15.8200000000	0.2000000000	1	8
15.8300000000	0.2000000000	1	8
15.8400000000	0.2000000000	1	8
15.8500000000	0.2000000000	1	8
15.8600000000	0.2000000000	1	8
15.8700000000	0.2000000000	1	8
15.8800000000	0.2000000000	1	8
15.8900000000	0.2000000000	1	8
15.9000000000	0.2000000000	1	8
15.9100000000	0.2000000000	1	8
15.9200000000	0.2000000000	1	8
15.9300000000	0.2000000000	1	8
15.9400000000	0.2000000000	1	8
15.9500000000	0.2000000000	1	8
15.9600000000	0.2000000000	1	8
15.9700000000	0.2000000000	1	8
15.9800000000	0.2000000000	1	8
15.9900000000	0.2000000000	1	8
16.0000000000	0.2000000000	1	8
16.0100000000	0.2000000000	1	8
16.0200000000	0.2000000000	1	8
16.0300000000	0.2000000000	1	8
16.0400000000	0.2000000000	1	8
16.0500000000	0.2000000000	1	8
16.0600000000	0.2000000000	1	8
16.0700000000	0.2000000000	1	8
16.0800000000	0.2000000000	1	8
16.0900000000	0.2000000000	1	8
16.1000000000	0.2000000000	1	8
16.1100000000	0.2000000000	1	8
16.1200000000	0.2000000000	1	8
16.1300000000	0.2000000000	1	8
16.1400000000	0.2000000000	1	8
16.1500000000	0.2000000000	1	8
16.1600000000	0.2000000000	1	8
16.1700000000	0.2000000000	1	8
16.1800000000	0.2000000000	1	8
16.1900000000	0.2000000000	1	8
16.2000000000	0.2000000000	1	8
16.2100000000	0.2000000000	1	8
16.2200000000	0.2000000000	1	8
16.2300000000	0.2000000000	1	8
16.2400000000	0.2000000000	1	8
16.2500000000	0.2000000000	1	8
16.2600000000	0.2000000000	1	8
16.2700000000	0.2000000000	1	8
16.2800000000	0.2000000000	1	8
16.2900000000	0.2000000000	1	8
16.3000000000	0.2000000000	1	8
16.3100000000	0.2000000000	1	8
16.3200000000	0.2000000000	1	8
16.3300000000	0.2000000000	1	8
16.3400000000	0.2000000000	1	8
16.3500000000	0.2000000000	1	8
16.3600000000	0.2000000000	1	8
16.3700000000	0.2000000000	1	8
16.3800000000	0.2000000000	1	8
16.3900000000	0.2000000000	1	8
16.4000000000	0.2000000000	1	8
16.4100000000	0.2000000000	1	8
16.4200000000	0.2000000000	1	8
16.4300000000	0.2000000000	1	8
16.4400000000	0.2000000000	1	8
16.4500000000	0.2000000000	1	8
16.4600000000	0.2000000000	1	8
16.4700000000	0.2000000000	1	8
16.4800000000	0.2000000000	1	8
16.4900000000	0.2000000000	1	8
16.5000000000	0.2000000000	1	8
16.5100000000	0.2000000000	1	8
16.5200000000	0.2000000000	1	8
16.5300000000	0.2000000000	1	8
16.5400000000	0.2000000000	1	8
16.5500000000	0.2000000000	1	8
16.5600000000	0.2000000000	1	8
16.5700000000	0.2000000000	1	8
16.5800000000	0.2000000000	1	8
16.5900000000	0.2000000000	1	8
16.6000000000	0.2000000000	1	8
16.6100000000	0.2000000000	1	8
16.6200000000	0.2000000000	1	8
16.6300000000	0.2000000000	1	8
16.6400000000	0.2000000000	1	8
16.6500000000	0.2000000000	1	8
16.6600000000	0.2000000000	1	8
16.6700000000	0.2000000000	1	8
16.6800000000	0.2000000000	1	8
16.6900000000	0.2000000000	1	8
16.7000000000	0.2000000000	1	8
16.7100000000	0.2000000000	1	8
16.7200000000	0.2000000000	1	8
16.7300000000	0.2000000000	1	8
16.7400000000	0.2000000000	1	8
16.7500000000	0.2000000000	1	8
16.7600000000	0.2000000000	1	8
16.7700000000	0.2000000000	1	8
16.7800000000	0.2000000000	1	8
16.7900000000	0.2000000000	1	8
16.8000000000	0.2000000000	1	8
16.8100000000	0.2000000000	1	8
16.8200000000	0.2000000000	1	8
16.8300000000	0.2000000000	1	8
16.8400000000	0.2000000000	1	8
16.8500000000	0.2000000000	1	8
16.8600000000	0.2000000000	1	8
16.8700000000	0.2000000000	1	8
16.8800000000	0.2000000000	1	8
16.8900000000	0.2000000000	1	8
16.9000000000	0.2000000000	1	8
16.9100000000	0.2000000000	1	8
16.9200000000	0.2000000000	1	8
16.9300000000	0.2000000000	1	8
16.9400000000	0.2000000000	1	8
16.9500000000	0.2000000000	1	8
16.9600000000	0.2000000000	1	8
16.9700000000	0.2000000000	1	8
16.9800000000	0.2000000000	1	8
16.9900000000	0.2000000000	1	8
17.0000000000	0.2000000000	1	8
17.0100000000	0.2000000000	1	8
17.0200000000	0.2000000000	1	8
17.0300000000	0.2000000000	1	8
17.0400000000	0.2000000000	1	8
17.0500000000	0.2000000000	1	8
17.0600000000	0.2000000000	1	8
17.0700000000	0.2000000000	1	8
17.0800000000	0.2000000000	1	8
17.0900000000	0.2000000000	1	8
17.1000000000	0.2000000000	1	8
17.1100000000	0.2000000000	1	8
17.1200000000	0.2000000000	1	8
17.1300000000	0.2000000000	1	8
17.1400000000	0.2000000000	1	8
17.1500000000	0.2000000000	1	8
17.1600000000	0.2000000000	1	8
17.1700000000	0.2000000000	1	8
17.1800000000	0.2000000000	1	8
17.1900000000	0.2000000000	1	8
17.2000000000	0.2000000000	1	8
17.2100000000	0.2000000000	1	8
17.2200000000	0.2000000000	1	8
17.2300000000	0.2000000000	1	8
17.2400000000	0.2000000000	1	8
17.2500000000	0.2000000000	1	8
17.2600000000	0.2000000000	1	8
17.2700000000	0.2000000000	1	8
17.2800000000	0.2000000000	1	8
17.2900000000	0.2000000000	1	8
17.3000000000	0.2000000000	1	8
17.3100000000	0.2000000000	1	8
17.3200000000	0.2000000000	1	8
17.3300000000	0.2000000000	1	8
17.3400000000	0.2000000000	1	8
17.3500000000	0.2000000000	1	8
17.3600000000	0.2000000000	1	8
17.3700000000	0.2000000000	1	8
17.3800000000	0.2000000000	1	8
17.3900000000	0.2000000000	1	8
17.4000000000	0.2000000000	1	8
17.4100000000	0.2000000000	1	8
17.4200000000	0.2000000000	1	8
17.4300000000	0.2000000000	1	8
17.4400000000	0.2000000000	1	8
17.4500000000	0.2000000000	1	8
17.4600000000	0.2000000000	1	8
17.4700000000	0.2000000000	1	8
17.4800000000	0.2000000000	1	8
17.4900000000	0.2000000000	1	8
17.5000000000	0.2000000000	1	8
17.5100000000	0.2000000000	1	8
17.5200000000	0.2000000000	1	8
17.5300000000	0.2000000000	1	8
17.5400000000	0.2000000000	1	8
17.5500000000	0.2000000000	1	8
17.5600000000	0.2000000000	1	8
17.5700000000	0.2000000000	1	8
17.5800000000	0.2000000000	1	8
17.5900000000	0.2000000000	1	8
17.6000000000	0.2000000000	1	8
17.6100000000	0.2000000000	1	8
17.6200000000	0.2000000000	1	8
17.6300000000	0.2000000000	1	8
17.6400000000	0.2000000000	1	8
17.6500000000	0.2000000000	1	8
17.6600000000	0.2000000000	1	8
17.6700000000	0.2000000000	1	8
17.6800000000	0.2000000000	1	8
17.6900000000	0.2000000000	1	8
17.7000000000	0.2000000000	1	8
17.7100000000	0.2000000000	1	8
17.7200000000	0.2000000000	1	8
17.7300000000	0.2000000000	1	8
17.7400000000	0.2000000000	1	8
17.7500000000	0.2000000000	1	8
17.7600000000	0.2000000000	1	8
17.7700000000	0.2000000000	1	8
17.7800000000	0.2000000000	1	8
17.7900000000	0.2000000000	1	8
17.8000000000	0.2000000000	1	8
17.8100000000	0.2000000000	1	8
17.8200000000	0.2000000000	1	8
17.8300000000	0.2000000000	1	8
17.8400000000	0.2000000000	1	8
17.8500000000	0.2000000000	1	8
17.8600000000	0.2000000000	1	8
17.8700000000	0.2000000000	1	8
17.8800000000	0.2000000000	1	8
17.8900000000	0.2000000000	1	8
17.9000000000	0.2000000000	1	8
17.9100000000	0.2000000000	1	8
17.9200000000	0.2000000000	1	8
17.9300000000	0.2000000000	1	8
17.9400000000	0.2000000000	1	8
17.9500000000	0.2000000000	1	8
17.9600000000	0.2000000000	1	8
17.9700000000	0.2000000000	1	8
17.9800000000	0.2000000000	1	8
17.9900000000	0.2000000000	1	8
18.0000000000	0.2000000000	1	8
18.0100000000	0.2000000000	1	8
18.0200000000	0.2000000000	1	8
18.0300000000	0.2000000000	1	8
18.0400000000	0.2000000000	1	8
18.0500000000	0.2000000000	1	8
18.0600000000	0.2000000000	1	8
18.0700000000	0.2000000000	1	8
18.0800000000	0.2000000000	1	8
18.0900000000	0.2000000000	1	8
18.1000000000	0.2000000000	1	8
18.1100000000	0.2000000000	1	8
18.1200000000	0.2000000000	1	8
18.1300000000	0.2000000000	1	8
18.1400000000	0.2000000000	1	8
18.1500000000	0.2000000000	1	8
18.1600000000	0.2000000000	1	8
18.1700000000	0.2000000000	1	8
18.1800000000	0.2000000000	1	8
18.1900000000	0.2000000000	1	8
18.2000000000	0.2000000000	1	8
18.2100000000	0.2000000000	1	8
18.2200000000	0.2000000000	1	8
18.2300000000	0.2000000000	1	8
18.2400000000	0.2000000000	1	8
18.2500000000	0.2000000000	1	8
18.2600000000	0.2000000000	1	8
18.2700000000	0.2000000000	1	8
18.2800000000	0.2000000000	1	8
18.2900000000	0.2000000000	1	8
18.3000000000	0.2000000000	1	8
18.3100000000	0.2000000000	1	8
18.3200000000	0.2000000000	1	8
18.3300000000	0.2000000000	1	8
18.3400000000	0.2000000000	1	8
18.3500000000	0.2000000000	1	8
18.3600000000	0.2000000000	1	8
18.3700000000	0.2000000000	1	8
18.3800000000	0.2000000000	1	8
18.3900000000	0.2000000000	1	8
18.4000000000	0.2000000000	1	8
18.4100000000	0.2000000000	1	8
18.4200000000	0.2000000000	1	8
18.4300000000	0.2000000000	1	8
18.4400000000	0.2000000000	1	8
18.4500000000	0.2000000000	1	8
18.4600000000	0.2000000000	1	8
18.4700000000	0.2000000000	1	8
18.4800000000	0.2000000000	1	8
18.4900000000	0.2000000000	1	8
18.5000000000	0.2000000000	1	8
18.5100000000	0.2000000000	1	8
18.5200000000	0.2000000000	1	8
18.5300000000	0.2000000000	1	8
18.5400000000	0.2000000000	1	8
18.5500000000	0.2000000000	1	8
18.5600000000	0.2000000000	1	8
18.5700000000	0.2000000000	1	8
18.5800000000	0.2000000000	1	8
18.5900000000	0.2000000000	1	8
18.6000000000	0.2000000000	1	8
18.6100000000	0.2000000000	1	8
18.6200000000	0.2000000000	1	8
18.6300000000	0.2000000000	1	8
18.6400000000	0.2000000000	1	8
18.6500000000	0.2000000000	1	8
18.6600000000	0.2000000000	1	8
18.6700000000	0.2000000000	1	8
18.6800000000	0.2000000000	1	8
18.6900000000	0.2000000000	1	8
18.7000000000	0.2000000000	1	8
18.7100000000	0.2000000000	1	8
18.7200000000	0.2000000000	1	8
18.7300000000	0.2000000000	1	8
18.7400000000	0.2000000000	1	8
18.7500000000	0.2000000000	1	8
18.7600000000	0.2000000000	1	8
18.7700000000	0.2000000000	1	8
18.7800000000	0.2000000000	1	8
18.7900000000	0.2000000000	1	8
18.8000000000	0.2000000000	1	8
18.8100000000	0.2000000000	1	8
18.8200000000	0.2000000000	1	8
18.8300000000	0.2000000000	1	8
18.8400000000	0.2000000000	1	8
18.8500000000	0.2000000000	1	8
18.8600000000	0.2000000000	1	8
18.8700000000	0.2000000000	1	8
18.8800000000	0.2000000000	1	8
18.8900000000	0.2000000000	1	8
18.9000000000	0.2000000000	1	8
18.9100000000	0.2000000000	1	8
18.9200000000	0.2000000000	1	8
18.9300000000	0.2000000000	1	8
18.9400000000	0.2000000000	1	8
18.9500000000	0.2000000000	1	8
18.9600000000	0.2000000000	1	8
18.9700000000	0.2000000000	1	8
18.9800000000	0.2000000000	1	8
18.9900000000	0.2000000000	1	8
19.0000000000	0.2000000000	1	8
19.0100000000	0.2000000000	1	8
19.0200000000	0.2000000000	1	8
19.0300000000	0.2000000000	1	8
19.0400000000	0.2000000000	1	8
19.0500000000	0.2000000000	1	8
19.0600000000	0.2000000000	1	8
19.0700000000	0.2000000000	1	8
19.0800000000	0.2000000000	1	8
19.0900000000	0.2000000000	1	8
19.1000000000	0.2000000000	1	8
19.1100000000	0.2000000000	1	8
19.1200000000	0.2000000000	1	8
19.1300000000	0.2000000000	1	8
19.1400000000	0.2000000000	1	8
19.1500000000	0.2000000000	1	8
19.1600000000	0.2000000000	1	8
19.1700000000	0.2000000000	1	8
19.1800000000	0.2000000000	1	8
19.1900000000	0.2000000000	1	8
19.2000000000	0.2000000000	1	8
19.2100000000	0.2000000000	1	8
19.2200000000	0.2000000000	1	8
19.2300000000	0.2000000000	1	8
19.2400000000	0.2000000000	1	8
19.2500000000	0.2000000000	1	8
19.2600000000	0.2000000000	1	8
19.2700000000	0.2000000000	1	8
19.2800000000	0.2000000000	1	8
19.2900000000	0.2000000000	1	8
19.3000000000	0.2000000000	1	8
19.3100000000	0.2000000000	1	8
19.3200000000	0.2000000000	1	8
19.3300000000	0.2000000000	1	8
19.3400000000	0.2000000000	1	8
19.3500000000	0.2000000000	1	8
19.3600000000	0.2000000000	1	8
19.3700000000	0.2000000000	1	8
19.3800000000	0.2000000000	1	8
19.3900000000	0.2000000000	1	8
19.4000000000	0.2000000000	1	8
19.4100000000	0.2000000000	1	8
19.4200000000	0.2000000000	1	8
19.4300000000	0.2000000000	1	8
19.4400000000	0.2000000000	1	8
19.4500000000	0.2000000000	1	8
19.4600000000	0.2000000000	1	8
19.4700000000	0.2000000000	1	8
19.4800000000	0.2000000000	1	8
19.4900000000	0.2000000000	1	8
19.5000000000	0.2000000000	1	8
19.5100000000	0.2000000000	1	8
19.5200000000	0.2000000000	1	8
19.5300000000	0.2000000000	1	8
19.5400000000	0.2000000000	1	8
19.5500000000	0.2000000000	1	8
19.5600000000	0.2000000000	1	8
19.5700000000	0.2000000000	1	8
19.5800000000	0.2000000000	1	8
19.5900000000	0.2000000000	1	8
19.6000000000	0.2000000000	1	8
19.6100000000	0.2000000000	1	8
19.6200000000	0.2000000000	1	8
19.6300000000	0.2000000000	1	8
19.6400000000	0.2000000000	1	8
19.6500000000	0.2000000000	1	8
19.6600000000	0.2000000000	1	8
19.6700000000	0.2000000000	1	8
19.6800000000	0.2000000000	1	8
19.6900000000	0.2000000000	1	8
19.7000000000	0.2000000000	1	8
19.7100000000	0.2000000000	1	8
19.7200000000	0.2000000000	1	8
19.7300000000	0.2000000000	1	8
19.7400000000	0.2000000000	1	8
19.7500000000	0.2000000000	1	8
19.7600000000	0.2000000000	1	8
19.7700000000	0.2000000000	1	8
19.7800000000	0.2000000000	1	8
19.7900000000	0.2000000000	1	8
19.8000000000	0.2000000000	1	8
19.8100000000	0.2000000000	1	8
19.8200000000	0.2000000000	1	8
19.8300000000	0.2000000000	1	8
19.8400000000	0.2000000000	1	8
19.8500000000	0.2000000000	1	8
19.8600000000	0.2000000000	1	8
19.8700000000	0.2000000000	1	8
19.8800000000	0.2000000000	1	8
19.8900000000	0.2000000000	1	8
19.9000000000	0.2000000000	1	8
19.9100000000	0.2000000000	1	8
19.9200000000	0.2000000000	1	8
19.9300000000	0.2000000000	1	8
19.9400000000	0.2000000000	1	8
19.9500000000	0.2000000000	1	8
19.9600000000	0.2000000000	1	8
19.9700000000	0.2000000000	1	8
19.9800000000	0.2000000000	1	8
19.9900000000	0.2000000000	1	8
20.0000000000	0.2000000000	1	8
20.0100000000	0.2000000000	1	8
20.0200000000	0.2000000000	1	8
20.0300000000	0.2000000000	1	8
20.0400000000	0.2000000000	1	8
20.0500000000	0.2000000000	1	8
20.0600000000	0.2000000000	1	8
20.0700000000	0.2000000000	1	8
20.0800000000	0.2000000000	1	8
20.0900000000	0.2000000000	1	8
20.1000000000	0.2000000000	1	8
20.1100000000	0.2000000000	1	8
20.1200000000	0.2000000000	1	8
20.1300000000	0.2000000000	1	8
20.1400000000	0.2000000000	1	8
20.1500000000	0.2000000000	1	8
20.1600000000	0.2000000000	1	8
20.1700000000	0.2000000000	1	8
20.1800000000	0.2000000000	1	8
20.1900000000	0.2000000000	1	8
20.2000000000	0.2000000000	1	8
20.2100000000	0.2000000000	1	8
20.2200000000	0.2000000000	1	8
20.2300000000	0.2000000000	1	8
20.2400000000	0.2000000000	1	8
20.2500000000	0.2000000000	1	8
20.2600000000	0.2000000000	1	8
20.2700000000	0.2000000000	1	8
20.2800000000	0.2000000000	1	8
20.2900000000	0.2000000000	1	8
20.3000000000	0.2000000000	1	8
20.3100000000	0.2000000000	1	8
20.3200000000	0.2000000000	1	8
20.3300000000	0.2000000000	1	8
20.3400000000	0.2000000000	1	8
20.3500000000	0.2000000000	1	8
20.3600000000	0.2000000000	1	8
20.3700000000	0.2000000000	1	8
20.3800000000	0.2000000000	1	8
20.3900000000	0.2000000000	1	8
20.4000000000	0.2000000000	1	8
20.4100000000	0.2000000000	1	8
20.4200000000	0.2000000000	1	8
20.4300000000	0.2000000000	1	8
20.4400000000	0.2000000000	1	8
20.4500000000	0.2000000000	1	8
20.4600000000	0.2000000000	1	8
20.4700000000	0.2000000000	1	8
20.4800000000	0.2000000000	1	8
20.4900000000	0.2000000000	1	8
20.5000000000	0.2000000000	1	8
20.5100000000	0.2000000000	1	8
20.5200000000	0.2000000000	1	8
20.5300000000	0.2000000000	1	8
20.5400000000	0.2000000000	1	8
20.5500000000	0.2000000000	1	8
20.5600000000	0.2000000000	1	8
20.5700000000	0.2000000000	1	8
20.5800000000	0.2000000000	1	8
20.5900000000	0.2000000000	1	8
20.6000000000	0.2000000000	1	8
20.6100000000	0.2000000000	1	8
20.6200000000	0.2000000000	1	8
20.6300000000	0.2000000000	1	8
20.6400000000	0.2000000000	1	8
20.6500000000	0.2000000000	1	8
20.6600000000	0.2000000000	1	8
20.6700000000	0.2000000000	1	8
20.6800000000	0.2000000000	1	8
20.6900000000	0.2000000000	1	8
20.7000000000	0.2000000000	1	8
20.7100000000	0.2000000000	1	8
20.7200000000	0.2000000000	1	8
20.7300000000	0.2000000000	1	8
20.7400000000	0.2000000000	1	8
20.7500000000	0.2000000000	1	8
20.7600000000	0.2000000000	1	8
20.7700000000	0.2000000000	1	8
20.7800000000	0.2000000000	1	8
20.7900000000	0.2000000000	1	8
20.8000000000	0.2000000000	1	8
20.8100000000	0.2000000000	1	8
20.8200000000	0.2000000000	1	8
20.8300000000	0.2000000000	1	8
20.8400000000	0.2000000000	1	8
20.8500000000	0.2000000000	1	8
20.8600000000	0.2000000000	1	8
20.8700000000	0.2000000000	1	8
20.8800000000	0.2000000000	1	8
20.8900000000	0.2000000000	1	8
20.9000000000	0.2000000000	1	8
20.9100000000	0.2000000000	1	8
20.9200000000	0.2000000000	1	8
20.9300000000	0.2000000000	1	8
20.9400000000	0.2000000000	1	8
20.9500000000	0.2000000000	1	8
20.9600000000	0.2000000000	1	8
20.9700000000	0.2000000000	1	8
20.9800000000	0.2000000000	1	8
20.9900000000	0.2000000000	1	8
21.0000000000	0.2000000000	1	8
21.0100000000	0.2000000000	1	8
21.0200000000	0.2000000000	1	8
21.0300000000	0.2000000000	1	8
21.0400000000	0.2000000000	1	8
21.0500000000	0.2000000000	1	8
21.0600000000	0.2000000000	1	8
21.0700000000	0.2000000000	1	8
21.0800000000	0.2000000000	1	8
21.0900000000	0.2000000000	1	8
21.1000000000	0.2000000000	1	8
21.1100000000	0.2000000000	1	8
21.1200000000	0.2000000000	1	8
21.1300000000	0.2000000000	1	8
21.1400000000	0.2000000000	1	8
21.1500000000	0.2000000000	1	8
21.1600000000	0.2000000000	1	8
21.1700000000	0.2000000000	1	8
21.1800000000	0.2000000000	1	8
21.1900000000	0.2000000000	1	8
21.2000000000	0.2000000000	1	8
21.2100000000	0.2000000000	1	8
21.2200000000	0.2000000000	1	8
21.2300000000	0.2000000000	1	8
21.2400000000	0.2000000000	1	8
21.2500000000	0.2000000000	1	8
21.2600000000	0.2000000000	1	8
21.2700000000	0.2000000000	1	8
21.2800000000	0.2000000000	1	8
21.2900000000	0.2000000000	1	8
21.3000000000	0.2000000000	1	8
21.3100000000	0.2000000000	1	8
21.3200000000	0.2000000000	1	8
21.3300000000	0.2000000000	1	8
21.3400000000	0.2000000000	1	8
21.3500000000	0.2000000000	1	8
21.3600000000	0.2000000000	1	8
21.3700000000	0.2000000000	1	8
21.3800000000	0.2000000000	1	8
21.3900000000	0.2000000000	1	8
21.4000000000	0.2000000000	1	8
21.4100000000	0.2000000000	1	8
21.4200000000	0.2000000000	1	8
21.4300000000	0.2000000000	1	8
21.4400000000	0.2000000000	1	8
21.4500000000	0.2000000000	1	8
21.4600000000	0.2000000000	1	8
21.4700000000	0.2000000000	1	8
21.4800000000	0.2000000000	1	8
21.4900000000	0.2000000000	1	8
21.5000000000	0.2000000000	1	8
21.5100000000	0.2000000000	1	8
21.5200000000	0.2000000000	1	8
21.5300000000	0.2000000000	1	8
21.5400000000	0.2000000000	1	8
21.5500000000	0.2000000000	1	8
21.5600000000	0.2000000000	1	8
21.5700000000	0.2000000000	1	8
21.5800000000	0.2000000000	1	8
21.5900000000	0.2000000000	1	8
21.6000000000	0.2000000000	1	8
21.6100000000	0.2000000000	1	8
21.6200000000	0.2000000000	1	8
21.6300000000	0.2000000000	1	8
21.6400000000	0.2000000000	1	8
21.6500000000	0.2000000000	1	8
21.6600000000	0.2000000000	1	8
21.6700000000	0.2000000000	1	8
21.6800000000	0.2000000000	1	8
21.6900000000	0.2000000000	1	8
21.7000000000	0.2000000000	1	8
21.7100000000	0.2000000000	1	8
21.7200000000	0.2000000000	1	8
21.7300000000	0.2000000000	1	8
21.7400000000	0.2000000000	1	8
21.7500000000	0.2000000000	1	8
21.7600000000	0.2000000000	1	8
21.7700000000	0.2000000000	1	8
21.7800000000	0.2000000000	1	8
21.7900000000	0.2000000000	1	8
21.8000000000	0.2000000000	1	8
21.8100000000	0.2000000000	1	8
21.8200000000	0.2000000000	1	8
21.8300000000	0.2000000000	1	8
21.8400000000	0.2000000000	1	8
21.8500000000	0.2000000000	1	8
21.8600000000	0.2000000000	1	8
21.8700000000	0.2000000000	1	8
21.8800000000	0.2000000000	1	8
21.8900000000	0.2000000000	1	8
21.9000000000	0.2000000000	1	8
21.9100000000	0.2000000000	1	8
21.9200000000	0.2000000000	1	8
21.9300000000	0.2000000000	1	8
21.9400000000	0.2000000000	1	8
21.9500000000	0.2000000000	1	8
21.9600000000	0.2000000000	1	8
21.9700000000	0.2000000000	1	8
21.9800000000	0.2000000000	1	8
21.9900000000	0.2000000000	1	8
22.0000000000	0.2000000000	1	8
22.0100000000	0.2000000000	1	8
22.0200000000	0.2000000000	1	8
22.0300000000	0.2000000000	1	8
22.0400000000	0.2000000000	1	8
22.0500000000	0.2000000000	1	8
22.0600000000	0.2000000000	1	8
22.0700000000	0.2000000000	1	8
22.0800000000	0.2000000000	1	8
22.0900000000	0.2000000000	1	8
22.1000000000	0.2000000000	1	8
22.1100000000	0.2000000000	1	8
22.1200000000	0.2000000000	1	8
22.1300000000	0.2000000000	1	8
22.1400000000	0.2000000000	1	8
22.1500000000	0.2000000000	1	8
22.1600000000	0.2000000000	1	8
22.1700000000	0.2000000000	1	8
22.1800000000	0.2000000000	1	8
22.1900000000	0.2000000000	1	8
22.2000000000	0.2000000000	1	8
22.2100000000	0.2000000000	1	8
22.2200000000	0.2000000000	1	8
22.2300000000	0.2000000000	1	8
22.2400000000	0.2000000000	1	8
22.2500000000	0.2000000000	1	8
22.2600000000	0.2000000000	1	8
22.2700000000	0.2000000000	1	8
22.2800000000	0.2000000000	1	8
22.2900000000	0.2000000000	1	8
22.3000000000	0.2000000000	1	8
22.3100000000	0.2000000000	1	8
22.3200000000	0.2000000000	1	8
22.3300000000	0.2000000000	1	8
22.3400000000	0.2000000000	1	8
22.3500000000	0.2000000000	1	8
22.3600000000	0.2000000000	1	8
22.3700000000	0.2000000000	1	8
22.3800000000	0.2000000000	1	8
22.3900000000	0.2000000000	1	8
22.4000000000	0.2000000000	1	8
22.4100000000	0.2000000000	1	8
22.4200000000	0.2000000000	1	8
22.4300000000	0.2000000000	1	8
22.4400000000	0.2000000000	1	8
22.4500000000	0.2000000000	1	8
22.4600000000	0.2000000000	1	8
22.4700000000	0.2000000000	1	8
22.4800000000	0.2000000000	1	8
22.4900000000	0.2000000000	1	8
22.5000000000	0.2000000000	1	8
22.5100000000	0.2000000000	1	8
22.5200000000	0.2000000000	1	8
22.5300000000	0.2000000000	1	8
22.5400000000	0.2000000000	1	8
22.5500000000	0.2000000000	1	8
22.5600000000	0.2000000000	1	8
22.5700000000	0.2000000000	1	8
22.5800000000	0.2000000000	1	8
22.5900000000	0.2000000000	1	8
22.6000000000	0.2000000000	1	8
22.6100000000	0.2000000000	1	8
22.6200000000	0.2000000000	1	8
22.6300000000	0.2000000000	1	8
22.6400000000	0.2000000000	1	8
22.6500000000	0.2000000000	1	8
22.6600000000	0.2000000000	1	8
22.6700000000	0.2000000000	1	8
22.6800000000	0.2000000000	1	8
22.6900000000	0.2000000000	1	8
22.7000000000	0.2000000000	1	8
22.7100000000	0.2000000000	1	8
22.7200000000	0.2000000000	1	8
22.7300000000	0.2000000000	1	8
22.7400000000	0.2000000000	1	8
22.7500000000	0.2000000000	1	8
22.7600000000	0.2000000000	1	8
22.7700000000	0.2000000000	1	8
22.7800000000	0.2000000000	1	8
22.7900000000	0.2000000000	1	8
22.8000000000	0.2000000000	1	8
22.8100000000	0.2000000000	1	8
22.8200000000	0.2000000000	1	8
22.8300000000	0.2000000000	1	8
22.8400000000	0.2000000000	1	8
22.8500000000	0.2000000000	1	8
22.8600000000	0.2000000000	1	8
22.8700000000	0.2000000000	1	8
22.8800000000	0.2000000000	1	8
22.8900000000	0.2000000000	1	8
22.9000000000	0.2000000000	1	8
22.9100000000	0.2000000000	1	8
22.9200000000	0.2000000000	1	8
22.9300000000	0.2000000000	1	8
22.9400000000	0.2000000000	1	8
22.9500000000	0.2000000000	1	8
22.9600000000	0.2000000000	1	8
22.9700000000	0.2000000000	1	8
22.9800000000	0.2000000000	1	8
22.9900000000	0.2000000000	1	8
23.0000000000	0.2000000000	1	8
23.0100000000	0.2000000000	1	8
23.0200000000	0.2000000000	1	8
23.0300000000	0.2000000000	1	8
23.0400000000	0.2000000000	1	8
23.0500000000	0.2000000000	1	8
23.0600000000	0.2000000000	1	8
23.0700000000	0.2000000000	1	8
23.0800000000	0.2000000000	1	8
23.0900000000	0.2000000000	1	8
23.1000000000	0.2000000000	1	8
23.1100000000	0.2000000000	1	8
23.1200000000	0.2000000000	1	8
23.1300000000	0.2000000000	1	8
23.1400000000	0.2000000000	1	8
23.1500000000	0.2000000000	1	8
23.1600000000	0.2000000000	1	8
23.1700000000	0.2000000000	1	8
23.1800000000	0.2000000000	1	8
23.1900000000	0.2000000000	1	8
23.2000000000	0.2000000000	1	8
23.2100000000	0.2000000000	1	8
23.2200000000	0.2000000000	1	8
23.2300000000	0.2000000000	1	8
23.2400000000	0.2000000000	1	8
23.2500000000	0.2000000000	1	8
23.2600000000	0.2000000000	1	8
23.2700000000	0.2000000000	1	8
23.2800000000	0.2000000000	1	8
23.2900000000	0.2000000000	1	8
23.3000000000	0.2000000000	1	8
23.3100000000	0.2000000000	1	8
23.3200000000	0.2000000000	1	8
23.3300000000	0.2000000000	1	8
23.3400000000	0.2000000000	1	8
23.3500000000	0.2000000000	1	8
23.3600000000	0.2000000000	1	8
23.3700000000	0.2000000000	1	8
23.3800000000	0.2000000000	1	8
23.3900000000	0.2000000000	1	8
23.4000000000	0.2000000000	1	8
23.4100000000	0.2000000000	1	8
23.4200000000	0.2000000000	1	8
23.4300000000	0.2000000000	1	8
23.4400000000	0.2000000000	1	8
23.4500000000	0.2000000000	1	8
23.4600000000	0.2000000000	1	8
23.4700000000	0.2000000000	1	8
23.4800000000	0.2000000000	1	8
23.4900000000	0.2000000000	1	8
23.5000000000	0.2000000000	1	8
23.5100000000	0.2000000000	1	8
23.5200000000	0.2000000000	1	8
23.5300000000	0.2000000000	1	8
23.5400000000	0.2000000000	1	8
23.5500000000	0.2000000000	1	8
23.5600000000	0.2000000000	1	8
23.5700000000	0.2000000000	1	8
23.5800000000	0.2000000000	1	8
23.5900000000	0.2000000000	1	8
23.6000000000	0.2000000000	1	8
23.6100000000	0.2000000000	1	8
23.6200000000	0.2000000000	1	8
23.6300000000	0.2000000000	1	8
23.6400000000	0.2000000000	1	8
23.6500000000	0.2000000000	1	8
23.6600000000	0.2000000000	1	8
23.6700000000	0.2000000000	1	8
23.6800000000	0.2000000000	1	8
23.6900000000	0.2000000000	1	8
23.7000000000	0.2000000000	1	8
23.7100000000	0.2000000000	1	8
23.7200000000	0.2000000000	1	8
23.7300000000	0.2000000000	1	8
23.7400000000	0.2000000000	1	8
23.7500000000	0.2000000000	1	8
23.7600000000	0.2000000000	1	8
23.7700000000	0.2000000000	1	8
23.7800000000	0.2000000000	1	8
23.7900000000	0.2000000000	1	8
23.8000000000	0.2000000000	1	8
23.8100000000	0.2000000000	1	8
23.8200000000	0.2000000000	1	8
23.8300000000	0.2000000000	1	8
23.8400000000	0.2000000000	1	8
23.8500000000	0.2000000000	1	8
23.8600000000	0.2000000000	1	8
23.8700000000	0.2000000000	1	8
23.8800000000	0.2000000000	1	8
23.8900000000	0.2000000000	1	8
23.9000000000	0.2000000000	1	8
23.9100000000	0.2000000000	1	8
23.9200000000	0.2000000000	1	8
23.9300000000	0.2000000000	1	8
23.9400000000	0.2000000000	1	8
23.9500000000	0.2000000000	1	8
23.9600000000	0.2000000000	1	8
23.9700000000	0.2000000000	1	8
23.9800000000	0.2000000000	1	8
23.9900000000	0.2000000000	1	8
24.0000000000	0.2000000000	1	8
24.0100000000	0.2000000000	1	8
24.0200000000	0.2000000000	1	8
24.0300000000	0.2000000000	1	8
24.0400000000	0.2000000000	1	8
24.0500000000	0.2000000000	1	8
24.0600000000	0.2000000000	1	8
24.0700000000	0.2000000000	1	8
24.0800000000	0.2000000000	1	8
24.0900000000	0.2000000000	1	8
24.1000000000	0.2000000000	1	8
24.1100000000	0.2000000000	1	8
24.1200000000	0.2000000000	1	8
24.1300000000	0.2000000000	1	8
24.1400000000	0.2000000000	1	8
24.1500000000	0.2000000000	1	8
24.1600000000	0.2000000000	1	8
24.1700000000	0.2000000000	1	8
24.1800000000	0.2000000000	1	8
24.1900000000	0.2000000000	1	8
24.2000000000	0.2000000000	1	8
24.2100000000	0.2000000000	1	8
24.2200000000	0.2000000000	1	8
24.2300000000	0.2000000000	1	8
24.2400000000	0.2000000000	1	8
24.2500000000	0.2000000000	1	8
24.2600000000	0.2000000000	1	8
24.2700000000	0.2000000000	1	8
24.2800000000	0.2000000000	1	8
24.2900000000	0.2000000000	1	8
24.3000000000	0.2000000000	1	8
24.3100000000	0.2000000000	1	8
24.3200000000	0.2000000000	1	8
24.3300000000	0.2000000000	1	8
24.3400000000	0.2000000000	1	8
24.3500000000	0.2000000000	1	8
24.3600000000	0.2000000000	1	8
24.3700000000	0.2000000000	1	8
24.3800000000	0.2000000000	1	8
24.3900000000	0.2000000000	1	8
24.4000000000	0.2000000000	1	8
24.4100000000	0.2000000000	1	8
24.4200000000	0.2000000000	1	8
24.4300000000	0.2000000000	1	8
24.4400000000	0.2000000000	1	8
24.4500000000	0.2000000000	1	8
24.4600000000	0.2000000000	1	8
24.4700000000	0.2000000000	1	8
24.4800000000	0.2000000000	1	8
24.4900000000	0.2000000000	1	8
24.5000000000	0.2000000000	1	8
24.5100000000	0.2000000000	1	8
24.5200000000	0.2000000000	1	8
24.5300000000	0.2000000000	1	8
24.5400000000	0.2000000000	1	8
24.5500000000	0.2000000000	1	8
24.5600000000	0.2000000000	1	8
24.5700000000	0.2000000000	1	8
24.5800000000	0.2000000000	1	8
24.5900000000	0.2000000000	1	8
24.6000000000	0.2000000000	1	8
24.6100000000	0.2000000000	1	8
24.6200000000	0.2000000000	1	8
24.6300000000	0.2000000000	1	8
24.6400000000	0.2000000000	1	8
24.6500000000	0.2000000000	1	8
24.6600000000	0.2000000000	1	8
24.6700000000	0.2000000000	1	8
24.6800000000	0.2000000000	1	8
24.6900000000	0.2000000000	1	8
24.7000000000	0.2000000000	1	8
24.7100000000	0.2000000000	1	8
24.7200000000	0.2000000000	1	8
24.7300000000	0.2000000000	1	8
24.7400000000	0.2000000000	1	8
24.7500000000	0.2000000000	1	8
24.7600000000	0.2000000000	1	8
24.7700000000	0.2000000000	1	8
24.7800000000	0.2000000000	1	8
24.7900000000	0.2000000000	1	8
24.8000000000	0.2000000000	1	8
24.8100000000	0.2000000000	1	8
24.8200000000	0.2000000000	1	8
24.8300000000	0.2000000000	1	8
24.8400000000	0.2000000000	1	8
24.8500000000	0.2000000000	1	8
24.8600000000	0.2000000000	1	8
24.8700000000	0.2000000000	1	8
24.8800000000	0.2000000000	1	8
24.8900000000	0.2000000000	1	8
24.9000000000	0.2000000000	1	8
24.9100000000	0.2000000000	1	8
24.9200000000	0.2000000000	1	8
24.9300000000	0.2000000000	1	8
24.9400000000	0.2000000000	1	8
24.9500000000	0.2000000000	1	8
24.9600000000	0.2000000000	1	8
24.9700000000	0.2000000000	1	8
24.9800000000	0.2000000000	1	8
24.9900000000	0.2000000000	1	8
25.0000000000	0.2000000000	1	8
