	1.530	1.540	1.550	1.560	1.570
0.0	0.0000258308	0.0000224596	0.0000048096	0.0000110252	0.0001619325
0.1	0.0000258308	0.0000224596	0.0000048096	0.0000110252	0.0001619325
0.2	0.0000257983	0.0000224318	0.0000047975	0.0000110487	0.0001620355
0.3	0.0000258173	0.0000224556	0.0000048183	0.0000110756	0.0001621381
0.4	0.0000259500	0.0000225977	0.0000049307	0.0000111367	0.0001622134
0.5	0.0000262820	0.0000229517	0.0000052238	0.0000112972	0.0001622742
0.6	0.0000269221	0.0000236375	0.0000058169	0.0000116570	0.0001623722
0.7	0.0000280021	0.0000248013	0.0000068594	0.0000123502	0.0001625987
0.8	0.0000296770	0.0000266156	0.0000085304	0.0000135453	0.0001630839
0.9	0.0000321242	0.0000292787	0.0000110390	0.0000154447	0.0001639973
1.0	0.0000355439	0.0000330149	0.0000146237	0.0000182847	0.0001655469
1.1	0.0000401586	0.0000380737	0.0000195522	0.0000223350	0.0001679795
1.2	0.0000462129	0.0000447302	0.0000261209	0.0000278988	0.0001715802
1.3	0.0000539731	0.0000532841	0.0000346551	0.0000353119	0.0001766719
1.4	0.0000637274	0.0000640598	0.0000455081	0.0000449428	0.0001836153
1.5	0.0000757847	0.0000774059	0.0000590612	0.0000571921	0.0001928083
1.6	0.0000904750	0.0000936950	0.0000757229	0.0000724921	0.0002046854
1.7	0.0001081490	0.0001133228	0.0000959286	0.0000913060	0.0002197174
1.8	0.0001291770	0.0001367083	0.0001201405	0.0001141279	0.0002384111
1.9	0.0001539495	0.0001642928	0.0001488462	0.0001414820	0.0002613080
2.0	0.0001828758	0.0001965396	0.0001825591	0.0001739219	0.0002889845
2.1	0.0002163843	0.0002339336	0.0002218172	0.0002120300	0.0003220507
2.2	0.0002549216	0.0002769805	0.0002671828	0.0002564170	0.0003611500
2.3	0.0002989520	0.0003262065	0.0003192415	0.0003077212	0.0004069581
2.4	0.0003489572	0.0003821575	0.0003786020	0.0003666074	0.0004601824
2.5	0.0004054354	0.0004453986	0.0004458952	0.0004337668	0.0005215613
2.6	0.0004689013	0.0005165133	0.0005217734	0.0005099155	0.0005918631
2.7	0.0005398850	0.0005961031	0.0006069097	0.0005957943	0.0006718853
2.8	0.0006189315	0.0006847865	0.0007019970	0.0006921675	0.0007624536
2.9	0.0007066002	0.0007831986	0.0008077477	0.0007998219	0.0008644210
3.0	0.0008034642	0.0008919902	0.0009248922	0.0009195663	0.0009786667
3.1	0.0009101099	0.0010118271	0.0010541787	0.0010522304	0.0011060952
3.2	0.0010271357	0.0011433892	0.0011963719	0.0011986638	0.0012476354
3.3	0.0011551520	0.0012873702	0.0013522524	0.0013597349	0.0014042391
3.4	0.0012947800	0.0014444760	0.0015226157	0.0015363301	0.0015768802
3.5	0.0014466513	0.0016154245	0.0017082712	0.0017293529	0.0017665538
3.6	0.0016114071	0.0018009449	0.0019100413	0.0019397222	0.0019742743
3.7	0.0017896972	0.0020017761	0.0021287605	0.0021683722	0.0022010750
3.8	0.0019821795	0.0022186666	0.0023652745	0.0024162505	0.0024480065
3.9	0.0021895195	0.0024523732	0.0026204390	0.0026843173	0.0027161353
4.0	0.0024123888	0.0027036602	0.0028951189	0.0029735443	0.0030065431
4.1	0.0026514649	0.0029732987	0.0031901871	0.0032849136	0.0033203250
4.2	0.0029074302	0.0032620655	0.0035065237	0.0036194162	0.0036585883
4.3	0.0031809712	0.0035707420	0.0038450146	0.0039780514	0.0040224514
4.4	0.0034727777	0.0039001137	0.0042065509	0.0043618250	0.0044130424
4.5	0.0037835420	0.0042509690	0.0045920276	0.0047717485	0.0048314976
4.6	0.0041139580	0.0046240983	0.0050023423	0.0052088379	0.0052789602
4.7	0.0044647204	0.0050202931	0.0054383947	0.0056741122	0.0057565790
4.8	0.0048365240	0.0054403448	0.0059010848	0.0061685923	0.0062655069
4.9	0.0052300626	0.0058850443	0.0063913124	0.0066932999	0.0068068996
5.0	0.0056460283	0.0063551803	0.0069099759	0.0072492560	0.0073819141
5.1	0.0060851106	0.0068515390	0.0074579708	0.0078374798	0.0079917074
5.2	0.0065479958	0.0073749026	0.0080361891	0.0084589876	0.0086374348
5.3	0.0070353656	0.0079260488	0.0086455177	0.0091147911	0.0093202490
5.4	0.0075478969	0.0085057494	0.0092868379	0.0098058966	0.0100412981
5.5	0.0080862605	0.0091147698	0.0099610238	0.0105333035	0.0108017243
5.6	0.0086511203	0.0097538674	0.0106689413	0.0112980030	0.0116026628
5.7	0.0092431327	0.0104237912	0.0114114472	0.0121009770	0.0124452400
5.8	0.0098629455	0.0111252807	0.0121893877	0.0129431968	0.0133305721
5.9	0.0105111971	0.0118590649	0.0130035979	0.0138256217	0.0142597638
6.0	0.0111885160	0.0126258610	0.0138549001	0.0147491980	0.0152339069
6.1	0.0118955194	0.0134263742	0.0147441032	0.0157148574	0.0162540788
6.2	0.0126328128	0.0142612962	0.0156720012	0.0167235164	0.0173213407
6.3	0.0134009891	0.0151313043	0.0166393725	0.0177760743	0.0184367371
6.4	0.0142006277	0.0160370607	0.0176469788	0.0188734125	0.0196012934
6.5	0.0150322937	0.0169792116	0.0186955636	0.0200163931	0.0208160154
6.6	0.0158965374	0.0179583859	0.0197858520	0.0212058578	0.0220818870
6.7	0.0167938930	0.0189751949	0.0209185489	0.0224426269	0.0233998698
6.8	0.0177248784	0.0200302310	0.0220943383	0.0237274975	0.0247709009
6.9	0.0186899940	0.0211240669	0.0233138824	0.0250612433	0.0261958924
7.0	0.0196897222	0.0222572549	0.0245778206	0.0264446124	0.0276757292
7.1	0.0207245265	0.0234303261	0.0258867683	0.0278783273	0.0292112684
7.2	0.0217948512	0.0246437892	0.0272413163	0.0293630829	0.0308033377
7.3	0.0229011200	0.0258981302	0.0286420297	0.0308995460	0.0324527344
7.4	0.0240437359	0.0271938113	0.0300894469	0.0324883538	0.0341602237
7.5	0.0252230804	0.0285312701	0.0315840789	0.0341301135	0.0359265381
7.6	0.0264395128	0.0299109193	0.0331264086	0.0358254006	0.0377523757
7.7	0.0276933693	0.0313331453	0.0347168893	0.0375747583	0.0396383995
7.8	0.0289849629	0.0327983081	0.0363559447	0.0393786966	0.0415852358
7.9	0.0303145825	0.0343067403	0.0380439676	0.0412376912	0.0435934736
8.0	0.0316824923	0.0358587464	0.0397813192	0.0431521827	0.0456636630
8.1	0.0330889314	0.0374546024	0.0415683285	0.0451225758	0.0477963149
8.2	0.0345341130	0.0390945550	0.0434052917	0.0471492380	0.0499918990
8.3	0.0360182243	0.0407788211	0.0452924709	0.0492324996	0.0522508439
8.4	0.0375414255	0.0425075871	0.0472300943	0.0513726522	0.0545735354
8.5	0.0391038499	0.0442810086	0.0492183549	0.0535699482	0.0569603158
8.6	0.0407056028	0.0460992095	0.0512574102	0.0558246004	0.0594114832
8.7	0.0423467617	0.0479622820	0.0533473815	0.0581367807	0.0619272907
8.8	0.0440273753	0.0498702857	0.0554883536	0.0605066200	0.0645079453
8.9	0.0457474639	0.0518232475	0.0576803738	0.0629342073	0.0671536073
9.0	0.0475070180	0.0538211609	0.0599234521	0.0654195890	0.0698643897
9.1	0.0493059990	0.0558639858	0.0622175600	0.0679627689	0.0726403575
9.2	0.0511443383	0.0579516482	0.0645626308	0.0705637071	0.0754815271
9.3	0.0530219369	0.0600840396	0.0669585587	0.0732223199	0.0783878654
9.4	0.0549386659	0.0622610169	0.0694051987	0.0759384792	0.0813592896
9.5	0.0568943653	0.0644824025	0.0719023661	0.0787120120	0.0843956667
9.6	0.0588888445	0.0667479831	0.0744498364	0.0815427005	0.0874968128
9.7	0.0609218820	0.0690575105	0.0770473451	0.0844302813	0.0906624929
9.8	0.0629932249	0.0714107009	0.0796945873	0.0873744453	0.0938924205
9.9	0.0651025892	0.0738072348	0.0823912174	0.0903748376	0.0971862571
10.0	0.0672496594	0.0762467572	0.0851368494	0.0934310570	0.1005436122
10.1	0.0694340888	0.0787288769	0.0879310566	0.0965426562	0.1039640428
10.2	0.0716554989	0.0812531671	0.0907733711	0.0997091414	0.1074470533
10.3	0.0739134799	0.0838191651	0.0936632845	0.1029299724	0.1109920957
10.4	0.0762075906	0.0864263723	0.0966002474	0.1062045625	0.1145985687
10.5	0.0785373582	0.0890742541	0.0995836696	0.1095322785	0.1182658187
10.6	0.0809022787	0.0917622404	0.1026129201	0.1129124407	0.1219931388
10.7	0.0833018167	0.0944897254	0.1056873273	0.1163443232	0.1257797697
10.8	0.0857354059	0.0972560676	0.1088061791	0.1198271539	0.1296248990
10.9	0.0882024487	0.1000605906	0.1119687231	0.1233601144	0.1335276622
11.0	0.0907023169	0.1029025824	0.1151741668	0.1269423409	0.1374871420
11.1	0.0932343517	0.1057812964	0.1184216778	0.1305729236	0.1415023693
11.2	0.0957978640	0.1086959513	0.1217103842	0.1342509078	0.1455723230
11.3	0.0983921346	0.1116457316	0.1250393749	0.1379752937	0.1496959305
11.4	0.1010164145	0.1146297876	0.1284076999	0.1417450370	0.1538720682
11.5	0.1036699251	0.1176472361	0.1318143706	0.1455590493	0.1580995616
11.6	0.1063518589	0.1206971607	0.1352583607	0.1494161985	0.1623771862
11.7	0.1090613795	0.1237786121	0.1387386059	0.1533153094	0.1667036677
11.8	0.1117976223	0.1268906087	0.1422540052	0.1572551641	0.1710776826
11.9	0.1145596946	0.1300321369	0.1458034208	0.1612345028	0.1754978590
12.0	0.1173466763	0.1332021519	0.1493856792	0.1652520242	0.1799627769
12.1	0.1201576204	0.1363995781	0.1529995712	0.1693063863	0.1844709695
12.2	0.1229915532	0.1396233093	0.1566438532	0.1733962069	0.1890209232
12.3	0.1258474753	0.1428722100	0.1603172473	0.1775200648	0.1936110791
12.4	0.1287243617	0.1461451156	0.1640184423	0.1816764998	0.1982398332
12.5	0.1316211626	0.1494408329	0.1677460946	0.1858640143	0.2029055378
12.6	0.1345368039	0.1527581412	0.1714988283	0.1900810737	0.2076065020
12.7	0.1374701880	0.1560957928	0.1752752368	0.1943261074	0.2123409930
12.8	0.1404201942	0.1594525135	0.1790738830	0.1985975096	0.2171072370
12.9	0.1433856796	0.1628270040	0.1828933006	0.2028936404	0.2219034198
13.0	0.1463654796	0.1662179399	0.1867319947	0.2072128267	0.2267276888
13.1	0.1493584087	0.1696239729	0.1905884427	0.2115533634	0.2315781531
13.2	0.1523632612	0.1730437318	0.1944610954	0.2159135139	0.2364528855
13.3	0.1553788120	0.1764758231	0.1983483778	0.2202915119	0.2413499229
13.4	0.1584038173	0.1799188318	0.2022486904	0.2246855619	0.2462672684
13.5	0.1614370154	0.1833713225	0.2061604097	0.2290938409	0.2512028917
13.6	0.1644771276	0.1868318403	0.2100818897	0.2335144988	0.2561547310
13.7	0.1675228589	0.1902989115	0.2140114626	0.2379456604	0.2611206940
13.8	0.1705728987	0.1937710449	0.2179474401	0.2423854261	0.2660986593
13.9	0.1736259222	0.1972467325	0.2218881146	0.2468318733	0.2710864781
14.0	0.1766805906	0.2007244506	0.2258317601	0.2512830576	0.2760819750
14.1	0.1797355525	0.2042026609	0.2297766333	0.2557370142	0.2810829500
14.2	0.1827894443	0.2076798113	0.2337209749	0.2601917591	0.2860871797
14.3	0.1858408918	0.2111543371	0.2376630109	0.2646452905	0.2910924188
14.4	0.1888885103	0.2146246619	0.2416009535	0.2690955902	0.2960964018
14.5	0.1919309064	0.2180891990	0.2455330025	0.2735406246	0.3010968442
14.6	0.1949666781	0.2215463520	0.2494573464	0.2779783467	0.3060914443
14.7	0.1979944165	0.2249945165	0.2533721640	0.2824066969	0.3110778850
14.8	0.2010127062	0.2284320804	0.2572756249	0.2868236050	0.3160538347
14.9	0.2040201266	0.2318574258	0.2611658918	0.2912269911	0.3210169497
15.0	0.2070152528	0.2352689296	0.2650411206	0.2956147672	0.3259648753
15.1	0.2099966565	0.2386649648	0.2688994628	0.2999848390	0.3308952476
15.2	0.2129629073	0.2420439019	0.2727390659	0.3043351068	0.3358056954
15.3	0.2159125731	0.2454041094	0.2765580754	0.3086634674	0.3406938415
15.4	0.2188442219	0.2487439556	0.2803546356	0.3129678154	0.3455573045
15.5	0.2217564221	0.2520618093	0.2841268910	0.3172460448	0.3503937007
15.6	0.2246477440	0.2553560413	0.2878729879	0.3214960505	0.3552006455
15.7	0.2275167603	0.2586250252	0.2915910755	0.3257157295	0.3599757553
15.8	0.2303620479	0.2618671390	0.2952793070	0.3299029829	0.3647166492
15.9	0.2331821880	0.2650807657	0.2989358416	0.3340557168	0.3694209506
16.0	0.2359757679	0.2682642949	0.3025588450	0.3381718446	0.3740862890
16.1	0.2387413815	0.2714161240	0.3061464913	0.3422492877	0.3787103017
16.2	0.2414776305	0.2745346588	0.3096969641	0.3462859775	0.3832906356
16.3	0.2441831256	0.2776183153	0.3132084577	0.3502798568	0.3878249489
16.4	0.2468564869	0.2806655204	0.3166791786	0.3542288811	0.3923109125
16.5	0.2494963457	0.2836747134	0.3201073469	0.3581310203	0.3967462121
16.6	0.2521013448	0.2866443468	0.3234911972	0.3619842603	0.4011285499
16.7	0.2546701401	0.2895728874	0.3268289804	0.3657866040	0.4054556459
16.8	0.2572014009	0.2924588179	0.3301189644	0.3695360733	0.4097252399
16.9	0.2596938114	0.2953006376	0.3333594358	0.3732307103	0.4139350933
17.0	0.2621460717	0.2980968634	0.3365487011	0.3768685785	0.4180829903
17.1	0.2645568982	0.3008460313	0.3396850878	0.3804477649	0.4221667399
17.2	0.2669250250	0.3035466972	0.3427669457	0.3839663806	0.4261841774
17.3	0.2692492049	0.3061974379	0.3457926482	0.3874225629	0.4301331662
17.4	0.2715282099	0.3087968523	0.3487605933	0.3908144763	0.4340115989
17.5	0.2737608325	0.3113435626	0.3516692050	0.3941403138	0.4378173997
17.6	0.2759458864	0.3138362148	0.3545169343	0.3973982985	0.4415485250
17.7	0.2780822075	0.3162734803	0.3573022604	0.4005866850	0.4452029656
17.8	0.2801686544	0.3186540564	0.3600236921	0.4037037601	0.4487787481
17.9	0.2822041098	0.3209766677	0.3626797684	0.4067478449	0.4522739362
18.0	0.2841874810	0.3232400665	0.3652690599	0.4097172954	0.4556866321
18.1	0.2861177007	0.3254430343	0.3677901699	0.4126105040	0.4590149783
18.2	0.2879937280	0.3275843824	0.3702417354	0.4154259009	0.4622571588
18.3	0.2898145488	0.3296629528	0.3726224279	0.4181619549	0.4654114002
18.4	0.2915791771	0.3316776191	0.3749309546	0.4208171747	0.4684759735
18.5	0.2932866552	0.3336272874	0.3771660597	0.4233901101	0.4714491952
18.6	0.2949360548	0.3355108971	0.3793265244	0.4258793530	0.4743294285
18.7	0.2965264773	0.3373274216	0.3814111690	0.4282835386	0.4771150848
18.8	0.2980570551	0.3390758691	0.3834188527	0.4306013461	0.4798046244
18.9	0.2995269515	0.3407552834	0.3853484752	0.4328315002	0.4823965584
19.0	0.3009353619	0.3423647447	0.3871989772	0.4349727716	0.4848894492
19.1	0.3022815142	0.3439033700	0.3889693414	0.4370239782	0.4872819118
19.2	0.3035646693	0.3453703141	0.3906585930	0.4389839858	0.4895726151
19.3	0.3047841218	0.3467647701	0.3922658005	0.4408517093	0.4917602824
19.4	0.3059392004	0.3480859698	0.3937900768	0.4426261131	0.4938436930
19.5	0.3070292685	0.3493331847	0.3952305791	0.4443062122	0.4958216827
19.6	0.3080537247	0.3505057261	0.3965865103	0.4458910726	0.4976931447
19.7	0.3090120031	0.3516029461	0.3978571193	0.4473798126	0.4994570306
19.8	0.3099035740	0.3526242375	0.3990417013	0.4487716029	0.5011123512
19.9	0.3107279440	0.3535690350	0.4001395989	0.4500656673	0.5026581772
20.0	0.3114846564	0.3544368148	0.4011502021	0.4512612838	0.5040936399
20.1	0.3121732920	0.3552270957	0.4020729489	0.4523577844	0.5054179319
20.2	0.3127934687	0.3559394390	0.4029073260	0.4533545563	0.5066303078
20.3	0.3133448423	0.3565734492	0.4036528687	0.4542510419	0.5077300844
20.4	0.3138271067	0.3571287739	0.4043091618	0.4550467393	0.5087166418
20.5	0.3142399938	0.3576051043	0.4048758393	0.4557412030	0.5095894235
20.6	0.3145832743	0.3580021755	0.4053525852	0.4563340438	0.5103479369
20.7	0.3148567573	0.3583197666	0.4057391337	0.4568249293	0.5109917535
20.8	0.3150602906	0.3585577008	0.4060352690	0.4572135843	0.5115205097
20.9	0.3151937610	0.3587158457	0.4062408257	0.4574997909	0.5119339067
21.0	0.3152570943	0.3587941132	0.4063556891	0.4576833883	0.5122317108
21.1	0.3152502552	0.3587924598	0.4063797952	0.4577642736	0.5124137536
21.2	0.3151732476	0.3587108863	0.4063131303	0.4577424014	0.5124799320
21.3	0.3150261143	0.3585494382	0.4061557319	0.4576177839	0.5124302088
21.4	0.3148089372	0.3583082055	0.4059076876	0.4573904911	0.5122646119
21.5	0.3145218371	0.3579873223	0.4055691361	0.4570606505	0.5119832349
21.6	0.3141649738	0.3575869674	0.4051402663	0.4566284471	0.5115862371
21.7	0.3137385456	0.3571073635	0.4046213175	0.4560941233	0.5110738426
21.8	0.3132427896	0.3565487775	0.4040125792	0.4554579788	0.5104463412
21.9	0.3126779812	0.3559115198	0.4033143908	0.4547203700	0.5097040872
22.0	0.3120444341	0.3551959446	0.4025271413	0.4538817101	0.5088474998
22.1	0.3113424999	0.3544024493	0.4016512693	0.4529424688	0.5078770625
22.2	0.3105725678	0.3535314745	0.4006872623	0.4519031715	0.5067933227
22.3	0.3097350646	0.3525835030	0.3996356565	0.4507643996	0.5055968914
22.4	0.3088304541	0.3515590604	0.3984970364	0.4495267893	0.5042884426
22.5	0.3078592367	0.3504587138	0.3972720344	0.4481910317	0.5028687130
22.6	0.3068219494	0.3492830721	0.3959613301	0.4467578719	0.5013385011
22.7	0.3057191650	0.3480327849	0.3945656502	0.4452281087	0.4996986671
22.8	0.3045514919	0.3467085426	0.3930857674	0.4436025938	0.4979501314
22.9	0.3033195734	0.3453110754	0.3915225003	0.4418822314	0.4960938750
23.0	0.3020240875	0.3438411530	0.3898767126	0.4400679771	0.4941309378
23.1	0.3006657463	0.3422995840	0.3881493122	0.4381608376	0.4920624181
23.2	0.2992452954	0.3406872152	0.3863412510	0.4361618696	0.4898894722
23.3	0.2977635133	0.3390049311	0.3844535240	0.4340721794	0.4876133129
23.4	0.2962212109	0.3372536532	0.3824871681	0.4318929214	0.4852352087
23.5	0.2946192310	0.3354343390	0.3804432621	0.4296252981	0.4827564832
23.6	0.2929584473	0.3335479819	0.3783229253	0.4272705583	0.4801785137
23.7	0.2912397643	0.3315956098	0.3761273169	0.4248299970	0.4775027304
23.8	0.2894641160	0.3295782848	0.3738576350	0.4223049537	0.4747306149
23.9	0.2876324658	0.3274971022	0.3715151159	0.4196968118	0.4718636998
24.0	0.2857458052	0.3253531897	0.3691010329	0.4170069975	0.4689035668
24.1	0.2838051535	0.3231477066	0.3666166956	0.4142369785	0.4658518458
24.2	0.2818115570	0.3208818429	0.3640634489	0.4113882633	0.4627102139
24.3	0.2797660879	0.3185568183	0.3614426716	0.4084623996	0.4594803936
24.4	0.2776698439	0.3161738816	0.3587557760	0.4054609735	0.4561641521
24.5	0.2755239470	0.3137343095	0.3560042063	0.4023856082	0.4527632993
24.6	0.2733295430	0.3112394056	0.3531894379	0.3992379628	0.4492796870
24.7	0.2710878005	0.3086904998	0.3503129761	0.3960197308	0.4457152073
24.8	0.2687999100	0.3060889470	0.3473763550	0.3927326394	0.4420717910
24.9	0.2664670831	0.3034361260	0.3443811363	0.3893784474	0.4383514065
25.0	0.2640905515	0.3007334389	0.3413289085	0.3859589449	0.4345560580
25.1	0.2616715663	0.2979823097	0.3382212852	0.3824759510	0.4306877841
25.2	0.2592113969	0.2951841833	0.3350599042	0.3789313130	0.4267486563
25.3	0.2567113299	0.2923405247	0.3318464263	0.3753269050	0.4227407775
25.4	0.2541726687	0.2894528176	0.3285825341	0.3716646262	0.4186662804
25.5	0.2515967320	0.2865225634	0.3252699305	0.3679463999	0.4145273256
25.6	0.2489848530	0.2835512802	0.3219103379	0.3641741718	0.4103261006
25.7	0.2463383787	0.2805405018	0.3185054965	0.3603499086	0.4060648177
25.8	0.2436586684	0.2774917761	0.3150571631	0.3564755966	0.4017457125
25.9	0.2409470932	0.2744066645	0.3115671101	0.3525532405	0.3973710421
26.0	0.2382050348	0.2712867405	0.3080371241	0.3485848613	0.3929430838
26.1	0.2354338844	0.2681335886	0.3044690044	0.3445724953	0.3884641330
26.2	0.2326350418	0.2649488032	0.3008645617	0.3405181927	0.3839365019
26.3	0.2298099146	0.2617339875	0.2972256172	0.3364240158	0.3793625175
26.4	0.2269599167	0.2584907520	0.2935540009	0.3322920375	0.3747445199
26.5	0.2240864678	0.2552207140	0.2898515501	0.3281243401	0.3700848607
26.6	0.2211909920	0.2519254957	0.2861201089	0.3239230135	0.3653859015
26.7	0.2182749169	0.2486067235	0.2823615259	0.3196901539	0.3606500118
26.8	0.2153396728	0.2452660269	0.2785776536	0.3154278621	0.3558795673
26.9	0.2123866913	0.2419050370	0.2747703465	0.3111382421	0.3510769485
27.0	0.2094174048	0.2385253856	0.2709414605	0.3068233998	0.3462445387
27.1	0.2064332447	0.2351287039	0.2670928508	0.3024854410	0.3413847226
27.2	0.2034356415	0.2317166215	0.2632263711	0.2981264703	0.3364998841
27.3	0.2004260226	0.2282907653	0.2593438723	0.2937485897	0.3315924051
27.4	0.1974058122	0.2248527581	0.2554472010	0.2893538968	0.3266646634
27.5	0.1943764300	0.2214042176	0.2515381981	0.2849444833	0.3217190313
27.6	0.1913392901	0.2179467554	0.2476186980	0.2805224340	0.3167578739
27.7	0.1882958002	0.2144819759	0.2436905267	0.2760898249	0.3117835473
27.8	0.1852473605	0.2110114748	0.2397555013	0.2716487218	0.3067983969
27.9	0.1821953631	0.2075368387	0.2358154279	0.2672011792	0.3018047561
28.0	0.1791411903	0.2040596432	0.2318721012	0.2627492386	0.2968049443
28.1	0.1760862146	0.2005814527	0.2279273026	0.2582949270	0.2918012655
28.2	0.1730317971	0.1971038185	0.2239827993	0.2538402560	0.2867960067
28.3	0.1699792869	0.1936282785	0.2200403433	0.2493872200	0.2817914363
28.4	0.1669300199	0.1901563557	0.2161016698	0.2449377949	0.2767898027
28.5	0.1638853185	0.1866895573	0.2121684964	0.2404939371	0.2717933325
28.6	0.1608464901	0.1832293740	0.2082425219	0.2360575819	0.2668042291
28.7	0.1578148265	0.1797772785	0.2043254250	0.2316306421	0.2618246714
28.8	0.1547916032	0.1763347250	0.2004188634	0.2272150072	0.2568568124
28.9	0.1517780786	0.1729031480	0.1965244726	0.2228125419	0.2519027775
29.0	0.1487754926	0.1694839616	0.1926438650	0.2184250849	0.2469646630
29.1	0.1457850668	0.1660785583	0.1887786288	0.2140544476	0.2420445355
29.2	0.1428080028	0.1626883086	0.1849303270	0.2097024133	0.2371444296
29.3	0.1398454822	0.1593145596	0.1811004964	0.2053707358	0.2322663474
29.4	0.1368986653	0.1559586345	0.1772906467	0.2010611384	0.2274122566
29.5	0.1339686907	0.1526218319	0.1735022595	0.1967753127	0.2225840899
29.6	0.1310566747	0.1493054246	0.1697367875	0.1925149179	0.2177837433
29.7	0.1281637103	0.1460106594	0.1659956537	0.1882815794	0.2130130752
29.8	0.1252908668	0.1427387557	0.1622802503	0.1840768882	0.2082739052
29.9	0.1224391892	0.1394909055	0.1585919380	0.1799023998	0.2035680129
30.0	0.1196096976	0.1362682722	0.1549320456	0.1757596330	0.1988971372
30.1	0.1168033863	0.1330719902	0.1513018685	0.1716500698	0.1942629750
30.2	0.1140212239	0.1299031642	0.1477026687	0.1675751537	0.1896671804
30.3	0.1112641521	0.1267628685	0.1441356737	0.1635362895	0.1851113635
30.4	0.1085330858	0.1236521469	0.1406020761	0.1595348424	0.1805970898
30.5	0.1058289120	0.1205720113	0.1371030326	0.1555721372	0.1761258795
30.6	0.1031524899	0.1175234422	0.1336396639	0.1516494576	0.1716992062
30.7	0.1005046502	0.1145073874	0.1302130538	0.1477680457	0.1673184965
30.8	0.0978861950	0.1115247619	0.1268242489	0.1439291013	0.1629851294
30.9	0.0952978968	0.1085764475	0.1234742578	0.1401337812	0.1587004352
31.0	0.0927404989	0.1056632924	0.1201640510	0.1363831992	0.1544656954
31.1	0.0902147147	0.1027861108	0.1168945603	0.1326784248	0.1502821418
31.2	0.0877212273	0.0999456824	0.1136666786	0.1290204836	0.1461509559
31.3	0.0852606896	0.0971427525	0.1104812592	0.1254103561	0.1420732686
31.4	0.0828337238	0.0943780314	0.1073391158	0.1218489781	0.1380501600
31.5	0.0804409213	0.0916521942	0.1042410221	0.1183372398	0.1340826585
31.6	0.0780828423	0.0889658809	0.1011877116	0.1148759857	0.1301717408
31.7	0.0757600162	0.0863196956	0.0981798776	0.1114660145	0.1263183313
31.8	0.0734729408	0.0837142072	0.0952181724	0.1081080787	0.1225233025
31.9	0.0712220828	0.0811499485	0.0923032081	0.1048028847	0.1187874739
32.0	0.0690078772	0.0786274167	0.0894355556	0.1015510923	0.1151116127
32.1	0.0668307276	0.0761470730	0.0866157452	0.0983533149	0.1114964331
32.2	0.0646910064	0.0737093427	0.0838442662	0.0952101195	0.1079425965
32.3	0.0625890540	0.0713146154	0.0811215671	0.0921220265	0.1044507115
32.4	0.0605251799	0.0689632447	0.0784480556	0.0890895100	0.1010213339
32.5	0.0584996619	0.0666555486	0.0758240988	0.0861129977	0.0976549668
32.6	0.0565127467	0.0643918093	0.0732500230	0.0831928709	0.0943520606
32.7	0.0545646499	0.0621722736	0.0707261143	0.0803294651	0.0911130133
32.8	0.0526555560	0.0599971532	0.0682526183	0.0775230700	0.0879381708
32.9	0.0507856188	0.0578666244	0.0658297409	0.0747739294	0.0848278272
33.0	0.0489549615	0.0557808287	0.0634576480	0.0720822423	0.0817822247
33.1	0.0471636769	0.0537398731	0.0611364662	0.0694481622	0.0788015545
33.2	0.0454118279	0.0517438304	0.0588662829	0.0668717985	0.0758859569
33.3	0.0436994473	0.0497927390	0.0566471469	0.0643532161	0.0730355219
33.4	0.0420265386	0.0478866042	0.0544790686	0.0618924363	0.0702502894
33.5	0.0403930762	0.0460253976	0.0523620204	0.0594894371	0.0675302503
33.6	0.0387990056	0.0442090583	0.0502959373	0.0571441540	0.0648753465
33.7	0.0372442438	0.0424374927	0.0482807174	0.0548564800	0.0622854718
33.8	0.0357286799	0.0407105755	0.0463162223	0.0526262666	0.0597604726
33.9	0.0342521754	0.0390281500	0.0444022777	0.0504533246	0.0573001484
34.0	0.0328145648	0.0373900282	0.0425386741	0.0483374243	0.0549042528
34.1	0.0314156558	0.0357959922	0.0407251674	0.0462782963	0.0525724940
34.2	0.0300552300	0.0342457940	0.0389614792	0.0442756327	0.0503045361
34.3	0.0287330433	0.0327391564	0.0372472980	0.0423290871	0.0480999991
34.4	0.0274488267	0.0312757736	0.0355822796	0.0404382761	0.0459584609
34.5	0.0262022866	0.0298553119	0.0339660478	0.0386027796	0.0438794573
34.6	0.0249931054	0.0284774102	0.0323981953	0.0368221421	0.0418624834
34.7	0.0238209421	0.0271416809	0.0308782843	0.0350958731	0.0399069945
34.8	0.0226854333	0.0258477105	0.0294058476	0.0334234484	0.0380124072
34.9	0.0215861931	0.0245950601	0.0279803890	0.0318043109	0.0361781003
35.0	0.0205228145	0.0233832665	0.0266013846	0.0302378714	0.0344034161
35.1	0.0194948696	0.0222118429	0.0252682832	0.0287235100	0.0326876613
35.2	0.0185019104	0.0210802794	0.0239805077	0.0272605766	0.0310301084
35.3	0.0175434696	0.0199880443	0.0227374556	0.0258483924	0.0294299967
35.4	0.0166190612	0.0189345842	0.0215385000	0.0244862507	0.0278865333
35.5	0.0157281813	0.0179193257	0.0203829909	0.0231734178	0.0263988949
35.6	0.0148703088	0.0169416755	0.0192702556	0.0219091347	0.0249662284
35.7	0.0140449063	0.0160010216	0.0181996002	0.0206926176	0.0235876528
35.8	0.0132514206	0.0150967344	0.0171703103	0.0195230592	0.0222622598
35.9	0.0124892837	0.0142281669	0.0161816519	0.0183996302	0.0209891158
36.0	0.0117579135	0.0133946564	0.0152328730	0.0173214800	0.0197672626
36.1	0.0110567146	0.0125955249	0.0143232038	0.0162877381	0.0185957192
36.2	0.0103850792	0.0118300801	0.0134518585	0.0152975152	0.0174734830
36.3	0.0097423877	0.0110976164	0.0126180360	0.0143499047	0.0163995312
36.4	0.0091280097	0.0103974160	0.0118209209	0.0134439835	0.0153728220
36.5	0.0085413049	0.0097287495	0.0110596849	0.0125788134	0.0143922964
36.6	0.0079816238	0.0090908769	0.0103334875	0.0117534425	0.0134568792
36.7	0.0074483085	0.0084830491	0.0096414774	0.0109669062	0.0125654806
36.8	0.0069406935	0.0079045080	0.0089827934	0.0102182285	0.0117169975
36.9	0.0064581070	0.0073544881	0.0083565655	0.0095064235	0.0109103154
37.0	0.0059998710	0.0068322174	0.0077619163	0.0088304962	0.0101443090
37.1	0.0055653027	0.0063369180	0.0071979617	0.0081894441	0.0094178444
37.2	0.0051537155	0.0058678074	0.0066638122	0.0075822586	0.0087297803
37.3	0.0047644190	0.0054240995	0.0061585741	0.0070079257	0.0080789691
37.4	0.0043967208	0.0050050052	0.0056813502	0.0064654278	0.0074642589
37.5	0.0040499270	0.0046097339	0.0052312416	0.0059537448	0.0068844945
37.6	0.0037233426	0.0042374940	0.0048073482	0.0054718551	0.0063385190
37.7	0.0034162731	0.0038874941	0.0044087699	0.0050187373	0.0058251753
37.8	0.0031280248	0.0035589439	0.0040346080	0.0045933711	0.0053433073
37.9	0.0028579059	0.0032510550	0.0036839658	0.0041947386	0.0048917617
38.0	0.0026052273	0.0029630423	0.0033559502	0.0038218256	0.0044693889
38.1	0.0023693030	0.0026941244	0.0030496723	0.0034736228	0.0040750448
38.2	0.0021494518	0.0024435248	0.0027642489	0.0031491271	0.0037075919
38.3	0.0019449972	0.0022104727	0.0024988031	0.0028473425	0.0033659009
38.4	0.0017552686	0.0019942041	0.0022524655	0.0025672816	0.0030488520
38.5	0.0015796022	0.0017939626	0.0020243757	0.0023079666	0.0027553359
38.6	0.0014173415	0.0016090001	0.0018136823	0.0020684306	0.0024842557
38.7	0.0012678384	0.0014385779	0.0016195449	0.0018477185	0.0022345277
38.8	0.0011304535	0.0012819676	0.0014411345	0.0016448883	0.0020050832
38.9	0.0010045573	0.0011384517	0.0012776347	0.0014590123	0.0017948689
39.0	0.0008895305	0.0010073247	0.0011282425	0.0012891777	0.0016028493
39.1	0.0007847653	0.0008878936	0.0009921693	0.0011344884	0.0014280068
39.2	0.0006896653	0.0007794791	0.0008686419	0.0009940654	0.0012693436
39.3	0.0006036469	0.0006814159	0.0007569032	0.0008670481	0.0011258827
39.4	0.0005261396	0.0005930541	0.0006562133	0.0007525954	0.0009966688
39.5	0.0004565868	0.0005137592	0.0005658501	0.0006498863	0.0008807698
39.6	0.0003944464	0.0004429134	0.0004851102	0.0005581212	0.0007772775
39.7	0.0003391912	0.0003799160	0.0004133101	0.0004765227	0.0006853089
39.8	0.0002903099	0.0003241842	0.0003497861	0.0004043364	0.0006040073
39.9	0.0002473074	0.0002751538	0.0002938961	0.0003408319	0.0005325428
40.0	0.0002097053	0.0002322796	0.0002450194	0.0002853036	0.0004701138
40.1	0.0001770429	0.0001950366	0.0002025581	0.0002370715	0.0004159478
40.2	0.0001488771	0.0001629197	0.0001659375	0.0001954817	0.0003693019
40.3	0.0001247833	0.0001354450	0.0001346066	0.0001599078	0.0003294643
40.4	0.0001043557	0.0001121502	0.0001080388	0.0001297510	0.0002957545
40.5	0.0000872079	0.0000925948	0.0000857329	0.0001044409	0.0002675244
40.6	0.0000729734	0.0000763610	0.0000672131	0.0000834364	0.0002441591
40.7	0.0000613055	0.0000630539	0.0000520297	0.0000662260	0.0002250772
40.8	0.0000518785	0.0000523020	0.0000397599	0.0000523288	0.0002097322
40.9	0.0000443872	0.0000437578	0.0000300078	0.0000412945	0.0001976121
41.0	0.0000385481	0.0000370980	0.0000224053	0.0000327042	0.0001882411
41.1	0.0000340989	0.0000320237	0.0000166122	0.0000261710	0.0001811791
41.2	0.0000307995	0.0000282611	0.0000123168	0.0000213401	0.0001760231
41.3	0.0000284316	0.0000255617	0.0000092359	0.0000178897	0.0001724069
41.4	0.0000267997	0.0000237024	0.0000071157	0.0000155306	0.0001700021
41.5	0.0000257305	0.0000224860	0.0000057313	0.0000140074	0.0001685182
41.6	0.0000250738	0.0000217410	0.0000048879	0.0000130980	0.0001677028
41.7	0.0000247022	0.0000213225	0.0000044201	0.0000126146	0.0001673421
41.8	0.0000245116	0.0000211115	0.0000041927	0.0000124031	0.0001672613
41.9	0.0000244208	0.0000210158	0.0000041005	0.0000123440	0.0001673244
42.0	0.0000243723	0.0000209697	0.0000040688	0.0000123521	0.0001674344
