z[um]	w[um]	pcm(0:si, 1:cpcm, 2:apcm)
0.0000000000 0.3000000000 4
0.1000000000 0.3000000000 4
0.2000000000 0.3000000000 4
0.3000000000 0.3000000000 4
0.4000000000 0.3000000000 4
0.5000000000 0.3000000000 4
0.6000000000 0.3000000000 4
0.7000000000 0.3000000000 4
0.8000000000 0.3000000000 4
0.9000000000 0.3000000000 4
1.0000000000 0.3000000000 4
1.1000000000 0.3000000000 4
1.2000000000 0.3000000000 4
1.3000000000 0.3000000000 4
1.4000000000 0.3000000000 4
1.5000000000 0.3000000000 4
1.6000000000 0.3000000000 4
1.7000000000 0.3000000000 4
1.8000000000 0.3000000000 4
1.9000000000 0.3000000000 4
2.0000000000 0.3000000000 4
2.1000000000 0.3000000000 4
2.2000000000 0.3000000000 4
2.3000000000 0.3000000000 4
2.4000000000 0.3000000000 4
2.5000000000 0.3000000000 4
2.6000000000 0.3000000000 4
2.7000000000 0.3000000000 4
2.8000000000 0.3000000000 4
2.9000000000 0.3000000000 4
3.0000000000 0.3000000000 4
3.1000000000 0.3000000000 4
3.2000000000 0.3000000000 4
3.3000000000 0.3000000000 4
3.4000000000 0.3000000000 4
3.5000000000 0.3000000000 4
3.6000000000 0.3000000000 4
3.7000000000 0.3000000000 4
3.8000000000 0.3000000000 4
3.9000000000 0.3000000000 4
4.0000000000 0.3000000000 4
4.1000000000 0.3000000000 4
4.2000000000 0.3000000000 4
4.3000000000 0.3000000000 4
4.4000000000 0.3000000000 4
4.5000000000 0.3000000000 4
4.6000000000 0.3000000000 4
4.7000000000 0.3000000000 4
4.8000000000 0.3000000000 4
4.9000000000 0.3000000000 4
5.0000000000 0.3000000000 4
5.1000000000 0.3000000000 4
5.2000000000 0.3000000000 4
5.3000000000 0.3000000000 4
5.4000000000 0.3000000000 4
5.5000000000 0.3000000000 4
5.6000000000 0.3000000000 4
5.7000000000 0.3000000000 4
5.8000000000 0.3000000000 4
5.9000000000 0.3000000000 4
6.0000000000 0.3000000000 4
6.1000000000 0.3000000000 4
6.2000000000 0.3000000000 4
6.3000000000 0.3000000000 4
6.4000000000 0.3000000000 4
6.5000000000 0.3000000000 4
6.6000000000 0.3000000000 4
6.7000000000 0.3000000000 4
6.8000000000 0.3000000000 4
6.9000000000 0.3000000000 4
7.0000000000 0.3000000000 4
7.1000000000 0.3000000000 4
7.2000000000 0.3000000000 4
7.3000000000 0.3000000000 4
7.4000000000 0.3000000000 4
7.5000000000 0.3000000000 4
7.6000000000 0.3000000000 4
7.7000000000 0.3000000000 4
7.8000000000 0.3000000000 4
7.9000000000 0.3000000000 4
8.0000000000 0.3000000000 4
8.1000000000 0.3000000000 4
8.2000000000 0.3000000000 4
8.3000000000 0.3000000000 4
8.4000000000 0.3000000000 4
8.5000000000 0.3000000000 4
8.6000000000 0.3000000000 4
8.7000000000 0.3000000000 4
8.8000000000 0.3000000000 4
8.9000000000 0.3000000000 4
9.0000000000 0.3000000000 4
9.1000000000 0.3000000000 4
9.2000000000 0.3000000000 4
9.3000000000 0.3000000000 4
9.4000000000 0.3000000000 4
9.5000000000 0.3000000000 4
9.6000000000 0.3000000000 4
9.7000000000 0.3000000000 4
9.8000000000 0.3000000000 4
9.9000000000 0.3000000000 4
10.0000000000 0.3000000000 4
10.1000000000 0.3000000000 4
10.2000000000 0.3000000000 4
10.3000000000 0.3000000000 4
10.4000000000 0.3000000000 4
10.5000000000 0.3000000000 4
10.6000000000 0.3000000000 4
10.7000000000 0.3000000000 4
10.8000000000 0.3000000000 4
10.9000000000 0.3000000000 4
11.0000000000 0.3000000000 4
11.1000000000 0.3000000000 4
11.2000000000 0.3000000000 4
11.3000000000 0.3000000000 4
11.4000000000 0.3000000000 4
11.5000000000 0.3000000000 4
11.6000000000 0.3000000000 4
11.7000000000 0.3000000000 4
11.8000000000 0.3000000000 4
11.9000000000 0.3000000000 4
12.0000000000 0.3000000000 4
12.1000000000 0.3000000000 4
12.2000000000 0.3000000000 4
12.3000000000 0.3000000000 4
12.4000000000 0.3000000000 4
12.5000000000 0.3000000000 4
12.6000000000 0.3000000000 4
12.7000000000 0.3000000000 4
12.8000000000 0.3000000000 4
12.9000000000 0.3000000000 4
13.0000000000 0.3000000000 4
13.1000000000 0.3000000000 4
13.2000000000 0.3000000000 4
13.3000000000 0.3000000000 4
13.4000000000 0.3000000000 4
13.5000000000 0.3000000000 4
13.6000000000 0.3000000000 4
13.7000000000 0.3000000000 4
13.8000000000 0.3000000000 4
13.9000000000 0.3000000000 4
14.0000000000 0.3000000000 4
14.1000000000 0.3000000000 4
14.2000000000 0.3000000000 4
14.3000000000 0.3000000000 4
14.4000000000 0.3000000000 4
14.5000000000 0.3000000000 4
14.6000000000 0.3000000000 4
14.7000000000 0.3000000000 4
14.8000000000 0.3000000000 4
14.9000000000 0.3000000000 4
15.0000000000 0.3000000000 4
15.1000000000 0.3000000000 4
15.2000000000 0.3000000000 4
15.3000000000 0.3000000000 4
15.4000000000 0.3000000000 4
15.5000000000 0.3000000000 4
15.6000000000 0.3000000000 4
15.7000000000 0.3000000000 4
15.8000000000 0.3000000000 4
15.9000000000 0.3000000000 4
16.0000000000 0.3000000000 4
16.1000000000 0.3000000000 4
16.2000000000 0.3000000000 4
16.3000000000 0.3000000000 4
16.4000000000 0.3000000000 4
16.5000000000 0.3000000000 4
16.6000000000 0.3000000000 4
16.7000000000 0.3000000000 4
16.8000000000 0.3000000000 4
16.9000000000 0.3000000000 4
17.0000000000 0.3000000000 4
17.1000000000 0.3000000000 4
17.2000000000 0.3000000000 4
17.3000000000 0.3000000000 4
17.4000000000 0.3000000000 4
17.5000000000 0.3000000000 4
17.6000000000 0.3000000000 4
17.7000000000 0.3000000000 4
17.8000000000 0.3000000000 4
17.9000000000 0.3000000000 4
18.0000000000 0.3000000000 4
18.1000000000 0.3000000000 4
18.2000000000 0.3000000000 4
18.3000000000 0.3000000000 4
18.4000000000 0.3000000000 4
18.5000000000 0.3000000000 4
18.6000000000 0.3000000000 4
18.7000000000 0.3000000000 4
18.8000000000 0.3000000000 4
18.9000000000 0.3000000000 4
19.0000000000 0.3000000000 4
19.1000000000 0.3000000000 4
19.2000000000 0.3000000000 4
19.3000000000 0.3000000000 4
19.4000000000 0.3000000000 4
19.5000000000 0.3000000000 4
19.6000000000 0.3000000000 4
19.7000000000 0.3000000000 4
19.8000000000 0.3000000000 4
19.9000000000 0.3000000000 4
20.0000000000 0.3000000000 4
20.1000000000 0.3000000000 4
20.2000000000 0.3000000000 4
20.3000000000 0.3000000000 4
20.4000000000 0.3000000000 4
20.5000000000 0.3000000000 4
20.6000000000 0.3000000000 4
20.7000000000 0.3000000000 4
20.8000000000 0.3000000000 4
20.9000000000 0.3000000000 4
21.0000000000 0.3000000000 4
21.1000000000 0.3000000000 4
21.2000000000 0.3000000000 4
21.3000000000 0.3000000000 4
21.4000000000 0.3000000000 4
21.5000000000 0.3000000000 4
21.6000000000 0.3000000000 4
21.7000000000 0.3000000000 4
21.8000000000 0.3000000000 4
21.9000000000 0.3000000000 4
22.0000000000 0.3000000000 4
22.1000000000 0.3000000000 4
22.2000000000 0.3000000000 4
22.3000000000 0.3000000000 4
22.4000000000 0.3000000000 4
22.5000000000 0.3000000000 4
22.6000000000 0.3000000000 4
22.7000000000 0.3000000000 4
22.8000000000 0.3000000000 4
22.9000000000 0.3000000000 4
23.0000000000 0.3000000000 4
23.1000000000 0.3000000000 4
23.2000000000 0.3000000000 4
23.3000000000 0.3000000000 4
23.4000000000 0.3000000000 4
23.5000000000 0.3000000000 4
23.6000000000 0.3000000000 4
23.7000000000 0.3000000000 4
23.8000000000 0.3000000000 4
23.9000000000 0.3000000000 4
24.0000000000 0.3000000000 4
24.1000000000 0.3000000000 4
24.2000000000 0.3000000000 4
24.3000000000 0.3000000000 4
24.4000000000 0.3000000000 4
24.5000000000 0.3000000000 4
24.6000000000 0.3000000000 4
24.7000000000 0.3000000000 4
24.8000000000 0.3000000000 4
24.9000000000 0.3000000000 4
25.0000000000 0.3000000000 4
25.1000000000 0.3000000000 4
25.2000000000 0.3000000000 4
25.3000000000 0.3000000000 4
25.4000000000 0.3000000000 4
25.5000000000 0.3000000000 4
25.6000000000 0.3000000000 4
25.7000000000 0.3000000000 4
25.8000000000 0.3000000000 4
25.9000000000 0.3000000000 4
26.0000000000 0.3000000000 4
26.1000000000 0.3000000000 4
26.2000000000 0.3000000000 4
26.3000000000 0.3000000000 4
26.4000000000 0.3000000000 4
26.5000000000 0.3000000000 4
26.6000000000 0.3000000000 4
26.7000000000 0.3000000000 4
26.8000000000 0.3000000000 4
26.9000000000 0.3000000000 4
27.0000000000 0.3000000000 4
27.1000000000 0.3000000000 4
27.2000000000 0.3000000000 4
27.3000000000 0.3000000000 4
27.4000000000 0.3000000000 4
27.5000000000 0.3000000000 4
27.6000000000 0.3000000000 4
27.7000000000 0.3000000000 4
27.8000000000 0.3000000000 4
27.9000000000 0.3000000000 4
28.0000000000 0.3000000000 4
28.1000000000 0.3000000000 4
28.2000000000 0.3000000000 4
28.3000000000 0.3000000000 4
28.4000000000 0.3000000000 4
28.5000000000 0.3000000000 4
28.6000000000 0.3000000000 4
28.7000000000 0.3000000000 4
28.8000000000 0.3000000000 4
28.9000000000 0.3000000000 4
29.0000000000 0.3000000000 4
29.1000000000 0.3000000000 4
29.2000000000 0.3000000000 4
29.3000000000 0.3000000000 4
29.4000000000 0.3000000000 4
29.5000000000 0.3000000000 4
29.6000000000 0.3000000000 4
29.7000000000 0.3000000000 4
29.8000000000 0.3000000000 4
29.9000000000 0.3000000000 4
30.0000000000 0.3000000000 4
30.1000000000 0.3000000000 4
30.2000000000 0.3000000000 4
30.3000000000 0.3000000000 4
30.4000000000 0.3000000000 4
30.5000000000 0.3000000000 4
30.6000000000 0.3000000000 4
30.7000000000 0.3000000000 4
30.8000000000 0.3000000000 4
30.9000000000 0.3000000000 4
31.0000000000 0.3000000000 4
31.1000000000 0.3000000000 4
31.2000000000 0.3000000000 4
31.3000000000 0.3000000000 4
31.4000000000 0.3000000000 4
31.5000000000 0.3000000000 4
31.6000000000 0.3000000000 4
31.7000000000 0.3000000000 4
31.8000000000 0.3000000000 4
31.9000000000 0.3000000000 4
32.0000000000 0.3000000000 4
32.1000000000 0.3000000000 4
32.2000000000 0.3000000000 4
32.3000000000 0.3000000000 4
32.4000000000 0.3000000000 4
32.5000000000 0.3000000000 4
32.6000000000 0.3000000000 4
32.7000000000 0.3000000000 4
32.8000000000 0.3000000000 4
32.9000000000 0.3000000000 4
33.0000000000 0.3000000000 4
33.1000000000 0.3000000000 4
33.2000000000 0.3000000000 4
33.3000000000 0.3000000000 4
33.4000000000 0.3000000000 4
33.5000000000 0.3000000000 4
33.6000000000 0.3000000000 4
33.7000000000 0.3000000000 4
33.8000000000 0.3000000000 4
33.9000000000 0.3000000000 4
34.0000000000 0.3000000000 4
34.1000000000 0.3000000000 4
34.2000000000 0.3000000000 4
34.3000000000 0.3000000000 4
34.4000000000 0.3000000000 4
34.5000000000 0.3000000000 4
34.6000000000 0.3000000000 4
34.7000000000 0.3000000000 4
34.8000000000 0.3000000000 4
34.9000000000 0.3000000000 4
35.0000000000 0.3000000000 4
35.1000000000 0.3000000000 4
35.2000000000 0.3000000000 4
35.3000000000 0.3000000000 4
35.4000000000 0.3000000000 4
35.5000000000 0.3000000000 4
35.6000000000 0.3000000000 4
35.7000000000 0.3000000000 4
35.8000000000 0.3000000000 4
35.9000000000 0.3000000000 4
36.0000000000 0.3000000000 4
36.1000000000 0.3000000000 4
36.2000000000 0.3000000000 4
36.3000000000 0.3000000000 4
36.4000000000 0.3000000000 4
36.5000000000 0.3000000000 4
36.6000000000 0.3000000000 4
36.7000000000 0.3000000000 4
36.8000000000 0.3000000000 4
36.9000000000 0.3000000000 4
37.0000000000 0.3000000000 4
37.1000000000 0.3000000000 4
37.2000000000 0.3000000000 4
37.3000000000 0.3000000000 4
37.4000000000 0.3000000000 4
37.5000000000 0.3000000000 4
37.6000000000 0.3000000000 4
37.7000000000 0.3000000000 4
37.8000000000 0.3000000000 4
37.9000000000 0.3000000000 4
38.0000000000 0.3000000000 4
38.1000000000 0.3000000000 4
38.2000000000 0.3000000000 4
38.3000000000 0.3000000000 4
38.4000000000 0.3000000000 4
38.5000000000 0.3000000000 4
38.6000000000 0.3000000000 4
38.7000000000 0.3000000000 4
38.8000000000 0.3000000000 4
38.9000000000 0.3000000000 4
39.0000000000 0.3000000000 4
39.1000000000 0.3000000000 4
39.2000000000 0.3000000000 4
39.3000000000 0.3000000000 4
39.4000000000 0.3000000000 4
39.5000000000 0.3000000000 4
39.6000000000 0.3000000000 4
39.7000000000 0.3000000000 4
39.8000000000 0.3000000000 4
39.9000000000 0.3000000000 4
40.0000000000 0.3000000000 4
40.1000000000 0.3000000000 4
40.2000000000 0.3000000000 4
40.3000000000 0.3000000000 4
40.4000000000 0.3000000000 4
40.5000000000 0.3000000000 4
40.6000000000 0.3000000000 4
40.7000000000 0.3000000000 4
40.8000000000 0.3000000000 4
40.9000000000 0.3000000000 4
41.0000000000 0.3000000000 4
41.1000000000 0.3000000000 4
41.2000000000 0.3000000000 4
41.3000000000 0.3000000000 4
41.4000000000 0.3000000000 4
41.5000000000 0.3000000000 4
41.6000000000 0.3000000000 4
41.7000000000 0.3000000000 4
41.8000000000 0.3000000000 4
41.9000000000 0.3000000000 4
42.0000000000 0.3000000000 4
42.1000000000 0.3000000000 3
42.2000000000 0.3000000000 3
42.3000000000 0.3000000000 3
42.4000000000 0.3000000000 3
42.5000000000 0.3000000000 3
42.6000000000 0.3000000000 3
42.7000000000 0.3000000000 3
42.8000000000 0.3000000000 3
42.9000000000 0.3000000000 3
43.0000000000 0.3000000000 3
43.1000000000 0.3000000000 3
43.2000000000 0.3000000000 3
43.3000000000 0.3000000000 3
43.4000000000 0.3000000000 3
43.5000000000 0.3000000000 3
43.6000000000 0.3000000000 3
43.7000000000 0.3000000000 3
43.8000000000 0.3000000000 3
43.9000000000 0.3000000000 3
44.0000000000 0.3000000000 3
44.1000000000 0.3000000000 3
44.2000000000 0.3000000000 3
44.3000000000 0.3000000000 3
44.4000000000 0.3000000000 3
44.5000000000 0.3000000000 3
44.6000000000 0.3000000000 3
44.7000000000 0.3000000000 3
44.8000000000 0.3000000000 3
44.9000000000 0.3000000000 3
45.0000000000 0.3000000000 3
45.1000000000 0.3000000000 3
45.2000000000 0.3000000000 3
45.3000000000 0.3000000000 3
45.4000000000 0.3000000000 3
45.5000000000 0.3000000000 3
45.6000000000 0.3000000000 3
45.7000000000 0.3000000000 3
45.8000000000 0.3000000000 3
45.9000000000 0.3000000000 3
46.0000000000 0.3000000000 3
46.1000000000 0.3000000000 3
46.2000000000 0.3000000000 3
46.3000000000 0.3000000000 3
46.4000000000 0.3000000000 3
46.5000000000 0.3000000000 3
46.6000000000 0.3000000000 3
46.7000000000 0.3000000000 3
46.8000000000 0.3000000000 3
46.9000000000 0.3000000000 3
47.0000000000 0.3000000000 3
47.1000000000 0.3000000000 3
47.2000000000 0.3000000000 3
47.3000000000 0.3000000000 3
47.4000000000 0.3000000000 3
47.5000000000 0.3000000000 3
47.6000000000 0.3000000000 3
47.7000000000 0.3000000000 3
47.8000000000 0.3000000000 3
47.9000000000 0.3000000000 3
48.0000000000 0.3000000000 3
48.1000000000 0.3000000000 3
48.2000000000 0.3000000000 3
48.3000000000 0.3000000000 3
48.4000000000 0.3000000000 3
48.5000000000 0.3000000000 3
48.6000000000 0.3000000000 3
48.7000000000 0.3000000000 3
48.8000000000 0.3000000000 3
48.9000000000 0.3000000000 3
49.0000000000 0.3000000000 3
49.1000000000 0.3000000000 3
49.2000000000 0.3000000000 3
49.3000000000 0.3000000000 3
49.4000000000 0.3000000000 3
49.5000000000 0.3000000000 3
49.6000000000 0.3000000000 3
49.7000000000 0.3000000000 3
49.8000000000 0.3000000000 3
49.9000000000 0.3000000000 3
50.0000000000 0.3000000000 3
50.1000000000 0.3000000000 3
50.2000000000 0.3000000000 3
50.3000000000 0.3000000000 3
50.4000000000 0.3000000000 3
50.5000000000 0.3000000000 3
50.6000000000 0.3000000000 3
50.7000000000 0.3000000000 3
50.8000000000 0.3000000000 3
50.9000000000 0.3000000000 3
51.0000000000 0.3000000000 3
51.1000000000 0.3000000000 3
51.2000000000 0.3000000000 3
51.3000000000 0.3000000000 3
51.4000000000 0.3000000000 3
51.5000000000 0.3000000000 3
51.6000000000 0.3000000000 3
51.7000000000 0.3000000000 3
51.8000000000 0.3000000000 3
51.9000000000 0.3000000000 3
52.0000000000 0.3000000000 3
52.1000000000 0.3000000000 3
52.2000000000 0.3000000000 3
52.3000000000 0.3000000000 3
52.4000000000 0.3000000000 3
52.5000000000 0.3000000000 3
52.6000000000 0.3000000000 3
52.7000000000 0.3000000000 3
52.8000000000 0.3000000000 3
52.9000000000 0.3000000000 3
53.0000000000 0.3000000000 3
53.1000000000 0.3000000000 3
53.2000000000 0.3000000000 3
53.3000000000 0.3000000000 3
53.4000000000 0.3000000000 3
53.5000000000 0.3000000000 3
53.6000000000 0.3000000000 3
53.7000000000 0.3000000000 3
53.8000000000 0.3000000000 3
53.9000000000 0.3000000000 3
54.0000000000 0.3000000000 3
54.1000000000 0.3000000000 3
54.2000000000 0.3000000000 3
54.3000000000 0.3000000000 3
54.4000000000 0.3000000000 3
54.5000000000 0.3000000000 3
54.6000000000 0.3000000000 3
54.7000000000 0.3000000000 3
54.8000000000 0.3000000000 3
54.9000000000 0.3000000000 3
55.0000000000 0.3000000000 3
55.1000000000 0.3000000000 3
55.2000000000 0.3000000000 3
55.3000000000 0.3000000000 3
55.4000000000 0.3000000000 3
55.5000000000 0.3000000000 3
55.6000000000 0.3000000000 3
55.7000000000 0.3000000000 3
55.8000000000 0.3000000000 3
55.9000000000 0.3000000000 3
56.0000000000 0.3000000000 3
56.1000000000 0.3000000000 3
56.2000000000 0.3000000000 3
56.3000000000 0.3000000000 3
56.4000000000 0.3000000000 3
56.5000000000 0.3000000000 3
56.6000000000 0.3000000000 3
56.7000000000 0.3000000000 3
56.8000000000 0.3000000000 3
56.9000000000 0.3000000000 3
57.0000000000 0.3000000000 3
57.1000000000 0.3000000000 3
57.2000000000 0.3000000000 3
57.3000000000 0.3000000000 3
57.4000000000 0.3000000000 3
57.5000000000 0.3000000000 3
57.6000000000 0.3000000000 3
57.7000000000 0.3000000000 3
57.8000000000 0.3000000000 3
57.9000000000 0.3000000000 3
58.0000000000 0.3000000000 3
58.1000000000 0.3000000000 3
58.2000000000 0.3000000000 3
58.3000000000 0.3000000000 3
58.4000000000 0.3000000000 3
58.5000000000 0.3000000000 3
58.6000000000 0.3000000000 3
58.7000000000 0.3000000000 3
58.8000000000 0.3000000000 3
58.9000000000 0.3000000000 3
59.0000000000 0.3000000000 3
59.1000000000 0.3000000000 3
59.2000000000 0.3000000000 3
59.3000000000 0.3000000000 3
59.4000000000 0.3000000000 3
59.5000000000 0.3000000000 3
59.6000000000 0.3000000000 3
59.7000000000 0.3000000000 3
59.8000000000 0.3000000000 3
59.9000000000 0.3000000000 3
60.0000000000 0.3000000000 3
60.1000000000 0.3000000000 3
60.2000000000 0.3000000000 3
60.3000000000 0.3000000000 3
60.4000000000 0.3000000000 3
60.5000000000 0.3000000000 3
60.6000000000 0.3000000000 3
60.7000000000 0.3000000000 3
60.8000000000 0.3000000000 3
60.9000000000 0.3000000000 3
61.0000000000 0.3000000000 3
61.1000000000 0.3000000000 3
61.2000000000 0.3000000000 3
61.3000000000 0.3000000000 3
61.4000000000 0.3000000000 3
61.5000000000 0.3000000000 3
61.6000000000 0.3000000000 3
61.7000000000 0.3000000000 3
61.8000000000 0.3000000000 3
61.9000000000 0.3000000000 3
62.0000000000 0.3000000000 3
62.1000000000 0.3000000000 3
62.2000000000 0.3000000000 3
62.3000000000 0.3000000000 3
62.4000000000 0.3000000000 3
62.5000000000 0.3000000000 3
62.6000000000 0.3000000000 3
62.7000000000 0.3000000000 3
62.8000000000 0.3000000000 3
62.9000000000 0.3000000000 3
63.0000000000 0.3000000000 3
63.1000000000 0.3000000000 3
63.2000000000 0.3000000000 3
63.3000000000 0.3000000000 3
63.4000000000 0.3000000000 3
63.5000000000 0.3000000000 3
63.6000000000 0.3000000000 3
63.7000000000 0.3000000000 3
63.8000000000 0.3000000000 3
63.9000000000 0.3000000000 3
64.0000000000 0.3000000000 3
64.1000000000 0.3000000000 3
64.2000000000 0.3000000000 3
64.3000000000 0.3000000000 3
64.4000000000 0.3000000000 3
64.5000000000 0.3000000000 3
64.6000000000 0.3000000000 3
64.7000000000 0.3000000000 3
64.8000000000 0.3000000000 3
64.9000000000 0.3000000000 3
65.0000000000 0.3000000000 3
65.1000000000 0.3000000000 3
65.2000000000 0.3000000000 3
65.3000000000 0.3000000000 3
65.4000000000 0.3000000000 3
65.5000000000 0.3000000000 3
65.6000000000 0.3000000000 3
65.7000000000 0.3000000000 3
65.8000000000 0.3000000000 3
65.9000000000 0.3000000000 3
66.0000000000 0.3000000000 3
66.1000000000 0.3000000000 3
66.2000000000 0.3000000000 3
66.3000000000 0.3000000000 3
66.4000000000 0.3000000000 3
66.5000000000 0.3000000000 3
66.6000000000 0.3000000000 3
66.7000000000 0.3000000000 3
66.8000000000 0.3000000000 3
66.9000000000 0.3000000000 3
67.0000000000 0.3000000000 3
67.1000000000 0.3000000000 3
67.2000000000 0.3000000000 3
67.3000000000 0.3000000000 3
67.4000000000 0.3000000000 3
67.5000000000 0.3000000000 3
67.6000000000 0.3000000000 3
67.7000000000 0.3000000000 3
67.8000000000 0.3000000000 3
67.9000000000 0.3000000000 3
68.0000000000 0.3000000000 3
68.1000000000 0.3000000000 3
68.2000000000 0.3000000000 3
68.3000000000 0.3000000000 3
68.4000000000 0.3000000000 3
68.5000000000 0.3000000000 3
68.6000000000 0.3000000000 3
68.7000000000 0.3000000000 3
68.8000000000 0.3000000000 3
68.9000000000 0.3000000000 3
69.0000000000 0.3000000000 3
69.1000000000 0.3000000000 3
69.2000000000 0.3000000000 3
69.3000000000 0.3000000000 3
69.4000000000 0.3000000000 3
69.5000000000 0.3000000000 3
69.6000000000 0.3000000000 3
69.7000000000 0.3000000000 3
69.8000000000 0.3000000000 3
69.9000000000 0.3000000000 3
70.0000000000 0.3000000000 3
70.1000000000 0.3000000000 3
70.2000000000 0.3000000000 3
70.3000000000 0.3000000000 3
70.4000000000 0.3000000000 3
70.5000000000 0.3000000000 3
70.6000000000 0.3000000000 3
70.7000000000 0.3000000000 3
70.8000000000 0.3000000000 3
70.9000000000 0.3000000000 3
71.0000000000 0.3000000000 3
71.1000000000 0.3000000000 3
71.2000000000 0.3000000000 3
71.3000000000 0.3000000000 3
71.4000000000 0.3000000000 3
71.5000000000 0.3000000000 3
71.6000000000 0.3000000000 3
71.7000000000 0.3000000000 3
71.8000000000 0.3000000000 3
71.9000000000 0.3000000000 3
72.0000000000 0.3000000000 3
72.1000000000 0.3000000000 3
72.2000000000 0.3000000000 3
72.3000000000 0.3000000000 3
72.4000000000 0.3000000000 3
72.5000000000 0.3000000000 3
72.6000000000 0.3000000000 3
72.7000000000 0.3000000000 3
72.8000000000 0.3000000000 3
72.9000000000 0.3000000000 3
73.0000000000 0.3000000000 3
73.1000000000 0.3000000000 3
73.2000000000 0.3000000000 3
73.3000000000 0.3000000000 3
73.4000000000 0.3000000000 3
73.5000000000 0.3000000000 3
73.6000000000 0.3000000000 3
73.7000000000 0.3000000000 3
73.8000000000 0.3000000000 3
73.9000000000 0.3000000000 3
74.0000000000 0.3000000000 3
74.1000000000 0.3000000000 3
74.2000000000 0.3000000000 3
74.3000000000 0.3000000000 3
74.4000000000 0.3000000000 3
74.5000000000 0.3000000000 3
74.6000000000 0.3000000000 3
74.7000000000 0.3000000000 3
74.8000000000 0.3000000000 3
74.9000000000 0.3000000000 3
75.0000000000 0.3000000000 3
75.1000000000 0.3000000000 3
75.2000000000 0.3000000000 3
75.3000000000 0.3000000000 3
75.4000000000 0.3000000000 3
75.5000000000 0.3000000000 3
75.6000000000 0.3000000000 3
75.7000000000 0.3000000000 3
75.8000000000 0.3000000000 3
75.9000000000 0.3000000000 3
76.0000000000 0.3000000000 3
76.1000000000 0.3000000000 3
76.2000000000 0.3000000000 3
76.3000000000 0.3000000000 3
76.4000000000 0.3000000000 3
76.5000000000 0.3000000000 3
76.6000000000 0.3000000000 3
76.7000000000 0.3000000000 3
76.8000000000 0.3000000000 3
76.9000000000 0.3000000000 3
77.0000000000 0.3000000000 3
77.1000000000 0.3000000000 3
77.2000000000 0.3000000000 3
77.3000000000 0.3000000000 3
77.4000000000 0.3000000000 3
77.5000000000 0.3000000000 3
77.6000000000 0.3000000000 3
77.7000000000 0.3000000000 3
77.8000000000 0.3000000000 3
77.9000000000 0.3000000000 3
78.0000000000 0.3000000000 3
78.1000000000 0.3000000000 3
78.2000000000 0.3000000000 3
78.3000000000 0.3000000000 3
78.4000000000 0.3000000000 3
78.5000000000 0.3000000000 3
78.6000000000 0.3000000000 3
78.7000000000 0.3000000000 3
78.8000000000 0.3000000000 3
78.9000000000 0.3000000000 3
79.0000000000 0.3000000000 3
79.1000000000 0.3000000000 3
79.2000000000 0.3000000000 3
79.3000000000 0.3000000000 3
79.4000000000 0.3000000000 3
79.5000000000 0.3000000000 3
79.6000000000 0.3000000000 3
79.7000000000 0.3000000000 3
79.8000000000 0.3000000000 3
79.9000000000 0.3000000000 3
80.0000000000 0.3000000000 3
80.1000000000 0.3000000000 3
80.2000000000 0.3000000000 3
80.3000000000 0.3000000000 3
80.4000000000 0.3000000000 3
80.5000000000 0.3000000000 3
80.6000000000 0.3000000000 3
80.7000000000 0.3000000000 3
80.8000000000 0.3000000000 3
80.9000000000 0.3000000000 3
81.0000000000 0.3000000000 3
81.1000000000 0.3000000000 3
81.2000000000 0.3000000000 3
81.3000000000 0.3000000000 3
81.4000000000 0.3000000000 3
81.5000000000 0.3000000000 3
81.6000000000 0.3000000000 3
81.7000000000 0.3000000000 3
81.8000000000 0.3000000000 3
81.9000000000 0.3000000000 3
82.0000000000 0.3000000000 3
82.1000000000 0.3000000000 3
82.2000000000 0.3000000000 3
82.3000000000 0.3000000000 3
82.4000000000 0.3000000000 3
82.5000000000 0.3000000000 3
82.6000000000 0.3000000000 3
82.7000000000 0.3000000000 3
82.8000000000 0.3000000000 3
82.9000000000 0.3000000000 3
83.0000000000 0.3000000000 3
83.1000000000 0.3000000000 3
83.2000000000 0.3000000000 3
83.3000000000 0.3000000000 3
83.4000000000 0.3000000000 3
83.5000000000 0.3000000000 3
83.6000000000 0.3000000000 3
83.7000000000 0.3000000000 3
83.8000000000 0.3000000000 3
83.9000000000 0.3000000000 3
84.0000000000 0.3000000000 3
