step	position_z	abs(a)	abs(b)
0	0.0000000000	0.0000000000	1.0000000000
1	0.1000000000	0.0004615095	0.9995384905
2	0.2000000000	0.0018451859	0.9981548141
3	0.3000000000	0.0041484749	0.9958515251
4	0.4000000000	0.0073671240	0.9926328760
5	0.5000000000	0.0114951911	0.9885048089
6	0.6000000000	0.0165250551	0.9834749449
7	0.7000000000	0.0224474301	0.9775525699
8	0.8000000000	0.0292513822	0.9707486178
9	0.9000000000	0.0369243504	0.9630756496
10	1.0000000000	0.0454521689	0.9545478311
11	1.1000000000	0.0548190939	0.9451809061
12	1.2000000000	0.0650078326	0.9349921674
13	1.3000000000	0.0759995748	0.9240004252
14	1.4000000000	0.0877740278	0.9122259722
15	1.5000000000	0.1003094540	0.8996905460
16	1.6000000000	0.1135827109	0.8864172891
17	1.7000000000	0.1275692939	0.8724307061
18	1.8000000000	0.1422433812	0.8577566188
19	1.9000000000	0.1575778821	0.8424221179
20	2.0000000000	0.1735444864	0.8264555136
21	2.1000000000	0.1901137171	0.8098862829
22	2.2000000000	0.2072549845	0.7927450155
23	2.3000000000	0.2249366430	0.7750633570
24	2.4000000000	0.2431260493	0.7568739507
25	2.5000000000	0.2617896225	0.7382103775
26	2.6000000000	0.2808929066	0.7191070934
27	2.7000000000	0.3004006337	0.6995993663
28	2.8000000000	0.3202767892	0.6797232108
29	2.9000000000	0.3404846783	0.6595153217
30	3.0000000000	0.3609869938	0.6390130062
31	3.1000000000	0.3817458849	0.6182541151
32	3.2000000000	0.4027230273	0.5972769727
33	3.3000000000	0.4238796936	0.5761203064
34	3.4000000000	0.4451768249	0.5548231751
35	3.5000000000	0.4665751031	0.5334248969
36	3.6000000000	0.4880350235	0.5119649765
37	3.7000000000	0.5095169672	0.4904830328
38	3.8000000000	0.5309812751	0.4690187249
39	3.9000000000	0.5523883203	0.4476116797
40	4.0000000000	0.5736985818	0.4263014182
41	4.1000000000	0.5948727173	0.4051272827
42	4.2000000000	0.6158716356	0.3841283644
43	4.3000000000	0.6366565693	0.3633434307
44	4.4000000000	0.6571891457	0.3428108543
45	4.5000000000	0.6774314583	0.3225685417
46	4.6000000000	0.6973461364	0.3026538636
47	4.7000000000	0.7168964140	0.2831035860
48	4.8000000000	0.7360461980	0.2639538020
49	4.9000000000	0.7547601347	0.2452398653
50	5.0000000000	0.7730036749	0.2269963251
51	5.1000000000	0.7907431381	0.2092568619
52	5.2000000000	0.8079457740	0.1920542260
53	5.3000000000	0.8245798238	0.1754201762
54	5.4000000000	0.8406145781	0.1593854219
55	5.5000000000	0.8560204340	0.1439795660
56	5.6000000000	0.8707689499	0.1292310501
57	5.7000000000	0.8848328972	0.1151671028
58	5.8000000000	0.8981863118	0.1018136882
59	5.9000000000	0.9108045408	0.0891954592
60	6.0000000000	0.9226642888	0.0773357112
61	6.1000000000	0.9337436608	0.0662563392
62	6.2000000000	0.9440222024	0.0559777976
63	6.3000000000	0.9534809376	0.0465190624
64	6.4000000000	0.9621024040	0.0378975960
65	6.5000000000	0.9698706849	0.0301293151
66	6.6000000000	0.9767714388	0.0232285612
67	6.7000000000	0.9827919256	0.0172080744
68	6.8000000000	0.9879210305	0.0120789695
69	6.9000000000	0.9921492844	0.0078507156
70	7.0000000000	0.9954688811	0.0045311189
71	7.1000000000	0.9978736921	0.0021263079
72	7.2000000000	0.9993592778	0.0006407222
73	7.3000000000	0.9999228954	0.0000771046
74	7.4000000000	0.9995635045	0.0004364955
75	7.5000000000	0.9982817686	0.0017182314
76	7.6000000000	0.9960800539	0.0039199461
77	7.7000000000	0.9929624251	0.0070375749
78	7.8000000000	0.9889346381	0.0110653619
79	7.9000000000	0.9840041286	0.0159958714
80	8.0000000000	0.9781799994	0.0218200006
81	8.1000000000	0.9714730027	0.0285269973
82	8.2000000000	0.9638955208	0.0361044792
83	8.3000000000	0.9554615430	0.0445384570
84	8.4000000000	0.9461866398	0.0538133602
85	8.5000000000	0.9360879344	0.0639120656
86	8.6000000000	0.9251840706	0.0748159294
87	8.7000000000	0.9134951788	0.0865048212
88	8.8000000000	0.9010428386	0.0989571614
89	8.9000000000	0.8878500394	0.1121499606
90	9.0000000000	0.8739411371	0.1260588629
91	9.1000000000	0.8593418100	0.1406581900
92	9.2000000000	0.8440790109	0.1559209891
93	9.3000000000	0.8281809175	0.1718190825
94	9.4000000000	0.8116768804	0.1883231196
95	9.5000000000	0.7945973690	0.2054026310
96	9.6000000000	0.7769739147	0.2230260853
97	9.7000000000	0.7588390536	0.2411609464
98	9.8000000000	0.7402262657	0.2597737343
99	9.9000000000	0.7211699134	0.2788300866
100	10.0000000000	0.7017051778	0.2982948222
101	10.1000000000	0.6818679943	0.3181320057
102	10.2000000000	0.6616949856	0.3383050144
103	10.3000000000	0.6412233945	0.3587766055
104	10.4000000000	0.6204910151	0.3795089849
105	10.5000000000	0.5995361228	0.4004638772
106	10.6000000000	0.5783974040	0.4216025960
107	10.7000000000	0.5571138843	0.4428861157
108	10.8000000000	0.5357248568	0.4642751432
109	10.9000000000	0.5142698091	0.4857301909
110	11.0000000000	0.4927883509	0.5072116491
111	11.1000000000	0.4713201408	0.5286798592
112	11.2000000000	0.4499048125	0.5500951875
113	11.3000000000	0.4285819026	0.5714180974
114	11.4000000000	0.4073907766	0.5926092234
115	11.5000000000	0.3863705570	0.6136294430
116	11.6000000000	0.3655600507	0.6344399493
117	11.7000000000	0.3449976775	0.6550023225
118	11.8000000000	0.3247213989	0.6752786011
119	11.9000000000	0.3047686484	0.6952313516
120	12.0000000000	0.2851762622	0.7148237378
121	12.1000000000	0.2659804112	0.7340195888
122	12.2000000000	0.2472165341	0.7527834659
123	12.3000000000	0.2289192723	0.7710807277
124	12.4000000000	0.2111224056	0.7888775944
125	12.5000000000	0.1938587900	0.8061412100
126	12.6000000000	0.1771602972	0.8228397028
127	12.7000000000	0.1610577554	0.8389422446
128	12.8000000000	0.1455808926	0.8544191074
129	12.9000000000	0.1307582817	0.8692417183
130	13.0000000000	0.1166172877	0.8833827123
131	13.1000000000	0.1031840175	0.8968159825
132	13.2000000000	0.0904832710	0.9095167290
133	13.3000000000	0.0785384960	0.9214615040
134	13.4000000000	0.0673717445	0.9326282555
135	13.5000000000	0.0570036324	0.9429963676
136	13.6000000000	0.0474533009	0.9525466991
137	13.7000000000	0.0387383815	0.9612616185
138	13.8000000000	0.0308749634	0.9691250366
139	13.9000000000	0.0238775639	0.9761224361
140	14.0000000000	0.0177591014	0.9822408986
141	14.1000000000	0.0125308715	0.9874691285
142	14.2000000000	0.0082025264	0.9917974736
143	14.3000000000	0.0047820571	0.9952179429
144	14.4000000000	0.0022757783	0.9977242217
145	14.5000000000	0.0006883170	0.9993116830
146	14.6000000000	0.0000226040	0.9999773960
147	14.7000000000	0.0002798682	0.9997201318
148	14.8000000000	0.0014596347	0.9985403653
149	14.9000000000	0.0035597254	0.9964402746
150	15.0000000000	0.0065762633	0.9934237367
151	15.1000000000	0.0105036792	0.9894963208
152	15.2000000000	0.0153347226	0.9846652774
153	15.3000000000	0.0210604745	0.9789395255
154	15.4000000000	0.0276703641	0.9723296359
155	15.5000000000	0.0351521885	0.9648478115
156	15.6000000000	0.0434921350	0.9565078650
157	15.7000000000	0.0526748065	0.9473251935
158	15.8000000000	0.0626832505	0.9373167495
159	15.9000000000	0.0734989895	0.9265010105
160	16.0000000000	0.0851020558	0.9148979442
161	16.1000000000	0.0974710283	0.9025289717
162	16.2000000000	0.1105830717	0.8894169283
163	16.3000000000	0.1244139789	0.8755860211
164	16.4000000000	0.1389382158	0.8610617842
165	16.5000000000	0.1541289681	0.8458710319
166	16.6000000000	0.1699581912	0.8300418088
167	16.7000000000	0.1863966615	0.8136033385
168	16.8000000000	0.2034140309	0.7965859691
169	16.9000000000	0.2209788825	0.7790211175
170	17.0000000000	0.2390587884	0.7609412116
171	17.1000000000	0.2576203702	0.7423796298
172	17.2000000000	0.2766293601	0.7233706399
173	17.3000000000	0.2960506641	0.7039493359
174	17.4000000000	0.3158484273	0.6841515727
175	17.5000000000	0.3359860996	0.6640139004
176	17.6000000000	0.3564265035	0.6435734965
177	17.7000000000	0.3771319024	0.6228680976
178	17.8000000000	0.3980640709	0.6019359291
179	17.9000000000	0.4191843643	0.5808156357
180	18.0000000000	0.4404537913	0.5595462087
181	18.1000000000	0.4618330847	0.5381669153
182	18.2000000000	0.4832827747	0.5167172253
183	18.3000000000	0.5047632616	0.4952367384
184	18.4000000000	0.5262348888	0.4737651112
185	18.5000000000	0.5476580160	0.4523419840
186	18.6000000000	0.5689930924	0.4310069076
187	18.7000000000	0.5902007298	0.4097992702
188	18.8000000000	0.6112417755	0.3887582245
189	18.9000000000	0.6320773840	0.3679226160
190	19.0000000000	0.6526690892	0.3473309108
191	19.1000000000	0.6729788754	0.3270211246
192	19.2000000000	0.6929692472	0.3070307528
193	19.3000000000	0.7126032991	0.2873967009
194	19.4000000000	0.7318447832	0.2681552168
195	19.5000000000	0.7506581765	0.2493418235
196	19.6000000000	0.7690087463	0.2309912537
197	19.7000000000	0.7868626142	0.2131373858
198	19.8000000000	0.8041868191	0.1958131809
199	19.9000000000	0.8209493775	0.1790506225
200	20.0000000000	0.8371193428	0.1628806572
201	20.1000000000	0.8526668627	0.1473331373
202	20.2000000000	0.8675632336	0.1324367664
203	20.3000000000	0.8817809544	0.1182190456
204	20.4000000000	0.8952937767	0.1047062233
205	20.5000000000	0.9080767536	0.0919232464
206	20.6000000000	0.9201062855	0.0798937145
207	20.7000000000	0.9313601639	0.0686398361
208	20.8000000000	0.9418176122	0.0581823878
209	20.9000000000	0.9514593242	0.0485406758
210	21.0000000000	0.9602674996	0.0397325004
211	21.1000000000	0.9682258771	0.0317741229
212	21.2000000000	0.9753197641	0.0246802359
213	21.3000000000	0.9815360641	0.0184639359
214	21.4000000000	0.9868633007	0.0131366993
215	21.5000000000	0.9912916391	0.0087083609
216	21.6000000000	0.9948129036	0.0051870964
217	21.7000000000	0.9974205935	0.0025794065
218	21.8000000000	0.9991098946	0.0008901054
219	21.9000000000	0.9998776880	0.0001223120
220	22.0000000000	0.9997225563	0.0002774437
221	22.1000000000	0.9986447859	0.0013552141
222	22.2000000000	0.9966463666	0.0033536334
223	22.3000000000	0.9937309878	0.0062690122
224	22.4000000000	0.9899040318	0.0100959682
225	22.5000000000	0.9851725637	0.0148274363
226	22.6000000000	0.9795453186	0.0204546814
227	22.7000000000	0.9730326855	0.0269673145
228	22.8000000000	0.9656466878	0.0343533122
229	22.9000000000	0.9574009612	0.0425990388
230	23.0000000000	0.9483107287	0.0516892713
231	23.1000000000	0.9383927725	0.0616072275
232	23.2000000000	0.9276654029	0.0723345971
233	23.3000000000	0.9161484243	0.0838515757
234	23.4000000000	0.9038630990	0.0961369010
235	23.5000000000	0.8908321079	0.1091678921
236	23.6000000000	0.8770795084	0.1229204916
237	23.7000000000	0.8626306901	0.1373693099
238	23.8000000000	0.8475123280	0.1524876720
239	23.9000000000	0.8317523331	0.1682476669
240	24.0000000000	0.8153798011	0.1846201989
241	24.1000000000	0.7984249584	0.2015750416
242	24.2000000000	0.7809191066	0.2190808934
243	24.3000000000	0.7628945645	0.2371054355
244	24.4000000000	0.7443846084	0.2556153916
245	24.5000000000	0.7254234108	0.2745765892
246	24.6000000000	0.7060459773	0.2939540227
247	24.7000000000	0.6862880821	0.3137119179
248	24.8000000000	0.6661862014	0.3338137986
