step	position_z	abs(a)	abs(b)
0	0.0000000000	0.0000000000	1.0000000000
1	0.1000000000	0.0005145826	0.9994854174
2	0.2000000000	0.0020572708	0.9979427292
3	0.3000000000	0.0046248885	0.9953751115
4	0.4000000000	0.0082121495	0.9917878505
5	0.5000000000	0.0128116680	0.9871883320
6	0.6000000000	0.0184139744	0.9815860256
7	0.7000000000	0.0250075344	0.9749924656
8	0.8000000000	0.0325787729	0.9674212271
9	0.9000000000	0.0411121019	0.9588878981
10	1.0000000000	0.0505899525	0.9494100475
11	1.1000000000	0.0609928114	0.9390071886
12	1.2000000000	0.0722992606	0.9277007394
13	1.3000000000	0.0844860220	0.9155139780
14	1.4000000000	0.0975280049	0.9024719951
15	1.5000000000	0.1113983579	0.8886016421
16	1.6000000000	0.1260685240	0.8739314760
17	1.7000000000	0.1415082996	0.8584917004
18	1.8000000000	0.1576858968	0.8423141032
19	1.9000000000	0.1745680082	0.8254319918
20	2.0000000000	0.1921198762	0.8078801238
21	2.1000000000	0.2103053644	0.7896946356
22	2.2000000000	0.2290870314	0.7709129686
23	2.3000000000	0.2484262089	0.7515737911
24	2.4000000000	0.2682830804	0.7317169196
25	2.5000000000	0.2886167638	0.7113832362
26	2.6000000000	0.3093853951	0.6906146049
27	2.7000000000	0.3305462149	0.6694537851
28	2.8000000000	0.3520556564	0.6479443436
29	2.9000000000	0.3738694349	0.6261305651
30	3.0000000000	0.3959426393	0.6040573607
31	3.1000000000	0.4182298243	0.5817701757
32	3.2000000000	0.4406851040	0.5593148960
33	3.3000000000	0.4632622465	0.5367377535
34	3.4000000000	0.4859147689	0.5140852311
35	3.5000000000	0.5085960331	0.4914039669
36	3.6000000000	0.5312593421	0.4687406579
37	3.7000000000	0.5538580355	0.4461419645
38	3.8000000000	0.5763455862	0.4236544138
39	3.9000000000	0.5986756957	0.4013243043
40	4.0000000000	0.6208023898	0.3791976102
41	4.1000000000	0.6426801131	0.3573198869
42	4.2000000000	0.6642638227	0.3357361773
43	4.3000000000	0.6855090811	0.3144909189
44	4.4000000000	0.7063721477	0.2936278523
45	4.5000000000	0.7268100686	0.2731899314
46	4.6000000000	0.7467807653	0.2532192347
47	4.7000000000	0.7662431212	0.2337568788
48	4.8000000000	0.7851570663	0.2148429337
49	4.9000000000	0.8034836598	0.1965163402
50	5.0000000000	0.8211851701	0.1788148299
51	5.1000000000	0.8382251524	0.1617748476
52	5.2000000000	0.8545685242	0.1454314758
53	5.3000000000	0.8701816368	0.1298183632
54	5.4000000000	0.8850323454	0.1149676546
55	5.5000000000	0.8990900747	0.1009099253
56	5.6000000000	0.9123258819	0.0876741181
57	5.7000000000	0.9247125166	0.0752874834
58	5.8000000000	0.9362244766	0.0637755234
59	5.9000000000	0.9468380605	0.0531619395
60	6.0000000000	0.9565314167	0.0434685833
61	6.1000000000	0.9652845881	0.0347154119
62	6.2000000000	0.9730795531	0.0269204469
63	6.3000000000	0.9799002632	0.0200997368
64	6.4000000000	0.9857326756	0.0142673244
65	6.5000000000	0.9905647823	0.0094352177
66	6.6000000000	0.9943866347	0.0056133653
67	6.7000000000	0.9971903641	0.0028096359
68	6.8000000000	0.9989701983	0.0010298017
69	6.9000000000	0.9997224726	0.0002775274
70	7.0000000000	0.9994456384	0.0005543616
71	7.1000000000	0.9981402656	0.0018597344
72	7.2000000000	0.9958090418	0.0041909582
73	7.3000000000	0.9924567665	0.0075432335
74	7.4000000000	0.9880903417	0.0119096583
75	7.5000000000	0.9827187570	0.0172812430
76	7.6000000000	0.9763530718	0.0236469282
77	7.7000000000	0.9690063920	0.0309936080
78	7.8000000000	0.9606938433	0.0393061567
79	7.9000000000	0.9514325399	0.0485674601
80	8.0000000000	0.9412415494	0.0587584506
81	8.1000000000	0.9301418536	0.0698581464
82	8.2000000000	0.9181563048	0.0818436952
83	8.3000000000	0.9053095797	0.0946904203
84	8.4000000000	0.8916281274	0.1083718726
85	8.5000000000	0.8771401162	0.1228598838
86	8.6000000000	0.8618753744	0.1381246256
87	8.7000000000	0.8458653299	0.1541346701
88	8.8000000000	0.8291429448	0.1708570552
89	8.9000000000	0.8117426480	0.1882573520
90	9.0000000000	0.7937002640	0.2062997360
91	9.1000000000	0.7750529392	0.2249470608
92	9.2000000000	0.7558390656	0.2441609344
93	9.3000000000	0.7360982016	0.2639017984
94	9.4000000000	0.7158709906	0.2841290094
95	9.5000000000	0.6951990772	0.3048009228
96	9.6000000000	0.6741250218	0.3258749782
97	9.7000000000	0.6526922125	0.3473077875
98	9.8000000000	0.6309447761	0.3690552239
99	9.9000000000	0.6089274874	0.3910725126
100	10.0000000000	0.5866856764	0.4133143236
101	10.1000000000	0.5642651356	0.4357348644
102	10.2000000000	0.5417120255	0.4582879745
103	10.3000000000	0.5190727793	0.4809272207
104	10.4000000000	0.4963940078	0.5036059922
105	10.5000000000	0.4737224031	0.5262775969
106	10.6000000000	0.4511046425	0.5488953575
107	10.7000000000	0.4285872924	0.5714127076
108	10.8000000000	0.4062167126	0.5937832874
109	10.9000000000	0.3840389607	0.6159610393
110	11.0000000000	0.3620996971	0.6379003029
111	11.1000000000	0.3404440915	0.6595559085
112	11.2000000000	0.3191167294	0.6808832706
113	11.3000000000	0.2981615205	0.7018384795
114	11.4000000000	0.2776216083	0.7223783917
115	11.5000000000	0.2575392814	0.7424607186
116	11.6000000000	0.2379558861	0.7620441139
117	11.7000000000	0.2189117416	0.7810882584
118	11.8000000000	0.2004460569	0.7995539431
119	11.9000000000	0.1825968499	0.8174031501
120	12.0000000000	0.1654008695	0.8345991305
121	12.1000000000	0.1488935194	0.8511064806
122	12.2000000000	0.1331087857	0.8668912143
123	12.3000000000	0.1180791668	0.8819208332
124	12.4000000000	0.1038356062	0.8961643938
125	12.5000000000	0.0904074294	0.9095925706
126	12.6000000000	0.0778222828	0.9221777172
127	12.7000000000	0.0661060773	0.9338939227
128	12.8000000000	0.0552829348	0.9447170652
129	12.9000000000	0.0453751384	0.9546248616
130	13.0000000000	0.0364030867	0.9635969133
131	13.1000000000	0.0283852518	0.9716147482
132	13.2000000000	0.0213381412	0.9786618588
133	13.3000000000	0.0152762638	0.9847237362
134	13.4000000000	0.0102121001	0.9897878999
135	13.5000000000	0.0061560763	0.9938439237
136	13.6000000000	0.0031165433	0.9968834567
137	13.7000000000	0.0010997589	0.9989002411
138	13.8000000000	0.0001098754	0.9998901246
139	13.9000000000	0.0001489308	0.9998510692
140	14.0000000000	0.0012168446	0.9987831554
141	14.1000000000	0.0033114184	0.9966885816
142	14.2000000000	0.0064283395	0.9935716605
143	14.3000000000	0.0105611908	0.9894388092
144	14.4000000000	0.0157014634	0.9842985366
145	14.5000000000	0.0218385742	0.9781614258
146	14.6000000000	0.0289598879	0.9710401121
147	14.7000000000	0.0370507428	0.9629492572
148	14.8000000000	0.0460944810	0.9539055190
149	14.9000000000	0.0560724830	0.9439275170
150	15.0000000000	0.0669642056	0.9330357944
151	15.1000000000	0.0787472243	0.9212527757
152	15.2000000000	0.0913972799	0.9086027201
153	15.3000000000	0.1048883277	0.8951116723
154	15.4000000000	0.1191925918	0.8808074082
155	15.5000000000	0.1342806220	0.8657193780
156	15.6000000000	0.1501213543	0.8498786457
157	15.7000000000	0.1666821751	0.8333178249
158	15.8000000000	0.1839289882	0.8160710118
159	15.9000000000	0.2018262852	0.7981737148
160	16.0000000000	0.2203372182	0.7796627818
161	16.1000000000	0.2394236762	0.7605763238
162	16.2000000000	0.2590463630	0.7409536370
163	16.3000000000	0.2791648787	0.7208351213
164	16.4000000000	0.2997378022	0.7002621978
165	16.5000000000	0.3207227771	0.6792772229
166	16.6000000000	0.3420765986	0.6579234014
167	16.7000000000	0.3637553026	0.6362446974
168	16.8000000000	0.3857142559	0.6142857441
169	16.9000000000	0.4079082483	0.5920917517
170	17.0000000000	0.4302915861	0.5697084139
171	17.1000000000	0.4528181852	0.5471818148
172	17.2000000000	0.4754416669	0.5245583331
173	17.3000000000	0.4981154531	0.5018845469
174	17.4000000000	0.5207928618	0.4792071382
175	17.5000000000	0.5434272038	0.4565727962
176	17.6000000000	0.5659718786	0.4340281214
177	17.7000000000	0.5883804700	0.4116195300
178	17.8000000000	0.6106068423	0.3893931577
179	17.9000000000	0.6326052349	0.3673947651
180	18.0000000000	0.6543303564	0.3456696436
181	18.1000000000	0.6757374782	0.3242625218
182	18.2000000000	0.6967825263	0.3032174737
183	18.3000000000	0.7174221723	0.2825778277
184	18.4000000000	0.7376139223	0.2623860777
185	18.5000000000	0.7573162047	0.2426837953
186	18.6000000000	0.7764884554	0.2235115446
187	18.7000000000	0.7950912018	0.2049087982
188	18.8000000000	0.8130861437	0.1869138563
189	18.9000000000	0.8304362324	0.1695637676
190	19.0000000000	0.8471057466	0.1528942534
191	19.1000000000	0.8630603665	0.1369396335
192	19.2000000000	0.8782672439	0.1217327561
193	19.3000000000	0.8926950702	0.1073049298
194	19.4000000000	0.9063141408	0.0936858592
195	19.5000000000	0.9190964162	0.0809035838
196	19.6000000000	0.9310155795	0.0689844205
197	19.7000000000	0.9420470911	0.0579529089
198	19.8000000000	0.9521682388	0.0478317612
199	19.9000000000	0.9613581848	0.0386418152
200	20.0000000000	0.9695980083	0.0304019917
201	20.1000000000	0.9768707448	0.0231292552
202	20.2000000000	0.9831614210	0.0168385790
203	20.3000000000	0.9884570852	0.0115429148
204	20.4000000000	0.9927468346	0.0072531654
205	20.5000000000	0.9960218371	0.0039781629
206	20.6000000000	0.9982753501	0.0017246499
207	20.7000000000	0.9995027340	0.0004972660
208	20.8000000000	0.9997014617	0.0002985383
209	20.9000000000	0.9988711241	0.0011288759
210	21.0000000000	0.9970134307	0.0029865693
211	21.1000000000	0.9941322062	0.0058677938
212	21.2000000000	0.9902333827	0.0097666173
213	21.3000000000	0.9853249872	0.0146750128
214	21.4000000000	0.9794171253	0.0205828747
215	21.5000000000	0.9725219604	0.0274780396
216	21.6000000000	0.9646536886	0.0353463114
217	21.7000000000	0.9558285094	0.0441714906
218	21.8000000000	0.9460645925	0.0539354075
219	21.9000000000	0.9353820403	0.0646179597
220	22.0000000000	0.9238028466	0.0761971534
221	22.1000000000	0.9113508510	0.0886491490
222	22.2000000000	0.8980516903	0.1019483097
223	22.3000000000	0.8839327454	0.1160672546
224	22.4000000000	0.8690230851	0.1309769149
225	22.5000000000	0.8533534061	0.1466465939
226	22.6000000000	0.8369559696	0.1630440304
227	22.7000000000	0.8198645357	0.1801354643
228	22.8000000000	0.8021142928	0.1978857072
229	22.9000000000	0.7837417859	0.2162582141
230	23.0000000000	0.7647848413	0.2352151587
231	23.1000000000	0.7452824883	0.2547175117
232	23.2000000000	0.7252748792	0.2747251208
233	23.3000000000	0.7048032066	0.2951967934
234	23.4000000000	0.6839096186	0.3160903814
235	23.5000000000	0.6626371317	0.3373628683
236	23.6000000000	0.6410295428	0.3589704572
237	23.7000000000	0.6191313384	0.3808686616
238	23.8000000000	0.5969876037	0.4030123963
239	23.9000000000	0.5746439291	0.4253560709
240	24.0000000000	0.5521463168	0.4478536832
241	24.1000000000	0.5295410859	0.4704589141
242	24.2000000000	0.5068747771	0.4931252229
243	24.3000000000	0.4841940567	0.5158059433
244	24.4000000000	0.4615456210	0.5384543790
245	24.5000000000	0.4389760994	0.5610239006
246	24.6000000000	0.4165319591	0.5834680409
247	24.7000000000	0.3942594092	0.6057405908
248	24.8000000000	0.3722043054	0.6277956946
