step	position_z	abs(a)	abs(b)
0	0.0000000000	0.0000000000	1.0000000000
1	0.1000000000	0.0004110961	0.9995889039
2	0.2000000000	0.0016437083	0.9983562917
3	0.3000000000	0.0036958098	0.9963041902
4	0.4000000000	0.0065640261	0.9934359739
5	0.5000000000	0.0102436407	0.9897563593
6	0.6000000000	0.0147286030	0.9852713970
7	0.7000000000	0.0200115379	0.9799884621
8	0.8000000000	0.0260837583	0.9739162417
9	0.9000000000	0.0329352791	0.9670647209
10	1.0000000000	0.0405548337	0.9594451663
11	1.1000000000	0.0489298926	0.9510701074
12	1.2000000000	0.0580466841	0.9419533159
13	1.3000000000	0.0678902165	0.9321097835
14	1.4000000000	0.0784443034	0.9215556966
15	1.5000000000	0.0896915897	0.9103084103
16	1.6000000000	0.1016135805	0.8983864195
17	1.7000000000	0.1141906716	0.8858093284
18	1.8000000000	0.1274021812	0.8725978188
19	1.9000000000	0.1412263846	0.8587736154
20	2.0000000000	0.1556405495	0.8443594505
21	2.1000000000	0.1706209734	0.8293790266
22	2.2000000000	0.1861430227	0.8138569773
23	2.3000000000	0.2021811731	0.7978188269
24	2.4000000000	0.2187090518	0.7812909482
25	2.5000000000	0.2356994805	0.7643005195
26	2.6000000000	0.2531245204	0.7468754796
27	2.7000000000	0.2709555181	0.7290444819
28	2.8000000000	0.2891631524	0.7108368476
29	2.9000000000	0.3077174830	0.6922825170
30	3.0000000000	0.3265879995	0.6734120005
31	3.1000000000	0.3457436713	0.6542563287
32	3.2000000000	0.3651529992	0.6348470008
33	3.3000000000	0.3847840668	0.6152159332
34	3.4000000000	0.4046045930	0.5953954070
35	3.5000000000	0.4245819852	0.5754180148
36	3.6000000000	0.4446833928	0.5553166072
37	3.7000000000	0.4648757614	0.5351242386
38	3.8000000000	0.4851258870	0.5148741130
39	3.9000000000	0.5054004704	0.4945995296
40	4.0000000000	0.5256661725	0.4743338275
41	4.1000000000	0.5458896687	0.4541103313
42	4.2000000000	0.5660377037	0.4339622963
43	4.3000000000	0.5860771463	0.4139228537
44	4.4000000000	0.6059750439	0.3940249561
45	4.5000000000	0.6256986769	0.3743013231
46	4.6000000000	0.6452156118	0.3547843882
47	4.7000000000	0.6644937553	0.3355062447
48	4.8000000000	0.6835014066	0.3164985934
49	4.9000000000	0.7022073100	0.2977926900
50	5.0000000000	0.7205807056	0.2794192944
51	5.1000000000	0.7385913805	0.2614086195
52	5.2000000000	0.7562097182	0.2437902818
53	5.3000000000	0.7734067474	0.2265932526
54	5.4000000000	0.7901541894	0.2098458106
55	5.5000000000	0.8064245051	0.1935754949
56	5.6000000000	0.8221909397	0.1778090603
57	5.7000000000	0.8374275671	0.1625724329
58	5.8000000000	0.8521093325	0.1478906675
59	5.9000000000	0.8662120934	0.1337879066
60	6.0000000000	0.8797126593	0.1202873407
61	6.1000000000	0.8925888301	0.1074111699
62	6.2000000000	0.9048194325	0.0951805675
63	6.3000000000	0.9163843546	0.0836156454
64	6.4000000000	0.9272645792	0.0727354208
65	6.5000000000	0.9374422150	0.0625577850
66	6.6000000000	0.9469005261	0.0530994739
67	6.7000000000	0.9556239593	0.0443760407
68	6.8000000000	0.9635981700	0.0364018300
69	6.9000000000	0.9708100454	0.0291899546
70	7.0000000000	0.9772477265	0.0227522735
71	7.1000000000	0.9829006272	0.0170993728
72	7.2000000000	0.9877594520	0.0122405480
73	7.3000000000	0.9918162111	0.0081837889
74	7.4000000000	0.9950642336	0.0049357664
75	7.5000000000	0.9974981785	0.0025018215
76	7.6000000000	0.9991140435	0.0008859565
77	7.7000000000	0.9999091714	0.0000908286
78	7.8000000000	0.9998822548	0.0001177452
79	7.9000000000	0.9990333379	0.0009666621
80	8.0000000000	0.9973638167	0.0026361833
81	8.1000000000	0.9948764365	0.0051235635
82	8.2000000000	0.9915752875	0.0084247125
83	8.3000000000	0.9874657982	0.0125342018
84	8.4000000000	0.9825547259	0.0174452741
85	8.5000000000	0.9768501466	0.0231498534
86	8.6000000000	0.9703614407	0.0296385593
87	8.7000000000	0.9630992781	0.0369007219
88	8.8000000000	0.9550756006	0.0449243994
89	8.9000000000	0.9463036023	0.0536963977
90	9.0000000000	0.9367977077	0.0632022923
91	9.1000000000	0.9265735482	0.0734264518
92	9.2000000000	0.9156479362	0.0843520638
93	9.3000000000	0.9040388377	0.0959611623
94	9.4000000000	0.8917653425	0.1082346575
95	9.5000000000	0.8788476330	0.1211523670
96	9.6000000000	0.8653069508	0.1346930492
97	9.7000000000	0.8511655621	0.1488344379
98	9.8000000000	0.8364467208	0.1635532792
99	9.9000000000	0.8211746303	0.1788253697
100	10.0000000000	0.8053744039	0.1946255961
101	10.1000000000	0.7890720231	0.2109279769
102	10.2000000000	0.7722942956	0.2277057044
103	10.3000000000	0.7550688102	0.2449311898
104	10.4000000000	0.7374238923	0.2625761077
105	10.5000000000	0.7193885570	0.2806114430
106	10.6000000000	0.7009924614	0.2990075386
107	10.7000000000	0.6822658557	0.3177341443
108	10.8000000000	0.6632395337	0.3367604663
109	10.9000000000	0.6439447820	0.3560552180
110	11.0000000000	0.6244133287	0.3755866713
111	11.1000000000	0.6046772909	0.3953227091
112	11.2000000000	0.5847691224	0.4152308776
113	11.3000000000	0.5647215599	0.4352784401
114	11.4000000000	0.5445675692	0.4554324308
115	11.5000000000	0.5243402914	0.4756597086
116	11.6000000000	0.5040729879	0.4959270121
117	11.7000000000	0.4837989859	0.5162010141
118	11.8000000000	0.4635516238	0.5364483762
119	11.9000000000	0.4433641961	0.5566358039
120	12.0000000000	0.4232698985	0.5767301015
121	12.1000000000	0.4033017740	0.5966982260
122	12.2000000000	0.3834926579	0.6165073421
123	12.3000000000	0.3638751239	0.6361248761
124	12.4000000000	0.3444814309	0.6555185691
125	12.5000000000	0.3253434696	0.6746565304
126	12.6000000000	0.3064927102	0.6935072898
127	12.7000000000	0.2879601506	0.7120398494
128	12.8000000000	0.2697762654	0.7302237346
129	12.9000000000	0.2519709562	0.7480290438
130	13.0000000000	0.2345735015	0.7654264985
131	13.1000000000	0.2176125096	0.7823874904
132	13.2000000000	0.2011158708	0.7988841292
133	13.3000000000	0.1851107121	0.8148892879
134	13.4000000000	0.1696233521	0.8303766479
135	13.5000000000	0.1546792579	0.8453207421
136	13.6000000000	0.1403030035	0.8596969965
137	13.7000000000	0.1265182289	0.8734817711
138	13.8000000000	0.1133476016	0.8866523984
139	13.9000000000	0.1008127793	0.8991872207
140	14.0000000000	0.0889343740	0.9110656260
141	14.1000000000	0.0777319184	0.9222680816
142	14.2000000000	0.0672238337	0.9327761663
143	14.3000000000	0.0574273992	0.9425726008
144	14.4000000000	0.0483587240	0.9516412760
145	14.5000000000	0.0400327206	0.9599672794
146	14.6000000000	0.0324630800	0.9675369200
147	14.7000000000	0.0256622498	0.9743377502
148	14.8000000000	0.0196414131	0.9803585869
149	14.9000000000	0.0144104704	0.9855895296
150	15.0000000000	0.0099780236	0.9900219764
151	15.1000000000	0.0063513611	0.9936486389
152	15.2000000000	0.0035364467	0.9964635533
153	15.3000000000	0.0015379092	0.9984620908
154	15.4000000000	0.0003590349	0.9996409651
155	15.5000000000	0.0000017624	0.9999982376
156	15.6000000000	0.0004666791	0.9995333209
157	15.7000000000	0.0017530205	0.9982469795
158	15.8000000000	0.0038586715	0.9961413285
159	15.9000000000	0.0067801695	0.9932198305
160	16.0000000000	0.0105127104	0.9894872896
161	16.1000000000	0.0150501565	0.9849498435
162	16.2000000000	0.0203850464	0.9796149536
163	16.3000000000	0.0265086077	0.9734913923
164	16.4000000000	0.0334107707	0.9665892293
165	16.5000000000	0.0410801856	0.9589198144
166	16.6000000000	0.0495042410	0.9504957590
167	16.7000000000	0.0586690845	0.9413309155
168	16.8000000000	0.0685596454	0.9314403546
169	16.9000000000	0.0791596601	0.9208403399
170	17.0000000000	0.0904516978	0.9095483022
171	17.1000000000	0.1024171901	0.8975828099
172	17.2000000000	0.1150364613	0.8849635387
173	17.3000000000	0.1282887602	0.8717112398
174	17.4000000000	0.1421522950	0.8578477050
175	17.5000000000	0.1566042687	0.8433957313
176	17.6000000000	0.1716209167	0.8283790833
177	17.7000000000	0.1871775457	0.8128224543
178	17.8000000000	0.2032485748	0.7967514252
179	17.9000000000	0.2198075770	0.7801924230
180	18.0000000000	0.2368273227	0.7631726773
181	18.1000000000	0.2542798251	0.7457201749
182	18.2000000000	0.2721363854	0.7278636146
183	18.3000000000	0.2903676406	0.7096323594
184	18.4000000000	0.3089436114	0.6910563886
185	18.5000000000	0.3278337518	0.6721662482
186	18.6000000000	0.3470069992	0.6529930008
187	18.7000000000	0.3664318252	0.6335681748
188	18.8000000000	0.3860762879	0.6139237121
189	18.9000000000	0.4059080844	0.5940919156
190	19.0000000000	0.4258946034	0.5741053966
191	19.1000000000	0.4460029795	0.5539970205
192	19.2000000000	0.4662001466	0.5337998534
193	19.3000000000	0.4864528928	0.5135471072
194	19.4000000000	0.5067279149	0.4932720851
195	19.5000000000	0.5269918727	0.4730081273
196	19.6000000000	0.5472114447	0.4527885553
197	19.7000000000	0.5673533819	0.4326466181
198	19.8000000000	0.5873845633	0.4126154367
199	19.9000000000	0.6072720499	0.3927279501
200	20.0000000000	0.6269831389	0.3730168611
201	20.1000000000	0.6464854178	0.3535145822
202	20.2000000000	0.6657468172	0.3342531828
203	20.3000000000	0.6847356640	0.3152643360
204	20.4000000000	0.7034207332	0.2965792668
205	20.5000000000	0.7217712992	0.2782287008
206	20.6000000000	0.7397571868	0.2602428132
207	20.7000000000	0.7573488202	0.2426511798
208	20.8000000000	0.7745172718	0.2254827282
209	20.9000000000	0.7912343102	0.2087656898
210	21.0000000000	0.8074724461	0.1925275539
211	21.1000000000	0.8232049778	0.1767950222
212	21.2000000000	0.8384060348	0.1615939652
213	21.3000000000	0.8530506207	0.1469493793
214	21.4000000000	0.8671146543	0.1328853457
215	21.5000000000	0.8805750088	0.1194249912
216	21.6000000000	0.8934095502	0.1065904498
217	21.7000000000	0.9055971736	0.0944028264
218	21.8000000000	0.9171178377	0.0828821623
219	21.9000000000	0.9279525982	0.0720474018
220	22.0000000000	0.9380836386	0.0619163614
221	22.1000000000	0.9474942995	0.0525057005
222	22.2000000000	0.9561691061	0.0438308939
223	22.3000000000	0.9640937937	0.0359062063
224	22.4000000000	0.9712553312	0.0287446688
225	22.5000000000	0.9776419420	0.0223580580
226	22.6000000000	0.9832431242	0.0167568758
227	22.7000000000	0.9880496674	0.0119503326
228	22.8000000000	0.9920536675	0.0079463325
229	22.9000000000	0.9952485407	0.0047514593
230	23.0000000000	0.9976290331	0.0023709669
231	23.1000000000	0.9991912305	0.0008087695
232	23.2000000000	0.9999325639	0.0000674361
233	23.3000000000	0.9998518143	0.0001481857
234	23.4000000000	0.9989491144	0.0010508856
235	23.5000000000	0.9972259488	0.0027740512
236	23.6000000000	0.9946851508	0.0053148492
237	23.7000000000	0.9913308987	0.0086691013
238	23.8000000000	0.9871687079	0.0128312921
239	23.9000000000	0.9822054229	0.0177945771
240	24.0000000000	0.9764492052	0.0235507948
241	24.1000000000	0.9699095201	0.0300904799
242	24.2000000000	0.9625971215	0.0374028785
243	24.3000000000	0.9545240338	0.0454759662
244	24.4000000000	0.9457035323	0.0542964677
245	24.5000000000	0.9361501212	0.0638498788
246	24.6000000000	0.9258795101	0.0741204899
247	24.7000000000	0.9149085877	0.0850914123
248	24.8000000000	0.9032553947	0.0967446053
