z[um]	w[um]	pcm(0:si, 1:cpcm, 2:apcm)
0.0000000000 0.4910000000 1
0.1000000000 0.4910122366 1
0.2000000000 0.4910244731 1
0.3000000000 0.4910367097 1
0.4000000000 0.4910489463 1
0.5000000000 0.4910611829 1
0.6000000000 0.4910734194 1
0.7000000000 0.4910856560 1
0.8000000000 0.4910978926 1
0.9000000000 0.4911101292 1
1.0000000000 0.4911223657 1
1.1000000000 0.4911346023 1
1.2000000000 0.4911468389 1
1.3000000000 0.4911590755 1
1.4000000000 0.4911713120 1
1.5000000000 0.4911835486 1
1.6000000000 0.4911957852 1
1.7000000000 0.4912080218 1
1.8000000000 0.4912202583 1
1.9000000000 0.4912324949 1
2.0000000000 0.4912447315 1
2.1000000000 0.4912569680 1
2.2000000000 0.4912692046 1
2.3000000000 0.4912814412 1
2.4000000000 0.4912936778 1
2.5000000000 0.4913059143 1
2.6000000000 0.4913181509 1
2.7000000000 0.4913303875 1
2.8000000000 0.4913426241 1
2.9000000000 0.4913548606 1
3.0000000000 0.4913670972 1
3.1000000000 0.4913793338 1
3.2000000000 0.4913915704 1
3.3000000000 0.4914038069 1
3.4000000000 0.4914160435 1
3.5000000000 0.4914282801 1
3.6000000000 0.4914405167 1
3.7000000000 0.4914527532 1
3.8000000000 0.4914649898 1
3.9000000000 0.4914772264 1
4.0000000000 0.4914894630 1
4.1000000000 0.4915016995 1
4.2000000000 0.4915139361 1
4.3000000000 0.4915261727 1
4.4000000000 0.4915384092 1
4.5000000000 0.4915506458 1
4.6000000000 0.4915628824 1
4.7000000000 0.4915751190 1
4.8000000000 0.4915873555 1
4.9000000000 0.4915995921 1
5.0000000000 0.4916118287 1
5.1000000000 0.4916240653 1
5.2000000000 0.4916363018 1
5.3000000000 0.4916485384 1
5.4000000000 0.4916607750 1
5.5000000000 0.4916730116 1
5.6000000000 0.4916852481 1
5.7000000000 0.4916974847 1
5.8000000000 0.4917097213 1
5.9000000000 0.4917219579 1
6.0000000000 0.4917341944 1
6.1000000000 0.4917464310 1
6.2000000000 0.4917586676 1
6.3000000000 0.4917709041 1
6.4000000000 0.4917831407 1
6.5000000000 0.4917953773 1
6.6000000000 0.4918076139 1
6.7000000000 0.4918198504 1
6.8000000000 0.4918320870 1
6.9000000000 0.4918443236 1
7.0000000000 0.4918565602 1
7.1000000000 0.4918687967 1
7.2000000000 0.4918810333 1
7.3000000000 0.4918932699 1
7.4000000000 0.4919055065 1
7.5000000000 0.4919177430 1
7.6000000000 0.4919299796 1
7.7000000000 0.4919422162 1
7.8000000000 0.4919544528 1
7.9000000000 0.4919666893 1
8.0000000000 0.4919789259 1
8.1000000000 0.4919911625 1
8.2000000000 0.4920033990 1
8.3000000000 0.4920156356 1
8.4000000000 0.4920278722 1
8.5000000000 0.4920401088 1
8.6000000000 0.4920523453 1
8.7000000000 0.4920645819 1
8.8000000000 0.4920768185 1
8.9000000000 0.4920890551 1
9.0000000000 0.4921012916 1
9.1000000000 0.4921135282 1
9.2000000000 0.4921257648 1
9.3000000000 0.4921380014 1
9.4000000000 0.4921502379 1
9.5000000000 0.4921624745 1
9.6000000000 0.4921747111 1
9.7000000000 0.4921869477 1
9.8000000000 0.4921991842 1
9.9000000000 0.4922114208 1
10.0000000000 0.4922236574 1
10.1000000000 0.4922358939 1
10.2000000000 0.4922481305 1
10.3000000000 0.4922603671 1
10.4000000000 0.4922726037 1
10.5000000000 0.4922848402 1
10.6000000000 0.4922970768 1
10.7000000000 0.4923093134 1
10.8000000000 0.4923215500 1
10.9000000000 0.4923337865 1
11.0000000000 0.4923460231 1
11.1000000000 0.4923582597 1
11.2000000000 0.4923704963 1
11.3000000000 0.4923827328 1
11.4000000000 0.4923949694 1
11.5000000000 0.4924072060 1
11.6000000000 0.4924194426 1
11.7000000000 0.4924316791 1
11.8000000000 0.4924439157 1
11.9000000000 0.4924561523 1
12.0000000000 0.4924683889 1
12.1000000000 0.4924806254 1
12.2000000000 0.4924928620 1
12.3000000000 0.4925050986 1
12.4000000000 0.4925173351 1
12.5000000000 0.4925295717 1
12.6000000000 0.4925418083 1
12.7000000000 0.4925540449 1
12.8000000000 0.4925662814 1
12.9000000000 0.4925785180 1
13.0000000000 0.4925907546 1
13.1000000000 0.4926029912 1
13.2000000000 0.4926152277 1
13.3000000000 0.4926274643 1
13.4000000000 0.4926397009 1
13.5000000000 0.4926519375 1
13.6000000000 0.4926641740 1
13.7000000000 0.4926764106 1
13.8000000000 0.4926886472 1
13.9000000000 0.4927008838 1
14.0000000000 0.4927131203 1
14.1000000000 0.4927253569 1
14.2000000000 0.4927375935 1
14.3000000000 0.4927498300 1
14.4000000000 0.4927620666 1
14.5000000000 0.4927743032 1
14.6000000000 0.4927865398 1
14.7000000000 0.4927987763 1
14.8000000000 0.4928110129 1
14.9000000000 0.4928232495 1
15.0000000000 0.4928354861 1
15.1000000000 0.4928477226 1
15.2000000000 0.4928599592 1
15.3000000000 0.4928721958 1
15.4000000000 0.4928844324 1
15.5000000000 0.4928966689 1
15.6000000000 0.4929089055 1
15.7000000000 0.4929211421 1
15.8000000000 0.4929333787 1
15.9000000000 0.4929456152 1
16.0000000000 0.4929578518 1
16.1000000000 0.4929700884 1
16.2000000000 0.4929823249 1
16.3000000000 0.4929945615 1
16.4000000000 0.4930067981 1
16.5000000000 0.4930190347 1
16.6000000000 0.4930312712 1
16.7000000000 0.4930435078 1
16.8000000000 0.4930557444 1
16.9000000000 0.4930679810 1
17.0000000000 0.4930802175 1
17.1000000000 0.4930924541 1
17.2000000000 0.4931046907 1
17.3000000000 0.4931169273 1
17.4000000000 0.4931291638 1
17.5000000000 0.4931414004 1
17.6000000000 0.4931536370 1
17.7000000000 0.4931658736 1
17.8000000000 0.4931781101 1
17.9000000000 0.4931903467 1
18.0000000000 0.4932025833 1
18.1000000000 0.4932148199 1
18.2000000000 0.4932270564 1
18.3000000000 0.4932392930 1
18.4000000000 0.4932515296 1
18.5000000000 0.4932637661 1
18.6000000000 0.4932760027 1
18.7000000000 0.4932882393 1
18.8000000000 0.4933004759 1
18.9000000000 0.4933127124 1
19.0000000000 0.4933249490 1
19.1000000000 0.4933371856 1
19.2000000000 0.4933494222 1
19.3000000000 0.4933616587 1
19.4000000000 0.4933738953 1
19.5000000000 0.4933861319 1
19.6000000000 0.4933983685 1
19.7000000000 0.4934106050 1
19.8000000000 0.4934228416 1
19.9000000000 0.4934350782 1
20.0000000000 0.4934473148 1
20.1000000000 0.4934595513 1
20.2000000000 0.4934717879 1
20.3000000000 0.4934840245 1
20.4000000000 0.4934962610 1
20.5000000000 0.4935084976 1
20.6000000000 0.4935207342 1
20.7000000000 0.4935329708 1
20.8000000000 0.4935452073 1
20.9000000000 0.4935574439 1
21.0000000000 0.4935696805 1
21.1000000000 0.4935819171 1
21.2000000000 0.4935941536 1
21.3000000000 0.4936063902 1
21.4000000000 0.4936186268 1
21.5000000000 0.4936308634 1
21.6000000000 0.4936430999 1
21.7000000000 0.4936553365 1
21.8000000000 0.4936675731 1
21.9000000000 0.4936798097 1
22.0000000000 0.4936920462 1
22.1000000000 0.4937042828 1
22.2000000000 0.4937165194 1
22.3000000000 0.4937287559 1
22.4000000000 0.4937409925 1
22.5000000000 0.4937532291 1
22.6000000000 0.4937654657 1
22.7000000000 0.4937777022 1
22.8000000000 0.4937899388 1
22.9000000000 0.4938021754 1
23.0000000000 0.4938144120 1
23.1000000000 0.4938266485 1
23.2000000000 0.4938388851 1
23.3000000000 0.4938511217 1
23.4000000000 0.4938633583 1
23.5000000000 0.4938755948 1
23.6000000000 0.4938878314 1
23.7000000000 0.4939000680 1
23.8000000000 0.4939123046 1
23.9000000000 0.4939245411 1
24.0000000000 0.4939367777 1
24.1000000000 0.4939490143 1
24.2000000000 0.4939612508 1
24.3000000000 0.4939734874 1
24.4000000000 0.4939857240 1
24.5000000000 0.4939979606 1
24.6000000000 0.4940101971 1
24.7000000000 0.4940224337 1
24.8000000000 0.4940346703 1
24.9000000000 0.4940469069 1
25.0000000000 0.4940591434 1
25.1000000000 0.4940713800 1
25.2000000000 0.4940836166 1
25.3000000000 0.4940958532 1
25.4000000000 0.4941080897 1
25.5000000000 0.4941203263 1
25.6000000000 0.4941325629 1
25.7000000000 0.4941447995 1
25.8000000000 0.4941570360 1
25.9000000000 0.4941692726 1
26.0000000000 0.4941815092 1
26.1000000000 0.4941937458 1
26.2000000000 0.4942059823 1
26.3000000000 0.4942182189 1
26.4000000000 0.4942304555 1
26.5000000000 0.4942426920 1
26.6000000000 0.4942549286 1
26.7000000000 0.4942671652 1
26.8000000000 0.4942794018 1
26.9000000000 0.4942916383 1
27.0000000000 0.4943038749 1
27.1000000000 0.4943161115 1
27.2000000000 0.4943283481 1
27.3000000000 0.4943405846 1
27.4000000000 0.4943528212 1
27.5000000000 0.4943650578 1
27.6000000000 0.4943772944 1
27.7000000000 0.4943895309 1
27.8000000000 0.4944017675 1
27.9000000000 0.4944140041 1
28.0000000000 0.4944262407 1
28.1000000000 0.4944384772 1
28.2000000000 0.4944507138 1
28.3000000000 0.4944629504 1
28.4000000000 0.4944751869 1
28.5000000000 0.4944874235 1
28.6000000000 0.4944996601 1
28.7000000000 0.4945118967 1
28.8000000000 0.4945241332 1
28.9000000000 0.4945363698 1
29.0000000000 0.4945486064 1
29.1000000000 0.4945608430 1
29.2000000000 0.4945730795 1
29.3000000000 0.4945853161 1
29.4000000000 0.4945975527 1
29.5000000000 0.4946097893 1
29.6000000000 0.4946220258 1
29.7000000000 0.4946342624 1
29.8000000000 0.4946464990 1
29.9000000000 0.4946587356 1
30.0000000000 0.4946709721 1
30.1000000000 0.4946832087 1
30.2000000000 0.4946954453 1
30.3000000000 0.4947076818 1
30.4000000000 0.4947199184 1
30.5000000000 0.4947321550 1
30.6000000000 0.4947443916 1
30.7000000000 0.4947566281 1
30.8000000000 0.4947688647 1
30.9000000000 0.4947811013 1
31.0000000000 0.4947933379 1
31.1000000000 0.4948055744 1
31.2000000000 0.4948178110 1
31.3000000000 0.4948300476 1
31.4000000000 0.4948422842 1
31.5000000000 0.4948545207 1
31.6000000000 0.4948667573 1
31.7000000000 0.4948789939 1
31.8000000000 0.4948912305 1
31.9000000000 0.4949034670 1
32.0000000000 0.4949157036 1
32.1000000000 0.4949279402 1
32.2000000000 0.4949401768 1
32.3000000000 0.4949524133 1
32.4000000000 0.4949646499 1
32.5000000000 0.4949768865 1
32.6000000000 0.4949891230 1
32.7000000000 0.4950013596 1
32.8000000000 0.4950135962 1
32.9000000000 0.4950258328 1
33.0000000000 0.4950380693 1
33.1000000000 0.4950503059 1
33.2000000000 0.4950625425 1
33.3000000000 0.4950747791 1
33.4000000000 0.4950870156 1
33.5000000000 0.4950992522 1
33.6000000000 0.4951114888 1
33.7000000000 0.4951237254 1
33.8000000000 0.4951359619 1
33.9000000000 0.4951481985 1
34.0000000000 0.4951604351 1
34.1000000000 0.4951726717 1
34.2000000000 0.4951849082 1
34.3000000000 0.4951971448 1
34.4000000000 0.4952093814 1
34.5000000000 0.4952216179 1
34.6000000000 0.4952338545 1
34.7000000000 0.4952460911 1
34.8000000000 0.4952583277 1
34.9000000000 0.4952705642 1
35.0000000000 0.4952828008 1
35.1000000000 0.4952950374 1
35.2000000000 0.4953072740 1
35.3000000000 0.4953195105 1
35.4000000000 0.4953317471 1
35.5000000000 0.4953439837 1
35.6000000000 0.4953562203 1
35.7000000000 0.4953684568 1
35.8000000000 0.4953806934 1
35.9000000000 0.4953929300 1
36.0000000000 0.4954051666 1
36.1000000000 0.4954174031 1
36.2000000000 0.4954296397 1
36.3000000000 0.4954418763 1
36.4000000000 0.4954541128 1
36.5000000000 0.4954663494 1
36.6000000000 0.4954785860 1
36.7000000000 0.4954908226 1
36.8000000000 0.4955030591 1
36.9000000000 0.4955152957 1
37.0000000000 0.4955275323 1
37.1000000000 0.4955397689 1
37.2000000000 0.4955520054 1
37.3000000000 0.4955642420 1
37.4000000000 0.4955764786 1
37.5000000000 0.4955887152 1
37.6000000000 0.4956009517 1
37.7000000000 0.4956131883 1
37.8000000000 0.4956254249 1
37.9000000000 0.4956376615 1
38.0000000000 0.4956498980 1
38.1000000000 0.4956621346 1
38.2000000000 0.4956743712 1
38.3000000000 0.4956866077 1
38.4000000000 0.4956988443 1
38.5000000000 0.4957110809 1
38.6000000000 0.4957233175 1
38.7000000000 0.4957355540 1
38.8000000000 0.4957477906 1
38.9000000000 0.4957600272 1
39.0000000000 0.4957722638 1
39.1000000000 0.4957845003 1
39.2000000000 0.4957967369 1
39.3000000000 0.4958089735 1
39.4000000000 0.4958212101 1
39.5000000000 0.4958334466 1
39.6000000000 0.4958456832 1
39.7000000000 0.4958579198 1
39.8000000000 0.4958701564 1
39.9000000000 0.4958823929 1
40.0000000000 0.4958946295 1
40.1000000000 0.4959068661 1
40.2000000000 0.4959191027 1
40.3000000000 0.4959313392 1
40.4000000000 0.4959435758 1
40.5000000000 0.4959558124 1
40.6000000000 0.4959680489 1
40.7000000000 0.4959802855 1
40.8000000000 0.4959925221 1
40.9000000000 0.4960047587 1
41.0000000000 0.4960169952 1
41.1000000000 0.4960292318 1
41.2000000000 0.4960414684 1
41.3000000000 0.4960537050 1
41.4000000000 0.4960659415 1
41.5000000000 0.4960781781 1
41.6000000000 0.4960904147 1
41.7000000000 0.4961026513 1
41.8000000000 0.4961148878 1
41.9000000000 0.4961271244 1
42.0000000000 0.4961393610 1
42.1000000000 0.4961515976 1
42.2000000000 0.4961638341 1
42.3000000000 0.4961760707 1
42.4000000000 0.4961883073 1
42.5000000000 0.4962005438 1
42.6000000000 0.4962127804 1
42.7000000000 0.4962250170 1
42.8000000000 0.4962372536 1
42.9000000000 0.4962494901 1
43.0000000000 0.4962617267 1
43.1000000000 0.4962739633 1
43.2000000000 0.4962861999 1
43.3000000000 0.4962984364 1
43.4000000000 0.4963106730 1
43.5000000000 0.4963229096 1
43.6000000000 0.4963351462 1
43.7000000000 0.4963473827 1
43.8000000000 0.4963596193 1
43.9000000000 0.4963718559 1
44.0000000000 0.4963840925 1
44.1000000000 0.4963963290 1
44.2000000000 0.4964085656 1
44.3000000000 0.4964208022 1
44.4000000000 0.4964330387 1
44.5000000000 0.4964452753 1
44.6000000000 0.4964575119 1
44.7000000000 0.4964697485 1
44.8000000000 0.4964819850 1
44.9000000000 0.4964942216 1
45.0000000000 0.4965064582 1
45.1000000000 0.4965186948 1
45.2000000000 0.4965309313 1
45.3000000000 0.4965431679 1
45.4000000000 0.4965554045 1
45.5000000000 0.4965676411 1
45.6000000000 0.4965798776 1
45.7000000000 0.4965921142 1
45.8000000000 0.4966043508 1
45.9000000000 0.4966165874 1
46.0000000000 0.4966288239 1
46.1000000000 0.4966410605 1
46.2000000000 0.4966532971 1
46.3000000000 0.4966655337 1
46.4000000000 0.4966777702 1
46.5000000000 0.4966900068 1
46.6000000000 0.4967022434 1
46.7000000000 0.4967144799 1
46.8000000000 0.4967267165 1
46.9000000000 0.4967389531 1
47.0000000000 0.4967511897 1
47.1000000000 0.4967634262 1
47.2000000000 0.4967756628 1
47.3000000000 0.4967878994 1
47.4000000000 0.4968001360 1
47.5000000000 0.4968123725 1
47.6000000000 0.4968246091 1
47.7000000000 0.4968368457 1
47.8000000000 0.4968490823 1
47.9000000000 0.4968613188 1
48.0000000000 0.4968735554 1
48.1000000000 0.4968857920 1
48.2000000000 0.4968980286 1
48.3000000000 0.4969102651 1
48.4000000000 0.4969225017 1
48.5000000000 0.4969347383 1
48.6000000000 0.4969469748 1
48.7000000000 0.4969592114 1
48.8000000000 0.4969714480 1
48.9000000000 0.4969836846 1
49.0000000000 0.4969959211 1
49.1000000000 0.4970081577 1
49.2000000000 0.4970203943 1
49.3000000000 0.4970326309 1
49.4000000000 0.4970448674 1
49.5000000000 0.4970571040 1
49.6000000000 0.4970693406 1
49.7000000000 0.4970815772 1
49.8000000000 0.4970938137 1
49.9000000000 0.4971060503 1
50.0000000000 0.4971182869 1
50.1000000000 0.4971305235 1
50.2000000000 0.4971427600 1
50.3000000000 0.4971549966 1
50.4000000000 0.4971672332 1
50.5000000000 0.4971794697 1
50.6000000000 0.4971917063 1
50.7000000000 0.4972039429 1
50.8000000000 0.4972161795 1
50.9000000000 0.4972284160 1
51.0000000000 0.4972406526 1
51.1000000000 0.4972528892 1
51.2000000000 0.4972651258 1
51.3000000000 0.4972773623 1
51.4000000000 0.4972895989 1
51.5000000000 0.4973018355 1
51.6000000000 0.4973140721 1
51.7000000000 0.4973263086 1
51.8000000000 0.4973385452 1
51.9000000000 0.4973507818 1
52.0000000000 0.4973630184 1
52.1000000000 0.4973752549 1
52.2000000000 0.4973874915 1
52.3000000000 0.4973997281 1
52.4000000000 0.4974119646 1
52.5000000000 0.4974242012 1
52.6000000000 0.4974364378 1
52.7000000000 0.4974486744 1
52.8000000000 0.4974609109 1
52.9000000000 0.4974731475 1
53.0000000000 0.4974853841 1
53.1000000000 0.4974976207 1
53.2000000000 0.4975098572 1
53.3000000000 0.4975220938 1
53.4000000000 0.4975343304 1
53.5000000000 0.4975465670 1
53.6000000000 0.4975588035 1
53.7000000000 0.4975710401 1
53.8000000000 0.4975832767 1
53.9000000000 0.4975955133 1
54.0000000000 0.4976077498 1
54.1000000000 0.4976199864 1
54.2000000000 0.4976322230 1
54.3000000000 0.4976444596 1
54.4000000000 0.4976566961 1
54.5000000000 0.4976689327 1
54.6000000000 0.4976811693 1
54.7000000000 0.4976934058 1
54.8000000000 0.4977056424 1
54.9000000000 0.4977178790 1
55.0000000000 0.4977301156 1
55.1000000000 0.4977423521 1
55.2000000000 0.4977545887 1
55.3000000000 0.4977668253 1
55.4000000000 0.4977790619 1
55.5000000000 0.4977912984 1
55.6000000000 0.4978035350 1
55.7000000000 0.4978157716 1
55.8000000000 0.4978280082 1
55.9000000000 0.4978402447 1
56.0000000000 0.4978524813 1
56.1000000000 0.4978647179 1
56.2000000000 0.4978769545 1
56.3000000000 0.4978891910 1
56.4000000000 0.4979014276 1
56.5000000000 0.4979136642 1
56.6000000000 0.4979259007 1
56.7000000000 0.4979381373 1
56.8000000000 0.4979503739 1
56.9000000000 0.4979626105 1
57.0000000000 0.4979748470 1
57.1000000000 0.4979870836 1
57.2000000000 0.4979993202 1
57.3000000000 0.4980115568 1
57.4000000000 0.4980237933 1
57.5000000000 0.4980360299 1
57.6000000000 0.4980482665 1
57.7000000000 0.4980605031 1
57.8000000000 0.4980727396 1
57.9000000000 0.4980849762 1
58.0000000000 0.4980972128 1
58.1000000000 0.4981094494 1
58.2000000000 0.4981216859 1
58.3000000000 0.4981339225 1
58.4000000000 0.4981461591 1
58.5000000000 0.4981583956 1
58.6000000000 0.4981706322 1
58.7000000000 0.4981828688 1
58.8000000000 0.4981951054 1
58.9000000000 0.4982073419 1
59.0000000000 0.4982195785 1
59.1000000000 0.4982318151 1
59.2000000000 0.4982440517 1
59.3000000000 0.4982562882 1
59.4000000000 0.4982685248 1
59.5000000000 0.4982807614 1
59.6000000000 0.4982929980 1
59.7000000000 0.4983052345 1
59.8000000000 0.4983174711 1
59.9000000000 0.4983297077 1
60.0000000000 0.4983419443 1
60.1000000000 0.4983541808 1
60.2000000000 0.4983664174 1
60.3000000000 0.4983786540 1
60.4000000000 0.4983908906 1
60.5000000000 0.4984031271 1
60.6000000000 0.4984153637 1
60.7000000000 0.4984276003 1
60.8000000000 0.4984398368 1
60.9000000000 0.4984520734 1
61.0000000000 0.4984643100 1
61.1000000000 0.4984765466 1
61.2000000000 0.4984887831 1
61.3000000000 0.4985010197 1
61.4000000000 0.4985132563 1
61.5000000000 0.4985254929 1
61.6000000000 0.4985377294 1
61.7000000000 0.4985499660 1
61.8000000000 0.4985622026 1
61.9000000000 0.4985744392 1
62.0000000000 0.4985866757 1
62.1000000000 0.4985989123 1
62.2000000000 0.4986111489 1
62.3000000000 0.4986233855 1
62.4000000000 0.4986356220 1
62.5000000000 0.4986478586 1
62.6000000000 0.4986600952 1
62.7000000000 0.4986723317 1
62.8000000000 0.4986845683 1
62.9000000000 0.4986968049 1
63.0000000000 0.4987090415 1
63.1000000000 0.4987212780 1
63.2000000000 0.4987335146 1
63.3000000000 0.4987457512 1
63.4000000000 0.4987579878 1
63.5000000000 0.4987702243 1
63.6000000000 0.4987824609 1
63.7000000000 0.4987946975 1
63.8000000000 0.4988069341 1
63.9000000000 0.4988191706 1
64.0000000000 0.4988314072 1
64.1000000000 0.4988436438 1
64.2000000000 0.4988558804 1
64.3000000000 0.4988681169 1
64.4000000000 0.4988803535 1
64.5000000000 0.4988925901 1
64.6000000000 0.4989048266 1
64.7000000000 0.4989170632 1
64.8000000000 0.4989292998 1
64.9000000000 0.4989415364 1
65.0000000000 0.4989537729 1
65.1000000000 0.4989660095 1
65.2000000000 0.4989782461 1
65.3000000000 0.4989904827 1
65.4000000000 0.4990027192 1
65.5000000000 0.4990149558 1
65.6000000000 0.4990271924 1
65.7000000000 0.4990394290 1
65.8000000000 0.4990516655 1
65.9000000000 0.4990639021 1
66.0000000000 0.4990761387 1
66.1000000000 0.4990883753 1
66.2000000000 0.4991006118 1
66.3000000000 0.4991128484 1
66.4000000000 0.4991250850 1
66.5000000000 0.4991373215 1
66.6000000000 0.4991495581 1
66.7000000000 0.4991617947 1
66.8000000000 0.4991740313 1
66.9000000000 0.4991862678 1
67.0000000000 0.4991985044 1
67.1000000000 0.4992107410 1
67.2000000000 0.4992229776 1
67.3000000000 0.4992352141 1
67.4000000000 0.4992474507 1
67.5000000000 0.4992596873 1
67.6000000000 0.4992719239 1
67.7000000000 0.4992841604 1
67.8000000000 0.4992963970 1
67.9000000000 0.4993086336 1
68.0000000000 0.4993208702 1
68.1000000000 0.4993331067 1
68.2000000000 0.4993453433 1
68.3000000000 0.4993575799 1
68.4000000000 0.4993698165 1
68.5000000000 0.4993820530 1
68.6000000000 0.4993942896 1
68.7000000000 0.4994065262 1
68.8000000000 0.4994187627 1
68.9000000000 0.4994309993 1
69.0000000000 0.4994432359 1
69.1000000000 0.4994554725 1
69.2000000000 0.4994677090 1
69.3000000000 0.4994799456 1
69.4000000000 0.4994921822 1
69.5000000000 0.4995044188 1
69.6000000000 0.4995166553 1
69.7000000000 0.4995288919 1
69.8000000000 0.4995411285 1
69.9000000000 0.4995533651 1
70.0000000000 0.4995656016 1
70.1000000000 0.4995778382 1
70.2000000000 0.4995900748 1
70.3000000000 0.4996023114 1
70.4000000000 0.4996145479 1
70.5000000000 0.4996267845 1
70.6000000000 0.4996390211 1
70.7000000000 0.4996512576 1
70.8000000000 0.4996634942 1
70.9000000000 0.4996757308 1
71.0000000000 0.4996879674 1
71.1000000000 0.4997002039 1
71.2000000000 0.4997124405 1
71.3000000000 0.4997246771 1
71.4000000000 0.4997369137 1
71.5000000000 0.4997491502 1
71.6000000000 0.4997613868 1
71.7000000000 0.4997736234 1
71.8000000000 0.4997858600 1
71.9000000000 0.4997980965 1
72.0000000000 0.4998103331 1
72.1000000000 0.4998225697 1
72.2000000000 0.4998348063 1
72.3000000000 0.4998470428 1
72.4000000000 0.4998592794 1
72.5000000000 0.4998715160 1
72.6000000000 0.4998837525 1
72.7000000000 0.4998959891 1
72.8000000000 0.4999082257 1
72.9000000000 0.4999204623 1
73.0000000000 0.4999326988 1
73.1000000000 0.4999449354 1
73.2000000000 0.4999571720 1
73.3000000000 0.4999694086 1
73.4000000000 0.4999816451 1
73.5000000000 0.4999938817 1
73.6000000000 0.5000061183 1
73.7000000000 0.5000183549 1
73.8000000000 0.5000305914 1
73.9000000000 0.5000428280 1
74.0000000000 0.5000550646 1
74.1000000000 0.5000673012 1
74.2000000000 0.5000795377 1
74.3000000000 0.5000917743 1
74.4000000000 0.5001040109 1
74.5000000000 0.5001162475 1
74.6000000000 0.5001284840 1
74.7000000000 0.5001407206 1
74.8000000000 0.5001529572 1
74.9000000000 0.5001651937 1
75.0000000000 0.5001774303 1
75.1000000000 0.5001896669 1
75.2000000000 0.5002019035 1
75.3000000000 0.5002141400 1
75.4000000000 0.5002263766 1
75.5000000000 0.5002386132 1
75.6000000000 0.5002508498 1
75.7000000000 0.5002630863 1
75.8000000000 0.5002753229 1
75.9000000000 0.5002875595 1
76.0000000000 0.5002997961 1
76.1000000000 0.5003120326 1
76.2000000000 0.5003242692 1
76.3000000000 0.5003365058 1
76.4000000000 0.5003487424 1
76.5000000000 0.5003609789 1
76.6000000000 0.5003732155 1
76.7000000000 0.5003854521 1
76.8000000000 0.5003976886 1
76.9000000000 0.5004099252 1
77.0000000000 0.5004221618 1
77.1000000000 0.5004343984 1
77.2000000000 0.5004466349 1
77.3000000000 0.5004588715 1
77.4000000000 0.5004711081 1
77.5000000000 0.5004833447 1
77.6000000000 0.5004955812 1
77.7000000000 0.5005078178 1
77.8000000000 0.5005200544 1
77.9000000000 0.5005322910 1
78.0000000000 0.5005445275 1
78.1000000000 0.5005567641 1
78.2000000000 0.5005690007 1
78.3000000000 0.5005812373 1
78.4000000000 0.5005934738 1
78.5000000000 0.5006057104 1
78.6000000000 0.5006179470 1
78.7000000000 0.5006301835 1
78.8000000000 0.5006424201 1
78.9000000000 0.5006546567 1
79.0000000000 0.5006668933 1
79.1000000000 0.5006791298 1
79.2000000000 0.5006913664 1
79.3000000000 0.5007036030 1
79.4000000000 0.5007158396 1
79.5000000000 0.5007280761 1
79.6000000000 0.5007403127 1
79.7000000000 0.5007525493 1
79.8000000000 0.5007647859 1
79.9000000000 0.5007770224 1
80.0000000000 0.5007892590 1
80.1000000000 0.5008014956 1
80.2000000000 0.5008137322 1
80.3000000000 0.5008259687 1
80.4000000000 0.5008382053 1
80.5000000000 0.5008504419 1
80.6000000000 0.5008626785 1
80.7000000000 0.5008749150 1
80.8000000000 0.5008871516 1
80.9000000000 0.5008993882 1
81.0000000000 0.5009116247 1
81.1000000000 0.5009238613 1
81.2000000000 0.5009360979 1
81.3000000000 0.5009483345 1
81.4000000000 0.5009605710 1
81.5000000000 0.5009728076 1
81.6000000000 0.5009850442 1
81.7000000000 0.5009972808 1
81.8000000000 0.5010095173 1
81.9000000000 0.5010217539 1
82.0000000000 0.5010339905 1
82.1000000000 0.5010462271 1
82.2000000000 0.5010584636 1
82.3000000000 0.5010707002 1
82.4000000000 0.5010829368 1
82.5000000000 0.5010951734 1
82.6000000000 0.5011074099 1
82.7000000000 0.5011196465 1
82.8000000000 0.5011318831 1
82.9000000000 0.5011441196 1
83.0000000000 0.5011563562 1
83.1000000000 0.5011685928 1
83.2000000000 0.5011808294 1
83.3000000000 0.5011930659 1
83.4000000000 0.5012053025 1
83.5000000000 0.5012175391 1
83.6000000000 0.5012297757 1
83.7000000000 0.5012420122 1
83.8000000000 0.5012542488 1
83.9000000000 0.5012664854 1
84.0000000000 0.5012787220 1
84.1000000000 0.5012909585 1
84.2000000000 0.5013031951 1
84.3000000000 0.5013154317 1
84.4000000000 0.5013276683 1
84.5000000000 0.5013399048 1
84.6000000000 0.5013521414 1
84.7000000000 0.5013643780 1
84.8000000000 0.5013766145 1
84.9000000000 0.5013888511 1
85.0000000000 0.5014010877 1
85.1000000000 0.5014133243 1
85.2000000000 0.5014255608 1
85.3000000000 0.5014377974 1
85.4000000000 0.5014500340 1
85.5000000000 0.5014622706 1
85.6000000000 0.5014745071 1
85.7000000000 0.5014867437 1
85.8000000000 0.5014989803 1
85.9000000000 0.5015112169 1
86.0000000000 0.5015234534 1
86.1000000000 0.5015356900 1
86.2000000000 0.5015479266 1
86.3000000000 0.5015601632 1
86.4000000000 0.5015723997 1
86.5000000000 0.5015846363 1
86.6000000000 0.5015968729 1
86.7000000000 0.5016091094 1
86.8000000000 0.5016213460 1
86.9000000000 0.5016335826 1
87.0000000000 0.5016458192 1
87.1000000000 0.5016580557 1
87.2000000000 0.5016702923 1
87.3000000000 0.5016825289 1
87.4000000000 0.5016947655 1
87.5000000000 0.5017070020 1
87.6000000000 0.5017192386 1
87.7000000000 0.5017314752 1
87.8000000000 0.5017437118 1
87.9000000000 0.5017559483 1
88.0000000000 0.5017681849 1
88.1000000000 0.5017804215 1
88.2000000000 0.5017926581 1
88.3000000000 0.5018048946 1
88.4000000000 0.5018171312 1
88.5000000000 0.5018293678 1
88.6000000000 0.5018416044 1
88.7000000000 0.5018538409 1
88.8000000000 0.5018660775 1
88.9000000000 0.5018783141 1
89.0000000000 0.5018905506 1
89.1000000000 0.5019027872 1
89.2000000000 0.5019150238 1
89.3000000000 0.5019272604 1
89.4000000000 0.5019394969 1
89.5000000000 0.5019517335 1
89.6000000000 0.5019639701 1
89.7000000000 0.5019762067 1
89.8000000000 0.5019884432 1
89.9000000000 0.5020006798 1
90.0000000000 0.5020129164 1
90.1000000000 0.5020251530 1
90.2000000000 0.5020373895 1
90.3000000000 0.5020496261 1
90.4000000000 0.5020618627 1
90.5000000000 0.5020740993 1
90.6000000000 0.5020863358 1
90.7000000000 0.5020985724 1
90.8000000000 0.5021108090 1
90.9000000000 0.5021230455 1
91.0000000000 0.5021352821 1
91.1000000000 0.5021475187 1
91.2000000000 0.5021597553 1
91.3000000000 0.5021719918 1
91.4000000000 0.5021842284 1
91.5000000000 0.5021964650 1
91.6000000000 0.5022087016 1
91.7000000000 0.5022209381 1
91.8000000000 0.5022331747 1
91.9000000000 0.5022454113 1
92.0000000000 0.5022576479 1
92.1000000000 0.5022698844 1
92.2000000000 0.5022821210 1
92.3000000000 0.5022943576 1
92.4000000000 0.5023065942 1
92.5000000000 0.5023188307 1
92.6000000000 0.5023310673 1
92.7000000000 0.5023433039 1
92.8000000000 0.5023555404 1
92.9000000000 0.5023677770 1
93.0000000000 0.5023800136 1
93.1000000000 0.5023922502 1
93.2000000000 0.5024044867 1
93.3000000000 0.5024167233 1
93.4000000000 0.5024289599 1
93.5000000000 0.5024411965 1
93.6000000000 0.5024534330 1
93.7000000000 0.5024656696 1
93.8000000000 0.5024779062 1
93.9000000000 0.5024901428 1
94.0000000000 0.5025023793 1
94.1000000000 0.5025146159 1
94.2000000000 0.5025268525 1
94.3000000000 0.5025390891 1
94.4000000000 0.5025513256 1
94.5000000000 0.5025635622 1
94.6000000000 0.5025757988 1
94.7000000000 0.5025880354 1
94.8000000000 0.5026002719 1
94.9000000000 0.5026125085 1
95.0000000000 0.5026247451 1
95.1000000000 0.5026369816 1
95.2000000000 0.5026492182 1
95.3000000000 0.5026614548 1
95.4000000000 0.5026736914 1
95.5000000000 0.5026859279 1
95.6000000000 0.5026981645 1
95.7000000000 0.5027104011 1
95.8000000000 0.5027226377 1
95.9000000000 0.5027348742 1
96.0000000000 0.5027471108 1
96.1000000000 0.5027593474 1
96.2000000000 0.5027715840 1
96.3000000000 0.5027838205 1
96.4000000000 0.5027960571 1
96.5000000000 0.5028082937 1
96.6000000000 0.5028205303 1
96.7000000000 0.5028327668 1
96.8000000000 0.5028450034 1
96.9000000000 0.5028572400 1
97.0000000000 0.5028694765 1
97.1000000000 0.5028817131 1
97.2000000000 0.5028939497 1
97.3000000000 0.5029061863 1
97.4000000000 0.5029184228 1
97.5000000000 0.5029306594 1
97.6000000000 0.5029428960 1
97.7000000000 0.5029551326 1
97.8000000000 0.5029673691 1
97.9000000000 0.5029796057 1
98.0000000000 0.5029918423 1
98.1000000000 0.5030040789 1
98.2000000000 0.5030163154 1
98.3000000000 0.5030285520 1
98.4000000000 0.5030407886 1
98.5000000000 0.5030530252 1
98.6000000000 0.5030652617 1
98.7000000000 0.5030774983 1
98.8000000000 0.5030897349 1
98.9000000000 0.5031019714 1
99.0000000000 0.5031142080 1
99.1000000000 0.5031264446 1
99.2000000000 0.5031386812 1
99.3000000000 0.5031509177 1
99.4000000000 0.5031631543 1
99.5000000000 0.5031753909 1
99.6000000000 0.5031876275 1
99.7000000000 0.5031998640 1
99.8000000000 0.5032121006 1
99.9000000000 0.5032243372 1
100.0000000000 0.5032365738 1
100.1000000000 0.5032488103 1
100.2000000000 0.5032610469 1
100.3000000000 0.5032732835 1
100.4000000000 0.5032855201 1
100.5000000000 0.5032977566 1
100.6000000000 0.5033099932 1
100.7000000000 0.5033222298 1
100.8000000000 0.5033344663 1
100.9000000000 0.5033467029 1
101.0000000000 0.5033589395 1
101.1000000000 0.5033711761 1
101.2000000000 0.5033834126 1
101.3000000000 0.5033956492 1
101.4000000000 0.5034078858 1
101.5000000000 0.5034201224 1
101.6000000000 0.5034323589 1
101.7000000000 0.5034445955 1
101.8000000000 0.5034568321 1
101.9000000000 0.5034690687 1
102.0000000000 0.5034813052 1
102.1000000000 0.5034935418 1
102.2000000000 0.5035057784 1
102.3000000000 0.5035180150 1
102.4000000000 0.5035302515 1
102.5000000000 0.5035424881 1
102.6000000000 0.5035547247 1
102.7000000000 0.5035669613 1
102.8000000000 0.5035791978 1
102.9000000000 0.5035914344 1
103.0000000000 0.5036036710 1
103.1000000000 0.5036159075 1
103.2000000000 0.5036281441 1
103.3000000000 0.5036403807 1
103.4000000000 0.5036526173 1
103.5000000000 0.5036648538 1
103.6000000000 0.5036770904 1
103.7000000000 0.5036893270 1
103.8000000000 0.5037015636 1
103.9000000000 0.5037138001 1
104.0000000000 0.5037260367 1
104.1000000000 0.5037382733 1
104.2000000000 0.5037505099 1
104.3000000000 0.5037627464 1
104.4000000000 0.5037749830 1
104.5000000000 0.5037872196 1
104.6000000000 0.5037994562 1
104.7000000000 0.5038116927 1
104.8000000000 0.5038239293 1
104.9000000000 0.5038361659 1
105.0000000000 0.5038484024 1
105.1000000000 0.5038606390 1
105.2000000000 0.5038728756 1
105.3000000000 0.5038851122 1
105.4000000000 0.5038973487 1
105.5000000000 0.5039095853 1
105.6000000000 0.5039218219 1
105.7000000000 0.5039340585 1
105.8000000000 0.5039462950 1
105.9000000000 0.5039585316 1
106.0000000000 0.5039707682 1
106.1000000000 0.5039830048 1
106.2000000000 0.5039952413 1
106.3000000000 0.5040074779 1
106.4000000000 0.5040197145 1
106.5000000000 0.5040319511 1
106.6000000000 0.5040441876 1
106.7000000000 0.5040564242 1
106.8000000000 0.5040686608 1
106.9000000000 0.5040808973 1
107.0000000000 0.5040931339 1
107.1000000000 0.5041053705 1
107.2000000000 0.5041176071 1
107.3000000000 0.5041298436 1
107.4000000000 0.5041420802 1
107.5000000000 0.5041543168 1
107.6000000000 0.5041665534 1
107.7000000000 0.5041787899 1
107.8000000000 0.5041910265 1
107.9000000000 0.5042032631 1
108.0000000000 0.5042154997 1
108.1000000000 0.5042277362 1
108.2000000000 0.5042399728 1
108.3000000000 0.5042522094 1
108.4000000000 0.5042644460 1
108.5000000000 0.5042766825 1
108.6000000000 0.5042889191 1
108.7000000000 0.5043011557 1
108.8000000000 0.5043133923 1
108.9000000000 0.5043256288 1
109.0000000000 0.5043378654 1
109.1000000000 0.5043501020 1
109.2000000000 0.5043623385 1
109.3000000000 0.5043745751 1
109.4000000000 0.5043868117 1
109.5000000000 0.5043990483 1
109.6000000000 0.5044112848 1
109.7000000000 0.5044235214 1
109.8000000000 0.5044357580 1
109.9000000000 0.5044479946 1
110.0000000000 0.5044602311 1
110.1000000000 0.5044724677 1
110.2000000000 0.5044847043 1
110.3000000000 0.5044969409 1
110.4000000000 0.5045091774 1
110.5000000000 0.5045214140 1
110.6000000000 0.5045336506 1
110.7000000000 0.5045458872 1
110.8000000000 0.5045581237 1
110.9000000000 0.5045703603 1
111.0000000000 0.5045825969 1
111.1000000000 0.5045948334 1
111.2000000000 0.5046070700 1
111.3000000000 0.5046193066 1
111.4000000000 0.5046315432 1
111.5000000000 0.5046437797 1
111.6000000000 0.5046560163 1
111.7000000000 0.5046682529 1
111.8000000000 0.5046804895 1
111.9000000000 0.5046927260 1
112.0000000000 0.5047049626 1
112.1000000000 0.5047171992 1
112.2000000000 0.5047294358 1
112.3000000000 0.5047416723 1
112.4000000000 0.5047539089 1
112.5000000000 0.5047661455 1
112.6000000000 0.5047783821 1
112.7000000000 0.5047906186 1
112.8000000000 0.5048028552 1
112.9000000000 0.5048150918 1
113.0000000000 0.5048273283 1
113.1000000000 0.5048395649 1
113.2000000000 0.5048518015 1
113.3000000000 0.5048640381 1
113.4000000000 0.5048762746 1
113.5000000000 0.5048885112 1
113.6000000000 0.5049007478 1
113.7000000000 0.5049129844 1
113.8000000000 0.5049252209 1
113.9000000000 0.5049374575 1
114.0000000000 0.5049496941 1
114.1000000000 0.5049619307 1
114.2000000000 0.5049741672 1
114.3000000000 0.5049864038 1
114.4000000000 0.5049986404 1
114.5000000000 0.5050108770 1
114.6000000000 0.5050231135 1
114.7000000000 0.5050353501 1
114.8000000000 0.5050475867 1
114.9000000000 0.5050598232 1
115.0000000000 0.5050720598 1
115.1000000000 0.5050842964 1
115.2000000000 0.5050965330 1
115.3000000000 0.5051087695 1
115.4000000000 0.5051210061 1
115.5000000000 0.5051332427 1
115.6000000000 0.5051454793 1
115.7000000000 0.5051577158 1
115.8000000000 0.5051699524 1
115.9000000000 0.5051821890 1
116.0000000000 0.5051944256 1
116.1000000000 0.5052066621 1
116.2000000000 0.5052188987 1
116.3000000000 0.5052311353 1
116.4000000000 0.5052433719 1
116.5000000000 0.5052556084 1
116.6000000000 0.5052678450 1
116.7000000000 0.5052800816 1
116.8000000000 0.5052923182 1
116.9000000000 0.5053045547 1
117.0000000000 0.5053167913 1
117.1000000000 0.5053290279 1
117.2000000000 0.5053412644 1
117.3000000000 0.5053535010 1
117.4000000000 0.5053657376 1
117.5000000000 0.5053779742 1
117.6000000000 0.5053902107 1
117.7000000000 0.5054024473 1
117.8000000000 0.5054146839 1
117.9000000000 0.5054269205 1
118.0000000000 0.5054391570 1
118.1000000000 0.5054513936 1
118.2000000000 0.5054636302 1
118.3000000000 0.5054758668 1
118.4000000000 0.5054881033 1
118.5000000000 0.5055003399 1
118.6000000000 0.5055125765 1
118.7000000000 0.5055248131 1
118.8000000000 0.5055370496 1
118.9000000000 0.5055492862 1
119.0000000000 0.5055615228 1
119.1000000000 0.5055737593 1
119.2000000000 0.5055859959 1
119.3000000000 0.5055982325 1
119.4000000000 0.5056104691 1
119.5000000000 0.5056227056 1
119.6000000000 0.5056349422 1
119.7000000000 0.5056471788 1
119.8000000000 0.5056594154 1
119.9000000000 0.5056716519 1
120.0000000000 0.5056838885 1
120.1000000000 0.5056961251 1
120.2000000000 0.5057083617 1
120.3000000000 0.5057205982 1
120.4000000000 0.5057328348 1
120.5000000000 0.5057450714 1
120.6000000000 0.5057573080 1
120.7000000000 0.5057695445 1
120.8000000000 0.5057817811 1
120.9000000000 0.5057940177 1
121.0000000000 0.5058062542 1
121.1000000000 0.5058184908 1
121.2000000000 0.5058307274 1
121.3000000000 0.5058429640 1
121.4000000000 0.5058552005 1
121.5000000000 0.5058674371 1
121.6000000000 0.5058796737 1
121.7000000000 0.5058919103 1
121.8000000000 0.5059041468 1
121.9000000000 0.5059163834 1
122.0000000000 0.5059286200 1
122.1000000000 0.5059408566 1
122.2000000000 0.5059530931 1
122.3000000000 0.5059653297 1
122.4000000000 0.5059775663 1
122.5000000000 0.5059898029 1
122.6000000000 0.5060020394 1
122.7000000000 0.5060142760 1
122.8000000000 0.5060265126 1
122.9000000000 0.5060387492 1
123.0000000000 0.5060509857 1
123.1000000000 0.5060632223 1
123.2000000000 0.5060754589 1
123.3000000000 0.5060876954 1
123.4000000000 0.5060999320 1
123.5000000000 0.5061121686 1
123.6000000000 0.5061244052 1
123.7000000000 0.5061366417 1
123.8000000000 0.5061488783 1
123.9000000000 0.5061611149 1
124.0000000000 0.5061733515 1
124.1000000000 0.5061855880 1
124.2000000000 0.5061978246 1
124.3000000000 0.5062100612 1
124.4000000000 0.5062222978 1
124.5000000000 0.5062345343 1
124.6000000000 0.5062467709 1
124.7000000000 0.5062590075 1
124.8000000000 0.5062712441 1
124.9000000000 0.5062834806 1
125.0000000000 0.5062957172 1
125.1000000000 0.5063079538 1
125.2000000000 0.5063201903 1
125.3000000000 0.5063324269 1
125.4000000000 0.5063446635 1
125.5000000000 0.5063569001 1
125.6000000000 0.5063691366 1
125.7000000000 0.5063813732 1
125.8000000000 0.5063936098 1
125.9000000000 0.5064058464 1
126.0000000000 0.5064180829 1
126.1000000000 0.5064303195 1
126.2000000000 0.5064425561 1
126.3000000000 0.5064547927 1
126.4000000000 0.5064670292 1
126.5000000000 0.5064792658 1
126.6000000000 0.5064915024 1
126.7000000000 0.5065037390 1
126.8000000000 0.5065159755 1
126.9000000000 0.5065282121 1
127.0000000000 0.5065404487 1
127.1000000000 0.5065526852 1
127.2000000000 0.5065649218 1
127.3000000000 0.5065771584 1
127.4000000000 0.5065893950 1
127.5000000000 0.5066016315 1
127.6000000000 0.5066138681 1
127.7000000000 0.5066261047 1
127.8000000000 0.5066383413 1
127.9000000000 0.5066505778 1
128.0000000000 0.5066628144 1
128.1000000000 0.5066750510 1
128.2000000000 0.5066872876 1
128.3000000000 0.5066995241 1
128.4000000000 0.5067117607 1
128.5000000000 0.5067239973 1
128.6000000000 0.5067362339 1
128.7000000000 0.5067484704 1
128.8000000000 0.5067607070 1
128.9000000000 0.5067729436 1
129.0000000000 0.5067851801 1
129.1000000000 0.5067974167 1
129.2000000000 0.5068096533 1
129.3000000000 0.5068218899 1
129.4000000000 0.5068341264 1
129.5000000000 0.5068463630 1
129.6000000000 0.5068585996 1
129.7000000000 0.5068708362 1
129.8000000000 0.5068830727 1
129.9000000000 0.5068953093 1
130.0000000000 0.5069075459 1
130.1000000000 0.5069197825 1
130.2000000000 0.5069320190 1
130.3000000000 0.5069442556 1
130.4000000000 0.5069564922 1
130.5000000000 0.5069687288 1
130.6000000000 0.5069809653 1
130.7000000000 0.5069932019 1
130.8000000000 0.5070054385 1
130.9000000000 0.5070176751 1
131.0000000000 0.5070299116 1
131.1000000000 0.5070421482 1
131.2000000000 0.5070543848 1
131.3000000000 0.5070666213 1
131.4000000000 0.5070788579 1
131.5000000000 0.5070910945 1
131.6000000000 0.5071033311 1
131.7000000000 0.5071155676 1
131.8000000000 0.5071278042 1
131.9000000000 0.5071400408 1
132.0000000000 0.5071522774 1
132.1000000000 0.5071645139 1
132.2000000000 0.5071767505 1
132.3000000000 0.5071889871 1
132.4000000000 0.5072012237 1
132.5000000000 0.5072134602 1
132.6000000000 0.5072256968 1
132.7000000000 0.5072379334 1
132.8000000000 0.5072501700 1
132.9000000000 0.5072624065 1
133.0000000000 0.5072746431 1
133.1000000000 0.5072868797 1
133.2000000000 0.5072991162 1
133.3000000000 0.5073113528 1
133.4000000000 0.5073235894 1
133.5000000000 0.5073358260 1
133.6000000000 0.5073480625 1
133.7000000000 0.5073602991 1
133.8000000000 0.5073725357 1
133.9000000000 0.5073847723 1
134.0000000000 0.5073970088 1
134.1000000000 0.5074092454 1
134.2000000000 0.5074214820 1
134.3000000000 0.5074337186 1
134.4000000000 0.5074459551 1
134.5000000000 0.5074581917 1
134.6000000000 0.5074704283 1
134.7000000000 0.5074826649 1
134.8000000000 0.5074949014 1
134.9000000000 0.5075071380 1
135.0000000000 0.5075193746 1
135.1000000000 0.5075316111 1
135.2000000000 0.5075438477 1
135.3000000000 0.5075560843 1
135.4000000000 0.5075683209 1
135.5000000000 0.5075805574 1
135.6000000000 0.5075927940 1
135.7000000000 0.5076050306 1
135.8000000000 0.5076172672 1
135.9000000000 0.5076295037 1
136.0000000000 0.5076417403 1
136.1000000000 0.5076539769 1
136.2000000000 0.5076662135 1
136.3000000000 0.5076784500 1
136.4000000000 0.5076906866 1
136.5000000000 0.5077029232 1
136.6000000000 0.5077151598 1
136.7000000000 0.5077273963 1
136.8000000000 0.5077396329 1
136.9000000000 0.5077518695 1
137.0000000000 0.5077641061 1
137.1000000000 0.5077763426 1
137.2000000000 0.5077885792 1
137.3000000000 0.5078008158 1
137.4000000000 0.5078130523 1
137.5000000000 0.5078252889 1
137.6000000000 0.5078375255 1
137.7000000000 0.5078497621 1
137.8000000000 0.5078619986 1
137.9000000000 0.5078742352 1
138.0000000000 0.5078864718 1
138.1000000000 0.5078987084 1
138.2000000000 0.5079109449 1
138.3000000000 0.5079231815 1
138.4000000000 0.5079354181 1
138.5000000000 0.5079476547 1
138.6000000000 0.5079598912 1
138.7000000000 0.5079721278 1
138.8000000000 0.5079843644 1
138.9000000000 0.5079966010 1
139.0000000000 0.5080088375 1
139.1000000000 0.5080210741 1
139.2000000000 0.5080333107 1
139.3000000000 0.5080455472 1
139.4000000000 0.5080577838 1
139.5000000000 0.5080700204 1
139.6000000000 0.5080822570 1
139.7000000000 0.5080944935 1
139.8000000000 0.5081067301 1
139.9000000000 0.5081189667 1
140.0000000000 0.5081312033 1
140.1000000000 0.5081434398 1
140.2000000000 0.5081556764 1
140.3000000000 0.5081679130 1
140.4000000000 0.5081801496 1
140.5000000000 0.5081923861 1
140.6000000000 0.5082046227 1
140.7000000000 0.5082168593 1
140.8000000000 0.5082290959 1
140.9000000000 0.5082413324 1
141.0000000000 0.5082535690 1
141.1000000000 0.5082658056 1
141.2000000000 0.5082780421 1
141.3000000000 0.5082902787 1
141.4000000000 0.5083025153 1
141.5000000000 0.5083147519 1
141.6000000000 0.5083269884 1
141.7000000000 0.5083392250 1
141.8000000000 0.5083514616 1
141.9000000000 0.5083636982 1
142.0000000000 0.5083759347 1
142.1000000000 0.5083881713 1
142.2000000000 0.5084004079 1
142.3000000000 0.5084126445 1
142.4000000000 0.5084248810 1
142.5000000000 0.5084371176 1
142.6000000000 0.5084493542 1
142.7000000000 0.5084615908 1
142.8000000000 0.5084738273 1
142.9000000000 0.5084860639 1
143.0000000000 0.5084983005 1
143.1000000000 0.5085105370 1
143.2000000000 0.5085227736 1
143.3000000000 0.5085350102 1
143.4000000000 0.5085472468 1
143.5000000000 0.5085594833 1
143.6000000000 0.5085717199 1
143.7000000000 0.5085839565 1
143.8000000000 0.5085961931 1
143.9000000000 0.5086084296 1
144.0000000000 0.5086206662 1
144.1000000000 0.5086329028 1
144.2000000000 0.5086451394 1
144.3000000000 0.5086573759 1
144.4000000000 0.5086696125 1
144.5000000000 0.5086818491 1
144.6000000000 0.5086940857 1
144.7000000000 0.5087063222 1
144.8000000000 0.5087185588 1
144.9000000000 0.5087307954 1
145.0000000000 0.5087430320 1
145.1000000000 0.5087552685 1
145.2000000000 0.5087675051 1
145.3000000000 0.5087797417 1
145.4000000000 0.5087919782 1
145.5000000000 0.5088042148 1
145.6000000000 0.5088164514 1
145.7000000000 0.5088286880 1
145.8000000000 0.5088409245 1
145.9000000000 0.5088531611 1
146.0000000000 0.5088653977 1
146.1000000000 0.5088776343 1
146.2000000000 0.5088898708 1
146.3000000000 0.5089021074 1
146.4000000000 0.5089143440 1
146.5000000000 0.5089265806 1
146.6000000000 0.5089388171 1
146.7000000000 0.5089510537 1
146.8000000000 0.5089632903 1
146.9000000000 0.5089755269 1
147.0000000000 0.5089877634 1
147.1000000000 0.5090000000 1
