z[um]	w[um]	pcm(0:si, 1:cpcm, 2:apcm)
0.0000000000 0.4000000000 2
0.1000000000 0.4010000000 2
0.2000000000 0.4020000000 2
0.3000000000 0.4030000000 2
0.4000000000 0.4040000000 2
0.5000000000 0.4050000000 2
0.6000000000 0.4060000000 2
0.7000000000 0.4070000000 2
0.8000000000 0.4080000000 2
0.9000000000 0.4090000000 2
1.0000000000 0.4100000000 2
1.1000000000 0.4110000000 2
1.2000000000 0.4120000000 2
1.3000000000 0.4130000000 2
1.4000000000 0.4140000000 2
1.5000000000 0.4150000000 2
1.6000000000 0.4160000000 2
1.7000000000 0.4170000000 2
1.8000000000 0.4180000000 2
1.9000000000 0.4190000000 2
2.0000000000 0.4200000000 2
2.1000000000 0.4210000000 2
2.2000000000 0.4220000000 2
2.3000000000 0.4230000000 2
2.4000000000 0.4240000000 2
2.5000000000 0.4250000000 2
2.6000000000 0.4260000000 2
2.7000000000 0.4270000000 2
2.8000000000 0.4280000000 2
2.9000000000 0.4290000000 2
3.0000000000 0.4300000000 2
3.1000000000 0.4310000000 2
3.2000000000 0.4320000000 2
3.3000000000 0.4330000000 2
3.4000000000 0.4340000000 2
3.5000000000 0.4350000000 2
3.6000000000 0.4360000000 2
3.7000000000 0.4370000000 2
3.8000000000 0.4380000000 2
3.9000000000 0.4390000000 2
4.0000000000 0.4400000000 2
4.1000000000 0.4410000000 2
4.2000000000 0.4420000000 2
4.3000000000 0.4430000000 2
4.4000000000 0.4440000000 2
4.5000000000 0.4450000000 2
4.6000000000 0.4460000000 2
4.7000000000 0.4470000000 2
4.8000000000 0.4480000000 2
4.9000000000 0.4490000000 2
5.0000000000 0.4500000000 2
5.1000000000 0.4510000000 2
5.2000000000 0.4520000000 2
5.3000000000 0.4530000000 2
5.4000000000 0.4540000000 2
5.5000000000 0.4550000000 2
5.6000000000 0.4560000000 2
5.7000000000 0.4570000000 2
5.8000000000 0.4580000000 2
5.9000000000 0.4590000000 2
6.0000000000 0.4600000000 2
6.1000000000 0.4610000000 2
6.2000000000 0.4620000000 2
6.3000000000 0.4630000000 2
6.4000000000 0.4640000000 2
6.5000000000 0.4650000000 2
6.6000000000 0.4660000000 2
6.7000000000 0.4670000000 2
6.8000000000 0.4680000000 2
6.9000000000 0.4690000000 2
7.0000000000 0.4700000000 2
7.1000000000 0.4710000000 2
7.2000000000 0.4720000000 2
7.3000000000 0.4730000000 2
7.4000000000 0.4740000000 2
7.5000000000 0.4750000000 2
7.6000000000 0.4760000000 2
7.7000000000 0.4770000000 2
7.8000000000 0.4780000000 2
7.9000000000 0.4790000000 2
8.0000000000 0.4800000000 2
8.1000000000 0.4810000000 2
8.2000000000 0.4820000000 2
8.3000000000 0.4830000000 2
8.4000000000 0.4840000000 2
8.5000000000 0.4850000000 2
8.6000000000 0.4860000000 2
8.7000000000 0.4870000000 2
8.8000000000 0.4880000000 2
8.9000000000 0.4890000000 2
9.0000000000 0.4900000000 2
9.1000000000 0.4910000000 2
9.2000000000 0.4920000000 2
9.3000000000 0.4930000000 2
9.4000000000 0.4940000000 2
9.5000000000 0.4950000000 2
9.6000000000 0.4960000000 2
9.7000000000 0.4970000000 2
9.8000000000 0.4980000000 2
9.9000000000 0.4990000000 2
10.0000000000 0.5000000000 2
