	1.530	1.540	1.550	1.560	1.570
0	0.9514738964	0.9851455568	0.9997654488	0.9902432124	0.9519295429
.10	0.9533414565	0.9862647145	0.9998949656	0.9891441070	0.9493976928
.20	0.9533414565	0.9862647145	0.9998949656	0.9891441070	0.9493976928
.30	0.9533414565	0.9862647145	0.9998949656	0.9891441070	0.9493976928
.40	0.9551737619	0.9873404205	0.9999731372	0.9879872617	0.9468049182
.50	0.9551737619	0.9873404205	0.9999731372	0.9879872617	0.9468049182
.60	0.9569703325	0.9883724030	0.9999999858	0.9867730905	0.9441521276
.70	0.9569703325	0.9883724030	0.9999999858	0.9867730905	0.9441521276
.80	0.9587307206	0.9893604292	0.9999755794	0.9855020594	0.9414402861
.90	0.9604545111	0.9903043055	0.9999000318	0.9841746863	0.9386704153
1.00	0.9604545111	0.9903043055	0.9999000318	0.9841746863	0.9386704153
1.10	0.9621413217	0.9912038772	0.9997735024	0.9827915404	0.9358435924
1.20	0.9621413217	0.9912038772	0.9997735024	0.9827915404	0.9358435924
1.30	0.9637908028	0.9920590290	0.9995961960	0.9813532425	0.9329609496
1.40	0.9637908028	0.9920590290	0.9995961960	0.9813532425	0.9329609496
1.50	0.9654026376	0.9928696845	0.9993683627	0.9798604635	0.9300236735
1.60	0.9654026376	0.9928696845	0.9993683627	0.9798604635	0.9300236735
1.70	0.9654026376	0.9928696845	0.9993683627	0.9798604635	0.9300236735
1.80	0.9669765422	0.9936358064	0.9990902976	0.9783139250	0.9270330043
1.90	0.9669765422	0.9936358064	0.9990902976	0.9783139250	0.9270330043
2.00	0.9685122657	0.9943573960	0.9987623406	0.9767143982	0.9239902350
2.10	0.9700095899	0.9950344936	0.9983848759	0.9750627034	0.9208967105
2.20	0.9700095899	0.9950344936	0.9983848759	0.9750627034	0.9208967105
2.30	0.9700095899	0.9950344936	0.9983848759	0.9750627034	0.9208967105
2.40	0.9714683294	0.9956671779	0.9979583318	0.9733597096	0.9177538267
2.50	0.9714683294	0.9956671779	0.9979583318	0.9733597096	0.9177538267
2.60	0.9728883314	0.9962555659	0.9974831803	0.9716063336	0.9145630298
2.70	0.9742694757	0.9967998126	0.9969599364	0.9698035396	0.9113258148
2.80	0.9742694757	0.9967998126	0.9969599364	0.9698035396	0.9113258148
2.90	0.9742694757	0.9967998126	0.9969599364	0.9698035396	0.9113258148
3.00	0.9756116746	0.9973001109	0.9963891581	0.9679523382	0.9080437250
3.10	0.9769148726	0.9977566909	0.9957714453	0.9660537860	0.9047183507
3.20	0.9769148726	0.9977566909	0.9957714453	0.9660537860	0.9047183507
3.30	0.9769148726	0.9977566909	0.9957714453	0.9660537860	0.9047183507
3.40	0.9781790463	0.9981698200	0.9951074399	0.9641089842	0.9013513278
3.50	0.9794042038	0.9985398020	0.9943978243	0.9621190782	0.8979443371
3.60	0.9794042038	0.9985398020	0.9943978243	0.9621190782	0.8979443371
3.70	0.9805903851	0.9988669774	0.9936433220	0.9600852569	0.8944991029
3.80	0.9805903851	0.9988669774	0.9936433220	0.9600852569	0.8944991029
3.90	0.9805903851	0.9988669774	0.9936433220	0.9600852569	0.8944991029
4.00	0.9817376612	0.9991517220	0.9928446957	0.9580087509	0.8910173916
4.10	0.9817376612	0.9991517220	0.9928446957	0.9580087509	0.8910173916
4.20	0.9828461343	0.9993944474	0.9920027473	0.9558908327	0.8875010106
4.30	0.9828461343	0.9993944474	0.9920027473	0.9558908327	0.8875010106
4.40	0.9839159370	0.9995955997	0.9911183173	0.9537328146	0.8839518069
4.50	0.9839159370	0.9995955997	0.9911183173	0.9537328146	0.8839518069
4.60	0.9849472320	0.9997556593	0.9901922833	0.9515360483	0.8803716657
4.70	0.9859402122	0.9998751404	0.9892255600	0.9493019238	0.8767625090
4.80	0.9859402122	0.9998751404	0.9892255600	0.9493019238	0.8767625090
4.90	0.9868950997	0.9999545903	0.9882190977	0.9470318679	0.8731262942
5.00	0.9868950997	0.9999545903	0.9882190977	0.9470318679	0.8731262942
5.10	0.9868950997	0.9999545903	0.9882190977	0.9470318679	0.8731262942
5.20	0.9878121455	0.9999945887	0.9871738820	0.9447273434	0.8694650127
5.30	0.9878121455	0.9999945887	0.9871738820	0.9447273434	0.8694650127
5.40	0.9886916293	0.9999957470	0.9860909325	0.9423898479	0.8657806882
5.50	0.9895338587	0.9999587078	0.9849713020	0.9400209122	0.8620753752
5.60	0.9895338587	0.9999587078	0.9849713020	0.9400209122	0.8620753752
5.70	0.9903391688	0.9998841441	0.9838160756	0.9376220996	0.8583511576
5.80	0.9903391688	0.9998841441	0.9838160756	0.9376220996	0.8583511576
5.90	0.9911079217	0.9997727585	0.9826263696	0.9351950042	0.8546101470
6.00	0.9911079217	0.9997727585	0.9826263696	0.9351950042	0.8546101470
6.10	0.9911079217	0.9997727585	0.9826263696	0.9351950042	0.8546101470
6.20	0.9918405058	0.9996252826	0.9814033306	0.9327412499	0.8508544810
6.30	0.9918405058	0.9996252826	0.9814033306	0.9327412499	0.8508544810
6.40	0.9925373355	0.9994424759	0.9801481343	0.9302624888	0.8470863216
6.50	0.9925373355	0.9994424759	0.9801481343	0.9302624888	0.8470863216
6.60	0.9931988500	0.9992251252	0.9788619846	0.9277604000	0.8433078537
6.70	0.9938255136	0.9989740440	0.9775461125	0.9252366882	0.8395212830
6.80	0.9938255136	0.9989740440	0.9775461125	0.9252366882	0.8395212830
6.90	0.9944178142	0.9986900709	0.9762017748	0.9226930822	0.8357288346
7.00	0.9944178142	0.9986900709	0.9762017748	0.9226930822	0.8357288346
7.10	0.9944178142	0.9986900709	0.9762017748	0.9226930822	0.8357288346
7.20	0.9949762630	0.9983740695	0.9748302531	0.9201313336	0.8319327513
7.30	0.9949762630	0.9983740695	0.9748302531	0.9201313336	0.8319327513
7.40	0.9955013938	0.9980269272	0.9734328526	0.9175532152	0.8281352916
7.50	0.9959937622	0.9976495540	0.9720109009	0.9149605196	0.8243387280
7.60	0.9959937622	0.9976495540	0.9720109009	0.9149605196	0.8243387280
7.70	0.9964539452	0.9972428821	0.9705657470	0.9123550579	0.8205453453
7.80	0.9964539452	0.9972428821	0.9705657470	0.9123550579	0.8205453453
7.90	0.9968825398	0.9968078644	0.9690987597	0.9097386578	0.8167574388
8.00	0.9968825398	0.9968078644	0.9690987597	0.9097386578	0.8167574388
8.10	0.9968825398	0.9968078644	0.9690987597	0.9097386578	0.8167574388
8.20	0.9972801631	0.9963454739	0.9676113265	0.9071131624	0.8129773123
8.30	0.9976474506	0.9958567025	0.9661048528	0.9044804284	0.8092072764
8.40	0.9976474506	0.9958567025	0.9661048528	0.9044804284	0.8092072764
8.50	0.9976474506	0.9958567025	0.9661048528	0.9044804284	0.8092072764
8.60	0.9979850562	0.9953425600	0.9645807597	0.9018423248	0.8054496467
8.70	0.9979850562	0.9953425600	0.9645807597	0.9018423248	0.8054496467
8.80	0.9982936512	0.9948040733	0.9630404837	0.8992007313	0.8017067419
8.90	0.9985739230	0.9942422849	0.9614854746	0.8965575363	0.7979808819
9.00	0.9985739230	0.9942422849	0.9614854746	0.8965575363	0.7979808819
9.10	0.9985739230	0.9942422849	0.9614854746	0.8965575363	0.7979808819
9.20	0.9988265749	0.9936582525	0.9599171947	0.8939146359	0.7942743860
9.30	0.9990523249	0.9930530472	0.9583371173	0.8912739322	0.7905895711
9.40	0.9990523249	0.9930530472	0.9583371173	0.8912739322	0.7905895711
9.50	0.9992519052	0.9924277530	0.9567467253	0.8886373312	0.7869287497
9.60	0.9992519052	0.9924277530	0.9567467253	0.8886373312	0.7869287497
9.70	0.9992519052	0.9924277530	0.9567467253	0.8886373312	0.7869287497
9.80	0.9994260608	0.9917834655	0.9551475101	0.8860067417	0.7832942280
9.90	0.9995755490	0.9911212905	0.9535409699	0.8833840736	0.7796883044
10.00	0.9995755490	0.9911212905	0.9535409699	0.8833840736	0.7796883044
10.10	0.9995755490	0.9911212905	0.9535409699	0.8833840736	0.7796883044
10.20	0.9997011386	0.9904423436	0.9519286086	0.8807712362	0.7761132671
10.30	0.9998036088	0.9897477484	0.9503119344	0.8781701364	0.7725713928
10.40	0.9998036088	0.9897477484	0.9503119344	0.8781701364	0.7725713928
10.50	0.9998036088	0.9897477484	0.9503119344	0.8781701364	0.7725713928
10.60	0.9998837484	0.9890386358	0.9486924584	0.8755826776	0.7690649444
10.70	0.9998837484	0.9890386358	0.9486924584	0.8755826776	0.7690649444
10.80	0.9999423547	0.9883161427	0.9470716931	0.8730107576	0.7655961696
10.90	0.9999802329	0.9875814109	0.9454511514	0.8704562672	0.7621672984
11.00	0.9999802329	0.9875814109	0.9454511514	0.8704562672	0.7621672984
11.10	0.9999802329	0.9875814109	0.9454511514	0.8704562672	0.7621672984
11.20	0.9999981953	0.9868355861	0.9438323450	0.8679210884	0.7587805423
11.30	0.9999970597	0.9860798165	0.9422167828	0.8654070934	0.7554380914
11.40	0.9999970597	0.9860798165	0.9422167828	0.8654070934	0.7554380914
11.50	0.9999776494	0.9853152519	0.9406059701	0.8629161421	0.7521421136
11.60	0.9999776494	0.9853152519	0.9406059701	0.8629161421	0.7521421136
11.70	0.9999776494	0.9853152519	0.9406059701	0.8629161421	0.7521421136
11.80	0.9999407914	0.9845430425	0.9390014066	0.8604500813	0.7488947519
11.90	0.9998873163	0.9837643378	0.9374045857	0.8580107426	0.7456981235
12.00	0.9998873163	0.9837643378	0.9374045857	0.8580107426	0.7456981235
12.10	0.9998873163	0.9837643378	0.9374045857	0.8580107426	0.7456981235
12.20	0.9998180567	0.9829802854	0.9358169926	0.8555999414	0.7425543176
12.30	0.9997338468	0.9821920298	0.9342401033	0.8532194747	0.7394653937
12.40	0.9997338468	0.9821920298	0.9342401033	0.8532194747	0.7394653937
12.50	0.9997338468	0.9821920298	0.9342401033	0.8532194747	0.7394653937
12.60	0.9996355210	0.9814007117	0.9326753830	0.8508711199	0.7364333801
12.70	0.9996355210	0.9814007117	0.9326753830	0.8508711199	0.7364333801
12.80	0.9995239135	0.9806074664	0.9311242850	0.8485566335	0.7334602720
12.90	0.9993998569	0.9798134227	0.9295882496	0.8462777493	0.7305480301
13.00	0.9993998569	0.9798134227	0.9295882496	0.8462777493	0.7305480301
13.10	0.9993998569	0.9798134227	0.9295882496	0.8462777493	0.7305480301
13.20	0.9992641819	0.9790197024	0.9280687020	0.8440361768	0.7276985791
13.30	0.9991177157	0.9782274183	0.9265670519	0.8418336002	0.7249138054
13.40	0.9991177157	0.9782274183	0.9265670519	0.8418336002	0.7249138054
13.50	0.9989612815	0.9774376740	0.9250846919	0.8396716765	0.7221955566
13.60	0.9989612815	0.9774376740	0.9250846919	0.8396716765	0.7221955566
13.70	0.9989612815	0.9774376740	0.9250846919	0.8396716765	0.7221955566
13.80	0.9987956977	0.9766515622	0.9236229958	0.8375520344	0.7195456391
13.90	0.9986217767	0.9758701639	0.9221833183	0.8354762727	0.7169658170
14.00	0.9986217767	0.9758701639	0.9221833183	0.8354762727	0.7169658170
14.10	0.9986217767	0.9758701639	0.9221833183	0.8354762727	0.7169658170
14.20	0.9984403244	0.9750945475	0.9207669929	0.8334459591	0.7144578109
14.30	0.9982521388	0.9743257674	0.9193753311	0.8314626288	0.7120232957
14.40	0.9982521388	0.9743257674	0.9193753311	0.8314626288	0.7120232957
14.50	0.9982521388	0.9743257674	0.9193753311	0.8314626288	0.7120232957
14.60	0.9980580100	0.9735648631	0.9180096213	0.8295277831	0.7096639001
14.70	0.9980580100	0.9735648631	0.9180096213	0.8295277831	0.7096639001
14.80	0.9978587183	0.9728128585	0.9166711272	0.8276428882	0.7073812046
14.90	0.9976550343	0.9720707605	0.9153610874	0.8258093738	0.7051767407
15.00	0.9976550343	0.9720707605	0.9153610874	0.8258093738	0.7051767407
15.10	0.9976550343	0.9720707605	0.9153610874	0.8258093738	0.7051767407
15.20	0.9974477176	0.9713395583	0.9140807135	0.8240286323	0.7030519893
15.30	0.9972375160	0.9706202222	0.9128311895	0.8223020170	0.7010083793
15.40	0.9972375160	0.9706202222	0.9128311895	0.8223020170	0.7010083793
15.50	0.9970251649	0.9699137030	0.9116136704	0.8206308414	0.6990472872
15.60	0.9970251649	0.9699137030	0.9116136704	0.8206308414	0.6990472872
15.70	0.9970251649	0.9699137030	0.9116136704	0.8206308414	0.6990472872
15.80	0.9968113863	0.9692209307	0.9104292818	0.8190163780	0.6971700349
15.90	0.9965968883	0.9685428139	0.9092791179	0.8174598569	0.6953778896
16.00	0.9965968883	0.9685428139	0.9092791179	0.8174598569	0.6953778896
16.10	0.9963823642	0.9678802388	0.9081642413	0.8159624652	0.6936720621
16.20	0.9963823642	0.9678802388	0.9081642413	0.8159624652	0.6936720621
16.30	0.9961684917	0.9672340684	0.9070856819	0.8145253456	0.6920537060
16.40	0.9961684917	0.9672340684	0.9070856819	0.8145253456	0.6920537060
16.50	0.9961684917	0.9672340684	0.9070856819	0.8145253456	0.6920537060
16.60	0.9959559324	0.9666051417	0.9060444356	0.8131495956	0.6905239167
16.70	0.9959559324	0.9666051417	0.9060444356	0.8131495956	0.6905239167
16.80	0.9957453309	0.9659942726	0.9050414639	0.8118362666	0.6890837308
16.90	0.9957453309	0.9659942726	0.9050414639	0.8118362666	0.6890837308
17.00	0.9955373141	0.9654022495	0.9040776926	0.8105863629	0.6877341246
17.10	0.9953324909	0.9648298345	0.9031540113	0.8094008409	0.6864760139
17.20	0.9953324909	0.9648298345	0.9031540113	0.8094008409	0.6864760139
17.30	0.9951314510	0.9642777624	0.9022712725	0.8082806080	0.6853102530
17.40	0.9951314510	0.9642777624	0.9022712725	0.8082806080	0.6853102530
17.50	0.9949347650	0.9637467403	0.9014302906	0.8072265225	0.6842376340
17.60	0.9949347650	0.9637467403	0.9014302906	0.8072265225	0.6842376340
17.70	0.9949347650	0.9637467403	0.9014302906	0.8072265225	0.6842376340
17.80	0.9947429831	0.9632374465	0.9006318416	0.8062393921	0.6832588861
17.90	0.9947429831	0.9632374465	0.9006318416	0.8062393921	0.6832588861
18.00	0.9945566348	0.9627505306	0.8998766619	0.8053199736	0.6823746750
18.10	0.9943762286	0.9622866118	0.8991654482	0.8044689722	0.6815856025
18.20	0.9943762286	0.9622866118	0.8991654482	0.8044689722	0.6815856025
18.30	0.9942022511	0.9618462796	0.8984988564	0.8036870409	0.6808922058
18.40	0.9942022511	0.9618462796	0.8984988564	0.8036870409	0.6808922058
18.50	0.9942022511	0.9618462796	0.8984988564	0.8036870409	0.6808922058
18.60	0.9940351666	0.9614300919	0.8978775011	0.8029747799	0.6802949573
18.70	0.9940351666	0.9614300919	0.8978775011	0.8029747799	0.6802949573
18.80	0.9938754169	0.9610385755	0.8973019552	0.8023327361	0.6797942637
18.90	0.9938754169	0.9610385755	0.8973019552	0.8023327361	0.6797942637
19.00	0.9937234203	0.9606722253	0.8967727496	0.8017614026	0.6793904664
19.10	0.9935795716	0.9603315033	0.8962903719	0.8012612185	0.6790838406
19.20	0.9935795716	0.9603315033	0.8962903719	0.8012612185	0.6790838406
19.30	0.9934442417	0.9600168390	0.8958552669	0.8008325679	0.6788745953
19.40	0.9934442417	0.9600168390	0.8958552669	0.8008325679	0.6788745953
19.50	0.9933177768	0.9597286284	0.8954678356	0.8004757804	0.6787628733
19.60	0.9933177768	0.9597286284	0.8954678356	0.8004757804	0.6787628733
19.70	0.9933177768	0.9597286284	0.8954678356	0.8004757804	0.6787628733
19.80	0.9932004984	0.9594672338	0.8951284353	0.8001911302	0.6787487507
19.90	0.9932004984	0.9594672338	0.8951284353	0.8001911302	0.6787487507
20.00	0.9930927031	0.9592329837	0.8948373785	0.7999788362	0.6788322371
20.10	0.9929946618	0.9590261718	0.8945949337	0.7998390616	0.6790132757
20.20	0.9929946618	0.9590261718	0.8945949337	0.7998390616	0.6790132757
20.30	0.9929066199	0.9588470576	0.8944013243	0.7997719139	0.6792917430
20.40	0.9929066199	0.9588470576	0.8944013243	0.7997719139	0.6792917430
20.50	0.9929066199	0.9588470576	0.8944013243	0.7997719139	0.6792917430
20.60	0.9928287966	0.9586958654	0.8942567286	0.7997774447	0.6796674490
20.70	0.9928287966	0.9586958654	0.8942567286	0.7997774447	0.6796674490
20.80	0.9927613852	0.9585727847	0.8941612800	0.7998556498	0.6801401378
20.90	0.9927613852	0.9585727847	0.8941612800	0.7998556498	0.6801401378
21.00	0.9927045524	0.9584779694	0.8941150663	0.8000064691	0.6807094870
21.10	0.9926584384	0.9584115383	0.8941181302	0.8002297865	0.6813751089
21.20	0.9926584384	0.9584115383	0.8941181302	0.8002297865	0.6813751089
21.30	0.9926231567	0.9583735743	0.8941704688	0.8005254303	0.6821365499
21.40	0.9926231567	0.9583735743	0.8941704688	0.8005254303	0.6821365499
21.50	0.9925987941	0.9583641251	0.8942720340	0.8008931734	0.6829932915
21.60	0.9925987941	0.9583641251	0.8942720340	0.8008931734	0.6829932915
21.70	0.9925987941	0.9583641251	0.8942720340	0.8008931734	0.6829932915
21.80	0.9925854103	0.9583832023	0.8944227321	0.8013327329	0.6839447508
21.90	0.9925854103	0.9583832023	0.8944227321	0.8013327329	0.6839447508
22.00	0.9925830382	0.9584307822	0.8946224242	0.8018437710	0.6849902803
22.10	0.9925916835	0.9585068052	0.8948709263	0.8024258952	0.6861291692
22.20	0.9925916835	0.9585068052	0.8948709263	0.8024258952	0.6861291692
22.30	0.9926113252	0.9586111763	0.8951680095	0.8030786581	0.6873606435
22.40	0.9926113252	0.9586111763	0.8951680095	0.8030786581	0.6873606435
22.50	0.9926113252	0.9586111763	0.8951680095	0.8030786581	0.6873606435
22.60	0.9926419149	0.9587437648	0.8955133998	0.8038015584	0.6886838669
22.70	0.9926419149	0.9587437648	0.8955133998	0.8038015584	0.6886838669
22.80	0.9926833775	0.9589044047	0.8959067790	0.8045940412	0.6900979412
22.90	0.9926833775	0.9589044047	0.8959067790	0.8045940412	0.6900979412
23.00	0.9927356112	0.9590928949	0.8963477845	0.8054554980	0.6916019077
23.10	0.9927984871	0.9593089990	0.8968360097	0.8063852680	0.6931947469
23.20	0.9927984871	0.9593089990	0.8968360097	0.8063852680	0.6931947469
23.30	0.9928718498	0.9595524461	0.8973710046	0.8073826381	0.6948753806
23.40	0.9928718498	0.9595524461	0.8973710046	0.8073826381	0.6948753806
23.50	0.9929555177	0.9598229306	0.8979522760	0.8084468436	0.6966426718
23.60	0.9929555177	0.9598229306	0.8979522760	0.8084468436	0.6966426718
23.70	0.9929555177	0.9598229306	0.8979522760	0.8084468436	0.6966426718
23.80	0.9930492825	0.9601201126	0.8985792879	0.8095770690	0.6984954261
23.90	0.9930492825	0.9601201126	0.8985792879	0.8095770690	0.6984954261
24.00	0.9931529101	0.9604436184	0.8992514622	0.8107724487	0.7004323926
24.10	0.9932661405	0.9607930407	0.8999681791	0.8120320677	0.7024522651
24.20	0.9932661405	0.9607930407	0.8999681791	0.8120320677	0.7024522651
24.30	0.9933886883	0.9611679389	0.9007287775	0.8133549622	0.7045536828
24.40	0.9933886883	0.9611679389	0.9007287775	0.8133549622	0.7045536828
24.50	0.9933886883	0.9611679389	0.9007287775	0.8133549622	0.7045536828
24.60	0.9935202425	0.9615678397	0.9015325558	0.8147401206	0.7067352319
24.70	0.9935202425	0.9615678397	0.9015325558	0.8147401206	0.7067352319
24.80	0.9936604676	0.9619922377	0.9023787727	0.8161864847	0.7089954462
24.90	0.9936604676	0.9619922377	0.9023787727	0.8161864847	0.7089954462
25.00	0.9938090033	0.9624405953	0.9032666473	0.8176929498	0.7113328089
25.10	0.9939654650	0.9629123440	0.9041953604	0.8192583664	0.7137457535
25.20	0.9939654650	0.9629123440	0.9041953604	0.8192583664	0.7137457535
25.30	0.9941294444	0.9634068841	0.9051640549	0.8208815410	0.7162326653
25.40	0.9941294444	0.9634068841	0.9051640549	0.8208815410	0.7162326653
25.50	0.9943005098	0.9639235862	0.9061718367	0.8225612367	0.7187918822
25.60	0.9943005098	0.9639235862	0.9061718367	0.8225612367	0.7187918822
25.70	0.9943005098	0.9639235862	0.9061718367	0.8225612367	0.7187918822
25.80	0.9944782066	0.9644617908	0.9072177755	0.8242961749	0.7214216970
25.90	0.9944782066	0.9644617908	0.9072177755	0.8242961749	0.7214216970
26.00	0.9946620577	0.9650208099	0.9083009054	0.8260850360	0.7241203580
26.10	0.9948515639	0.9655999270	0.9094202262	0.8279264604	0.7268860708
26.20	0.9948515639	0.9655999270	0.9094202262	0.8279264604	0.7268860708
26.30	0.9950462049	0.9661983979	0.9105747040	0.8298190503	0.7297169997
26.40	0.9950462049	0.9661983979	0.9105747040	0.8298190503	0.7297169997
26.50	0.9950462049	0.9661983979	0.9105747040	0.8298190503	0.7297169997
26.60	0.9952454390	0.9668154517	0.9117632722	0.8317613701	0.7326112692
26.70	0.9952454390	0.9668154517	0.9117632722	0.8317613701	0.7326112692
26.80	0.9954487045	0.9674502911	0.9129848325	0.8337519482	0.7355669656
26.90	0.9954487045	0.9674502911	0.9129848325	0.8337519482	0.7355669656
27.00	0.9956554199	0.9681020938	0.9142382558	0.8357892781	0.7385821386
27.10	0.9958649844	0.9687700125	0.9155223834	0.8378718196	0.7416548026
27.20	0.9958649844	0.9687700125	0.9155223834	0.8378718196	0.7416548026
27.30	0.9960767789	0.9694531763	0.9168360276	0.8399980003	0.7447829387
27.40	0.9960767789	0.9694531763	0.9168360276	0.8399980003	0.7447829387
27.50	0.9962901661	0.9701506915	0.9181779735	0.8421662165	0.7479644964
27.60	0.9962901661	0.9701506915	0.9181779735	0.8421662165	0.7479644964
27.70	0.9962901661	0.9701506915	0.9181779735	0.8421662165	0.7479644964
27.80	0.9965044918	0.9708616420	0.9195469795	0.8443748353	0.7511973948
27.90	0.9965044918	0.9708616420	0.9195469795	0.8443748353	0.7511973948
28.00	0.9967190851	0.9715850907	0.9209417785	0.8466221953	0.7544795248
28.10	0.9969332594	0.9723200801	0.9223610793	0.8489066086	0.7578087505
28.20	0.9969332594	0.9723200801	0.9223610793	0.8489066086	0.7578087505
28.30	0.9971463128	0.9730656335	0.9238035676	0.8512263616	0.7611829111
28.40	0.9971463128	0.9730656335	0.9238035676	0.8512263616	0.7611829111
28.50	0.9971463128	0.9730656335	0.9238035676	0.8512263616	0.7611829111
28.60	0.9973575292	0.9738207555	0.9252679070	0.8535797172	0.7645998227
28.70	0.9973575292	0.9738207555	0.9252679070	0.8535797172	0.7645998227
28.80	0.9975661790	0.9745844335	0.9267527408	0.8559649155	0.7680572799
28.90	0.9975661790	0.9745844335	0.9267527408	0.8559649155	0.7680572799
29.00	0.9977715194	0.9753556381	0.9282566923	0.8583801761	0.7715530577
29.10	0.9979727960	0.9761333248	0.9297783670	0.8608236990	0.7750849135
29.20	0.9979727960	0.9761333248	0.9297783670	0.8608236990	0.7750849135
29.30	0.9981692427	0.9769164341	0.9313163532	0.8632936663	0.7786505885
29.40	0.9981692427	0.9769164341	0.9313163532	0.8632936663	0.7786505885
29.50	0.9983600833	0.9777038935	0.9328692236	0.8657882440	0.7822478100
29.60	0.9983600833	0.9777038935	0.9328692236	0.8657882440	0.7822478100
29.70	0.9983600833	0.9777038935	0.9328692236	0.8657882440	0.7822478100
29.80	0.9985445319	0.9784946178	0.9344355363	0.8683055832	0.7858742927
29.90	0.9985445319	0.9784946178	0.9344355363	0.8683055832	0.7858742927
30.00	0.9987217938	0.9792875106	0.9360138365	0.8708438219	0.7895277411
30.10	0.9988910662	0.9800814650	0.9376026576	0.8734010865	0.7932058510
30.20	0.9988910662	0.9800814650	0.9376026576	0.8734010865	0.7932058510
30.30	0.9990515396	0.9808753650	0.9392005222	0.8759754935	0.7969063115
30.40	0.9990515396	0.9808753650	0.9392005222	0.8759754935	0.7969063115
30.50	0.9990515396	0.9808753650	0.9392005222	0.8759754935	0.7969063115
30.60	0.9992023980	0.9816680863	0.9408059441	0.8785651508	0.8006268068
30.70	0.9992023980	0.9816680863	0.9408059441	0.8785651508	0.8006268068
30.80	0.9993428202	0.9824584979	0.9424174291	0.8811681597	0.8043650182
30.90	0.9993428202	0.9824584979	0.9424174291	0.8811681597	0.8043650182
31.00	0.9994719805	0.9832454624	0.9440334767	0.8837826163	0.8081186258
31.10	0.9995890497	0.9840278379	0.9456525811	0.8864066131	0.8118853102
31.20	0.9995890497	0.9840278379	0.9456525811	0.8864066131	0.8118853102
31.30	0.9996931959	0.9848044786	0.9472732329	0.8890382407	0.8156627548
31.40	0.9996931959	0.9848044786	0.9472732329	0.8890382407	0.8156627548
31.50	0.9997835855	0.9855742362	0.9488939202	0.8916755892	0.8194486474
31.60	0.9997835855	0.9855742362	0.9488939202	0.8916755892	0.8194486474
31.70	0.9997835855	0.9855742362	0.9488939202	0.8916755892	0.8194486474
31.80	0.9998593840	0.9863359607	0.9505131302	0.8943167501	0.8232406819
31.90	0.9998593840	0.9863359607	0.9505131302	0.8943167501	0.8232406819
32.00	0.9999197571	0.9870885020	0.9521293504	0.8969598178	0.8270365605
32.10	0.9999638712	0.9878307107	0.9537410700	0.8996028912	0.8308339951
32.20	0.9999638712	0.9878307107	0.9537410700	0.8996028912	0.8308339951
32.30	0.9999638712	0.9878307107	0.9537410700	0.8996028912	0.8308339951
32.40	0.9999908949	0.9885614394	0.9553467812	0.9022440753	0.8346307096
32.50	0.9999908949	0.9885614394	0.9553467812	0.9022440753	0.8346307096
32.60	0.9999999995	0.9892795434	0.9569449808	0.9048814827	0.8384244410
32.70	0.9999903601	0.9899838826	0.9585341713	0.9075132354	0.8422129420
32.80	0.9999903601	0.9899838826	0.9585341713	0.9075132354	0.8422129420
32.90	0.9999903601	0.9899838826	0.9585341713	0.9075132354	0.8422129420
33.00	0.9999611562	0.9906733220	0.9601128623	0.9101374661	0.8459939822
33.10	0.9999115731	0.9913467329	0.9616795722	0.9127523201	0.8497653499
33.20	0.9999115731	0.9913467329	0.9616795722	0.9127523201	0.8497653499
33.30	0.9999115731	0.9913467329	0.9616795722	0.9127523201	0.8497653499
33.40	0.9998408026	0.9920029944	0.9632328288	0.9153559565	0.8535248542
33.50	0.9997480437	0.9926409941	0.9647711713	0.9179465500	0.8572703262
33.60	0.9997480437	0.9926409941	0.9647711713	0.9179465500	0.8572703262
33.70	0.9996325038	0.9932596294	0.9662931516	0.9205222924	0.8609996212
33.80	0.9996325038	0.9932596294	0.9662931516	0.9205222924	0.8609996212
33.90	0.9996325038	0.9932596294	0.9662931516	0.9205222924	0.8609996212
34.00	0.9994933996	0.9938578085	0.9677973349	0.9230813939	0.8647106197
34.10	0.9993299576	0.9944344518	0.9692823020	0.9256220848	0.8684012298
34.20	0.9993299576	0.9944344518	0.9692823020	0.9256220848	0.8684012298
34.30	0.9993299576	0.9944344518	0.9692823020	0.9256220848	0.8684012298
34.40	0.9991414156	0.9949884923	0.9707466498	0.9281426168	0.8720693883
34.50	0.9991414156	0.9949884923	0.9707466498	0.9281426168	0.8720693883
34.60	0.9989270231	0.9955188777	0.9721889930	0.9306412649	0.8757130624
34.70	0.9986860421	0.9960245703	0.9736079650	0.9331163280	0.8793302511
34.80	0.9986860421	0.9960245703	0.9736079650	0.9331163280	0.8793302511
34.90	0.9986860421	0.9960245703	0.9736079650	0.9331163280	0.8793302511
35.00	0.9984177487	0.9965045492	0.9750022197	0.9355661311	0.8829189872
35.10	0.9981214331	0.9969578102	0.9763704320	0.9379890263	0.8864773382
35.20	0.9981214331	0.9969578102	0.9763704320	0.9379890263	0.8864773382
35.30	0.9981214331	0.9969578102	0.9763704320	0.9379890263	0.8864773382
35.40	0.9977964007	0.9973833678	0.9777112997	0.9403833941	0.8900034081
35.50	0.9974419734	0.9977802557	0.9790235441	0.9427476452	0.8934953386
35.60	0.9974419734	0.9977802557	0.9790235441	0.9427476452	0.8934953386
35.70	0.9970574897	0.9981475279	0.9803059115	0.9450802210	0.8969513109
35.80	0.9970574897	0.9981475279	0.9803059115	0.9450802210	0.8969513109
35.90	0.9970574897	0.9981475279	0.9803059115	0.9450802210	0.8969513109
36.00	0.9966423060	0.9984842595	0.9815571745	0.9473795957	0.9003695466
36.10	0.9961957973	0.9987895480	0.9827761324	0.9496442769	0.9037483089
36.20	0.9961957973	0.9987895480	0.9827761324	0.9496442769	0.9037483089
36.30	0.9961957973	0.9987895480	0.9827761324	0.9496442769	0.9037483089
36.40	0.9957173577	0.9990625140	0.9839616131	0.9518728072	0.9070859045
36.50	0.9957173577	0.9990625140	0.9839616131	0.9518728072	0.9070859045
36.60	0.9952064015	0.9993023024	0.9851124738	0.9540637653	0.9103806843
36.70	0.9946623640	0.9995080826	0.9862276019	0.9562157671	0.9136310446
36.80	0.9946623640	0.9995080826	0.9862276019	0.9562157671	0.9136310446
36.90	0.9946623640	0.9995080826	0.9862276019	0.9562157671	0.9136310446
37.00	0.9940847017	0.9996790504	0.9873059163	0.9583274667	0.9168354285
37.10	0.9934728937	0.9998144278	0.9883463683	0.9603975578	0.9199923268
37.20	0.9934728937	0.9998144278	0.9883463683	0.9603975578	0.9199923268
37.30	0.9934728937	0.9998144278	0.9883463683	0.9603975578	0.9199923268
37.40	0.9928264419	0.9999134648	0.9893479425	0.9624247742	0.9231002792
37.50	0.9921448719	0.9999754396	0.9903096577	0.9644078916	0.9261578751
37.60	0.9921448719	0.9999754396	0.9903096577	0.9644078916	0.9261578751
37.70	0.9914277336	0.9999996593	0.9912305678	0.9663457278	0.9291637548
37.80	0.9914277336	0.9999996593	0.9912305678	0.9663457278	0.9291637548
37.90	0.9914277336	0.9999996593	0.9912305678	0.9663457278	0.9291637548
38.00	0.9906746017	0.9999854612	0.9921097629	0.9682371439	0.9321166100
38.10	0.9898850766	0.9999322131	0.9929463696	0.9700810455	0.9350151854
38.20	0.9898850766	0.9999322131	0.9929463696	0.9700810455	0.9350151854
38.30	0.9898850766	0.9999322131	0.9929463696	0.9700810455	0.9350151854
38.40	0.9890587849	0.9998393142	0.9937395526	0.9718763829	0.9378582787
38.50	0.9890587849	0.9998393142	0.9937395526	0.9718763829	0.9378582787
38.60	0.9881953796	0.9997061957	0.9944885145	0.9736221525	0.9406447418
38.70	0.9872945414	0.9995323214	0.9951924976	0.9753173974	0.9433734816
38.80	0.9872945414	0.9995323214	0.9951924976	0.9753173974	0.9433734816
38.90	0.9872945414	0.9995323214	0.9951924976	0.9753173974	0.9433734816
39.00	0.9863559785	0.9993171885	0.9958507835	0.9769612079	0.9460434603
39.10	0.9853794274	0.9990603281	0.9964626947	0.9785527224	0.9486536965
39.20	0.9853794274	0.9990603281	0.9964626947	0.9785527224	0.9486536965
39.30	0.9853794274	0.9990603281	0.9964626947	0.9785527224	0.9486536965
39.40	0.9843646535	0.9987613055	0.9970275945	0.9800911280	0.9512032652
39.50	0.9833114514	0.9984197214	0.9975448882	0.9815756611	0.9536912988
39.60	0.9833114514	0.9984197214	0.9975448882	0.9815756611	0.9536912988
39.70	0.9822196452	0.9980352117	0.9980140232	0.9830056078	0.9561169873
39.80	0.9822196452	0.9980352117	0.9980140232	0.9830056078	0.9561169873
39.90	0.9822196452	0.9980352117	0.9980140232	0.9830056078	0.9561169873
40.00	0.9810890894	0.9976074483	0.9984344897	0.9843803047	0.9584795788
40.10	0.9799196686	0.9971361396	0.9988058212	0.9856991389	0.9607783798
40.20	0.9799196686	0.9971361396	0.9988058212	0.9856991389	0.9607783798
40.30	0.9799196686	0.9971361396	0.9988058212	0.9856991389	0.9607783798
40.40	0.9787112983	0.9966210308	0.9991275948	0.9869615489	0.9630127555
40.50	0.9787112983	0.9966210308	0.9991275948	0.9869615489	0.9630127555
40.60	0.9774639253	0.9960619043	0.9993994318	0.9881670248	0.9651821301
40.70	0.9761775275	0.9954585799	0.9996209979	0.9893151084	0.9672859870
40.80	0.9761775275	0.9954585799	0.9996209979	0.9893151084	0.9672859870
40.90	0.9761775275	0.9954585799	0.9996209979	0.9893151084	0.9672859870
41.00	0.9748521148	0.9948109154	0.9997920036	0.9904053936	0.9693238688
41.10	0.9734877289	0.9941188068	0.9999122043	0.9914375270	0.9712953777
41.20	0.9734877289	0.9941188068	0.9999122043	0.9914375270	0.9712953777
41.30	0.9734877289	0.9941188068	0.9999122043	0.9914375270	0.9712953777
41.40	0.9720844436	0.9933821882	0.9999814009	0.9924112072	0.9732001751
41.50	0.9706423651	0.9926010327	0.9999994396	0.9933261860	0.9750379820
41.60	0.9706423651	0.9926010327	0.9999994396	0.9933261860	0.9750379820
41.70	0.9691616321	0.9917753517	0.9999662124	0.9941822677	0.9768085786
41.80	0.9691616321	0.9917753517	0.9999662124	0.9941822677	0.9768085786
41.90	0.9691616321	0.9917753517	0.9999662124	0.9941822677	0.9768085786
42.00	0.9676424159	0.9909051959	0.9998816570	0.9949793094	0.9785118042
42.10	0.9660849207	0.9899906546	0.9997457568	0.9957172210	0.9801475575
42.20	0.9660849207	0.9899906546	0.9997457568	0.9957172210	0.9801475575
42.30	0.9660849207	0.9899906546	0.9997457568	0.9957172210	0.9801475575
42.40	0.9644893832	0.9890318567	0.9995585413	0.9963959650	0.9817157956
42.50	0.9644893832	0.9890318567	0.9995585413	0.9963959650	0.9817157956
42.60	0.9628560731	0.9880289698	0.9993200858	0.9970155567	0.9832165344
42.70	0.9611852932	0.9869822008	0.9990305112	0.9975760638	0.9846498477
42.80	0.9611852932	0.9869822008	0.9990305112	0.9975760638	0.9846498477
42.90	0.9611852932	0.9869822008	0.9990305112	0.9975760638	0.9846498477
43.00	0.9594773788	0.9858917957	0.9986899843	0.9980776063	0.9860158672
43.10	0.9577326982	0.9847580395	0.9982987177	0.9985203559	0.9873147820
43.20	0.9577326982	0.9847580395	0.9982987177	0.9985203559	0.9873147820
43.30	0.9577326982	0.9847580395	0.9982987177	0.9985203559	0.9873147820
43.40	0.9559516524	0.9835812561	0.9978569691	0.9989045364	0.9885468380
43.50	0.9541346751	0.9823618082	0.9973650416	0.9992304228	0.9897123373
43.60	0.9541346751	0.9823618082	0.9973650416	0.9992304228	0.9897123373
43.70	0.9522822324	0.9811000972	0.9968232833	0.9994983412	0.9908116377
43.80	0.9522822324	0.9811000972	0.9968232833	0.9994983412	0.9908116377
43.90	0.9522822324	0.9811000972	0.9968232833	0.9994983412	0.9908116377
44.00	0.9503948228	0.9797965629	0.9962320867	0.9997086680	0.9918451523
44.10	0.9484729771	0.9784516831	0.9955918891	0.9998618298	0.9928133483
44.20	0.9484729771	0.9784516831	0.9955918891	0.9998618298	0.9928133483
44.30	0.9484729771	0.9784516831	0.9955918891	0.9998618298	0.9928133483
44.40	0.9465172579	0.9770659738	0.9949031714	0.9999583030	0.9937167465
44.50	0.9465172579	0.9770659738	0.9949031714	0.9999583030	0.9937167465
44.60	0.9445282596	0.9756399884	0.9941664583	0.9999986126	0.9945559209
44.70	0.9425066078	0.9741743176	0.9933823174	0.9999833323	0.9953314971
44.80	0.9425066078	0.9741743176	0.9933823174	0.9999833323	0.9953314971
44.90	0.9425066078	0.9741743176	0.9933823174	0.9999833323	0.9953314971
45.00	0.9404529595	0.9726695890	0.9925513593	0.9999130833	0.9960441519
45.10	0.9383680025	0.9711264665	0.9916742363	0.9997885340	0.9966946126
45.20	0.9383680025	0.9711264665	0.9916742363	0.9997885340	0.9966946126
45.30	0.9383680025	0.9711264665	0.9916742363	0.9997885340	0.9966946126
45.40	0.9362524548	0.9695456504	0.9907516426	0.9996103989	0.9972836553
45.50	0.9341070647	0.9679278763	0.9897843131	0.9993794383	0.9978121047
45.60	0.9341070647	0.9679278763	0.9897843131	0.9993794383	0.9978121047
45.70	0.9319326100	0.9662739148	0.9887730230	0.9990964570	0.9982808324
45.80	0.9319326100	0.9662739148	0.9887730230	0.9990964570	0.9982808324
45.90	0.9319326100	0.9662739148	0.9887730230	0.9990964570	0.9982808324
46.00	0.9297298977	0.9645845712	0.9877185874	0.9987623036	0.9986907562
46.10	0.9274997636	0.9628606847	0.9866218601	0.9983778700	0.9990428388
46.20	0.9274997636	0.9628606847	0.9866218601	0.9983778700	0.9990428388
46.30	0.9274997636	0.9628606847	0.9866218601	0.9983778700	0.9990428388
46.40	0.9252430718	0.9611031277	0.9854837331	0.9979440896	0.9993380867
46.50	0.9252430718	0.9611031277	0.9854837331	0.9979440896	0.9993380867
46.60	0.9229607140	0.9593128054	0.9843051359	0.9974619373	0.9995775489
46.70	0.9206536090	0.9574906553	0.9830870346	0.9969324278	0.9997623159
46.80	0.9206536090	0.9574906553	0.9830870346	0.9969324278	0.9997623159
46.90	0.9206536090	0.9574906553	0.9830870346	0.9969324278	0.9997623159
47.00	0.9183227025	0.9556376458	0.9818304309	0.9963566149	0.9998935179
47.10	0.9159689658	0.9537547763	0.9805363616	0.9957355903	0.9999723240
47.20	0.9159689658	0.9537547763	0.9805363616	0.9957355903	0.9999723240
47.30	0.9159689658	0.9537547763	0.9805363616	0.9957355903	0.9999723240
47.40	0.9135933960	0.9518430761	0.9792058974	0.9950704824	0.9999999407
47.50	0.9111970147	0.9499036035	0.9778401418	0.9943624555	0.9999776105
47.60	0.9111970147	0.9499036035	0.9778401418	0.9943624555	0.9999776105
47.70	0.9087808676	0.9479374451	0.9764402308	0.9936127082	0.9999066102
47.80	0.9087808676	0.9479374451	0.9764402308	0.9936127082	0.9999066102
47.90	0.9087808676	0.9479374451	0.9764402308	0.9936127082	0.9999066102
48.00	0.9063460239	0.9459457152	0.9750073310	0.9928224724	0.9997882501
48.10	0.9038935754	0.9439295546	0.9735426394	0.9919930123	0.9996238720
48.20	0.9038935754	0.9439295546	0.9735426394	0.9919930123	0.9996238720
48.30	0.9038935754	0.9439295546	0.9735426394	0.9919930123	0.9996238720
48.40	0.9014246358	0.9418901300	0.9720473819	0.9911256226	0.9994148477
48.50	0.9014246358	0.9418901300	0.9720473819	0.9911256226	0.9994148477
48.60	0.8989403401	0.9398286328	0.9705228123	0.9902216277	0.9991625780
48.70	0.8964418437	0.9377462786	0.9689702111	0.9892823802	0.9988684905
48.80	0.8964418437	0.9377462786	0.9689702111	0.9892823802	0.9988684905
48.90	0.8964418437	0.9377462786	0.9689702111	0.9892823802	0.9988684905
49.00	0.8939303215	0.9356443059	0.9673908847	0.9883092594	0.9985340386
49.10	0.8914069675	0.9335239752	0.9657861638	0.9873036705	0.9981606994
49.20	0.8914069675	0.9335239752	0.9657861638	0.9873036705	0.9981606994
49.30	0.8914069675	0.9335239752	0.9657861638	0.9873036705	0.9981606994
49.40	0.8888729934	0.9313865681	0.9641574028	0.9862670423	0.9977499725
49.50	0.8863296281	0.9292333863	0.9625059781	0.9852008268	0.9973033783
49.60	0.8863296281	0.9292333863	0.9625059781	0.9852008268	0.9973033783
49.70	0.8837781169	0.9270657505	0.9608332868	0.9841064971	0.9968224563
49.80	0.8837781169	0.9270657505	0.9608332868	0.9841064971	0.9968224563
49.90	0.8837781169	0.9270657505	0.9608332868	0.9841064971	0.9968224563
50.00	0.8812197203	0.9248849994	0.9591407463	0.9829855460	0.9963087633
50.10	0.8786557135	0.9226924886	0.9574297919	0.9818394851	0.9957638721
50.20	0.8786557135	0.9226924886	0.9574297919	0.9818394851	0.9957638721
50.30	0.8786557135	0.9226924886	0.9574297919	0.9818394851	0.9957638721
50.40	0.8760873850	0.9204895896	0.9557018766	0.9806698427	0.9951893694
50.50	0.8760873850	0.9204895896	0.9557018766	0.9806698427	0.9951893694
50.60	0.8735160362	0.9182776886	0.9539584691	0.9794781626	0.9945868545
50.70	0.8709429802	0.9160581856	0.9522010527	0.9782660025	0.9939579374
50.80	0.8709429802	0.9160581856	0.9522010527	0.9782660025	0.9939579374
50.90	0.8709429802	0.9160581856	0.9522010527	0.9782660025	0.9939579374
51.00	0.8683695407	0.9138324928	0.9504311241	0.9770349327	0.9933042372
51.10	0.8657970513	0.9116020342	0.9486501922	0.9757865343	0.9926273803
51.20	0.8657970513	0.9116020342	0.9486501922	0.9757865343	0.9926273803
51.30	0.8657970513	0.9116020342	0.9486501922	0.9757865343	0.9926273803
51.40	0.8632268544	0.9093682438	0.9468597762	0.9745223978	0.9919289986
51.50	0.8606603003	0.9071325647	0.9450614049	0.9732441218	0.9912107283
51.60	0.8606603003	0.9071325647	0.9450614049	0.9732441218	0.9912107283
51.70	0.8580987460	0.9048964481	0.9432566151	0.9719533110	0.9904742074
51.80	0.8580987460	0.9048964481	0.9432566151	0.9719533110	0.9904742074
51.90	0.8580987460	0.9048964481	0.9432566151	0.9719533110	0.9904742074
52.00	0.8555435546	0.9026613517	0.9414469502	0.9706515750	0.9897210746
52.10	0.8529960937	0.9004287391	0.9396339587	0.9693405265	0.9889529676
52.20	0.8529960937	0.9004287391	0.9396339587	0.9693405265	0.9889529676
52.30	0.8529960937	0.9004287391	0.9396339587	0.9693405265	0.9889529676
52.40	0.8504577349	0.8982000781	0.9378191932	0.9680217801	0.9881715210
52.50	0.8504577349	0.8982000781	0.9378191932	0.9680217801	0.9881715210
52.60	0.8479298527	0.8959768398	0.9360042088	0.9666969505	0.9873783647
52.70	0.8454138231	0.8937604971	0.9341905616	0.9653676508	0.9865751228
52.80	0.8454138231	0.8937604971	0.9341905616	0.9653676508	0.9865751228
52.90	0.8454138231	0.8937604971	0.9341905616	0.9653676508	0.9865751228
53.00	0.8429110232	0.8915525240	0.9323798078	0.9640354914	0.9857634110
53.10	0.8404228294	0.8893543938	0.9305735016	0.9627020782	0.9849448357
53.20	0.8404228294	0.8893543938	0.9305735016	0.9627020782	0.9849448357
53.30	0.8404228294	0.8893543938	0.9305735016	0.9627020782	0.9849448357
53.40	0.8379506171	0.8871675786	0.9287731945	0.9613690109	0.9841209919
53.50	0.8354957591	0.8849935473	0.9269804336	0.9600378819	0.9832934618
53.60	0.8354957591	0.8849935473	0.9269804336	0.9600378819	0.9832934618
53.70	0.8330596250	0.8828337650	0.9251967602	0.9587102744	0.9824638131
53.80	0.8330596250	0.8828337650	0.9251967602	0.9587102744	0.9824638131
53.90	0.8330596250	0.8828337650	0.9251967602	0.9587102744	0.9824638131
54.00	0.8306435798	0.8806896917	0.9234237086	0.9573877609	0.9816335973
54.10	0.8282489831	0.8785627806	0.9216628046	0.9560719022	0.9808043483
54.20	0.8282489831	0.8785627806	0.9216628046	0.9560719022	0.9808043483
54.30	0.8282489831	0.8785627806	0.9216628046	0.9560719022	0.9808043483
54.40	0.8258771879	0.8764544779	0.9199155643	0.9547642452	0.9799775808
54.50	0.8258771879	0.8764544779	0.9199155643	0.9547642452	0.9799775808
54.60	0.8235295397	0.8743662204	0.9181834927	0.9534663218	0.9791547885
54.70	0.8212073755	0.8722994354	0.9164680822	0.9521796478	0.9783374430
54.80	0.8212073755	0.8722994354	0.9164680822	0.9521796478	0.9783374430
54.90	0.8212073755	0.8722994354	0.9164680822	0.9521796478	0.9783374430
55.00	0.8189120226	0.8702555389	0.9147708114	0.9509057205	0.9775269919
55.10	0.8166447977	0.8682359346	0.9130931441	0.9496460184	0.9767248578
55.20	0.8166447977	0.8682359346	0.9130931441	0.9496460184	0.9767248578
55.30	0.8166447977	0.8682359346	0.9130931441	0.9496460184	0.9767248578
55.40	0.8144070060	0.8662420126	0.9114365273	0.9484019989	0.9759324361
55.50	0.8121999398	0.8642751485	0.9098023906	0.9471750974	0.9751510946
55.60	0.8121999398	0.8642751485	0.9098023906	0.9471750974	0.9751510946
55.70	0.8100248781	0.8623367024	0.9081921447	0.9459667258	0.9743821712
55.80	0.8100248781	0.8623367024	0.9081921447	0.9459667258	0.9743821712
55.90	0.8100248781	0.8623367024	0.9081921447	0.9459667258	0.9743821712
56.00	0.8078830852	0.8604280171	0.9066071798	0.9447782712	0.9736269729
56.10	0.8057758095	0.8585504176	0.9050488652	0.9436110946	0.9728867749
56.20	0.8057758095	0.8585504176	0.9050488652	0.9436110946	0.9728867749
56.30	0.8057758095	0.8585504176	0.9050488652	0.9436110946	0.9728867749
56.40	0.8037042833	0.8567052099	0.9035185470	0.9424665294	0.9721628184
56.50	0.8037042833	0.8567052099	0.9035185470	0.9424665294	0.9721628184
56.60	0.8016697212	0.8548936798	0.9020175479	0.9413458805	0.9714563103
56.70	0.7996733193	0.8531170918	0.9005471654	0.9402504227	0.9707684212
56.80	0.7996733193	0.8531170918	0.9005471654	0.9402504227	0.9707684212
56.90	0.7996733193	0.8531170918	0.9005471654	0.9402504227	0.9707684212
57.00	0.7977162544	0.8513766881	0.8991086709	0.9391814000	0.9701002847
57.10	0.7957996831	0.8496736878	0.8977033086	0.9381400236	0.9694529962
57.20	0.7957996831	0.8496736878	0.8977033086	0.9381400236	0.9694529962
57.30	0.7957996831	0.8496736878	0.8977033086	0.9381400236	0.9694529962
57.40	0.7939247405	0.8480092854	0.8963322942	0.9371274718	0.9688276116
57.50	0.7920925399	0.8463846504	0.8949968141	0.9361448879	0.9682251465
57.60	0.7920925399	0.8463846504	0.8949968141	0.9361448879	0.9682251465
57.70	0.7903041718	0.8448009256	0.8936980241	0.9351933797	0.9676465748
57.80	0.7903041718	0.8448009256	0.8936980241	0.9351933797	0.9676465748
57.90	0.7903041718	0.8448009256	0.8936980241	0.9351933797	0.9676465748
58.00	0.7885607024	0.8432592270	0.8924370484	0.9342740185	0.9670928282
58.10	0.7868631739	0.8417606421	0.8912149789	0.9333878377	0.9665647949
58.20	0.7868631739	0.8417606421	0.8912149789	0.9333878377	0.9665647949
58.30	0.7868631739	0.8417606421	0.8912149789	0.9333878377	0.9665647949
58.40	0.7852126026	0.8403062295	0.8900328739	0.9325358321	0.9660633189
58.50	0.7852126026	0.8403062295	0.8900328739	0.9325358321	0.9660633189
58.60	0.7836099787	0.8388970180	0.8888917571	0.9317189567	0.9655891989
58.70	0.7820562654	0.8375340051	0.8877926171	0.9309381264	0.9651431880
58.80	0.7820562654	0.8375340051	0.8877926171	0.9309381264	0.9651431880
58.90	0.7820562654	0.8375340051	0.8877926171	0.9309381264	0.9651431880
59.00	0.7805523983	0.8362181572	0.8867364062	0.9301942144	0.9647259923
59.10	0.7790992844	0.8349504080	0.8857240396	0.9294880518	0.9643382708
59.20	0.7790992844	0.8349504080	0.8857240396	0.9294880518	0.9643382708
59.30	0.7790992844	0.8349504080	0.8857240396	0.9294880518	0.9643382708
59.40	0.7776978012	0.8337316579	0.8847563948	0.9288204268	0.9639806343
59.50	0.7763487969	0.8325627735	0.8838343104	0.9281920837	0.9636536450
59.60	0.7763487969	0.8325627735	0.8838343104	0.9281920837	0.9636536450
59.70	0.7750530885	0.8314445866	0.8829585859	0.9276037226	0.9633578159
59.80	0.7750530885	0.8314445866	0.8829585859	0.9276037226	0.9633578159
59.90	0.7750530885	0.8314445866	0.8829585859	0.9276037226	0.9633578159
60.00	0.7738114624	0.8303778936	0.8821299804	0.9270559983	0.9630936102
60.10	0.7726246727	0.8293634549	0.8813492124	0.9265495202	0.9628614410
60.20	0.7726246727	0.8293634549	0.8813492124	0.9265495202	0.9628614410
60.30	0.7726246727	0.8293634549	0.8813492124	0.9265495202	0.9628614410
60.40	0.7714934413	0.8284019942	0.8806169590	0.9260848510	0.9626616708
60.50	0.7714934413	0.8284019942	0.8806169590	0.9260848510	0.9626616708
60.60	0.7704184572	0.8274941978	0.8799338553	0.9256625071	0.9624946111
60.70	0.7694003757	0.8266407143	0.8793004937	0.9252829572	0.9623605221
60.80	0.7694003757	0.8266407143	0.8793004937	0.9252829572	0.9623605221
60.90	0.7694003757	0.8266407143	0.8793004937	0.9252829572	0.9623605221
61.00	0.7684398182	0.8258421537	0.8787174236	0.9249466226	0.9622596126
61.10	0.7675373714	0.8250990873	0.8781851508	0.9246538761	0.9621920394
61.20	0.7675373714	0.8250990873	0.8781851508	0.9246538761	0.9621920394
61.30	0.7675373714	0.8250990873	0.8781851508	0.9246538761	0.9621920394
61.40	0.7666935872	0.8244120467	0.8777041372	0.9244050425	0.9621579076
61.50	0.7659089820	0.8237815239	0.8772747999	0.9242003973	0.9621572704
61.60	0.7659089820	0.8237815239	0.8772747999	0.9242003973	0.9621572704
61.70	0.7651840362	0.8232079705	0.8768975115	0.9240401675	0.9621901286
61.80	0.7651840362	0.8232079705	0.8768975115	0.9240401675	0.9621901286
61.90	0.7651840362	0.8232079705	0.8768975115	0.9240401675	0.9621901286
62.00	0.7645191943	0.8226917976	0.8765725995	0.9239245305	0.9622564311
62.10	0.7639148640	0.8222333752	0.8763003456	0.9238536143	0.9623560751
62.20	0.7639148640	0.8222333752	0.8763003456	0.9238536143	0.9623560751
62.30	0.7639148640	0.8222333752	0.8763003456	0.9238536143	0.9623560751
62.40	0.7633714162	0.8218330321	0.8760809863	0.9238274974	0.9624889053
62.50	0.7633714162	0.8218330321	0.8760809863	0.9238274974	0.9624889053
62.60	0.7628891845	0.8214910553	0.8759147117	0.9238462089	0.9626547152
62.70	0.7624684653	0.8212076904	0.8758016663	0.9239097279	0.9628532463
62.80	0.7624684653	0.8212076904	0.8758016663	0.9239097279	0.9628532463
62.90	0.7624684653	0.8212076904	0.8758016663	0.9239097279	0.9628532463
63.00	0.7621095171	0.8209831406	0.8757419481	0.9240179842	0.9630841893
63.10	0.7618125606	0.8208175672	0.8757356089	0.9241708578	0.9633471835
63.20	0.7618125606	0.8208175672	0.8757356089	0.9241708578	0.9633471835
63.30	0.7618125606	0.8208175672	0.8757356089	0.9241708578	0.9633471835
63.40	0.7615777785	0.8207110889	0.8757826543	0.9243681794	0.9636418177
63.50	0.7614053151	0.8206637823	0.8758830434	0.9246097304	0.9639676307
63.60	0.7614053151	0.8206637823	0.8758830434	0.9246097304	0.9639676307
63.70	0.7612952765	0.8206756813	0.8760366891	0.9248952432	0.9643241113
63.80	0.7612952765	0.8206756813	0.8760366891	0.9248952432	0.9643241113
63.90	0.7612952765	0.8206756813	0.8760366891	0.9248952432	0.9643241113
64.00	0.7612477306	0.8207467774	0.8762434581	0.9252244011	0.9647106992
64.10	0.7612477306	0.8207467774	0.8762434581	0.9252244011	0.9647106992
64.20	0.7612627065	0.8208770195	0.8765031709	0.9255968392	0.9651267853
64.30	0.7612627065	0.8208770195	0.8765031709	0.9255968392	0.9651267853
64.40	0.7613401951	0.8210663141	0.8768156022	0.9260121442	0.9655717127
64.50	0.7613401951	0.8210663141	0.8768156022	0.9260121442	0.9655717127
64.60	0.7614801486	0.8213145254	0.8771804808	0.9264698552	0.9660447768
64.70	0.7616824810	0.8216214751	0.8775974902	0.9269694637	0.9665452265
64.80	0.7616824810	0.8216214751	0.8775974902	0.9269694637	0.9665452265
64.90	0.7619470677	0.8219869431	0.8780662685	0.9275104145	0.9670722647
65.00	0.7619470677	0.8219869431	0.8780662685	0.9275104145	0.9670722647
65.10	0.7619470677	0.8219869431	0.8780662685	0.9275104145	0.9670722647
65.20	0.7622737460	0.8224106670	0.8785864091	0.9280921060	0.9676250490
65.30	0.7622737460	0.8224106670	0.8785864091	0.9280921060	0.9676250490
65.40	0.7626623150	0.8228923431	0.8791574606	0.9287138908	0.9682026931
65.50	0.7631125359	0.8234316258	0.8797789277	0.9293750762	0.9688042668
65.60	0.7631125359	0.8234316258	0.8797789277	0.9293750762	0.9688042668
65.70	0.7636241320	0.8240281288	0.8804502714	0.9300749252	0.9694287978
65.80	0.7636241320	0.8240281288	0.8804502714	0.9300749252	0.9694287978
65.90	0.7641967890	0.8246814244	0.8811709092	0.9308126569	0.9700752721
66.00	0.7641967890	0.8246814244	0.8811709092	0.9308126569	0.9700752721
66.10	0.7641967890	0.8246814244	0.8811709092	0.9308126569	0.9700752721
66.20	0.7648301555	0.8253910450	0.8819402163	0.9315874470	0.9707426352
66.30	0.7648301555	0.8253910450	0.8819402163	0.9315874470	0.9707426352
66.40	0.7655238429	0.8261564825	0.8827575255	0.9323984294	0.9714297934
66.50	0.7655238429	0.8261564825	0.8827575255	0.9323984294	0.9714297934
66.60	0.7662774258	0.8269771892	0.8836221280	0.9332446960	0.9721356144
66.70	0.7670904425	0.8278525783	0.8845332743	0.9341252983	0.9728589290
66.80	0.7670904425	0.8278525783	0.8845332743	0.9341252983	0.9728589290
66.90	0.7679623952	0.8287820242	0.8854901745	0.9350392480	0.9735985317
67.00	0.7679623952	0.8287820242	0.8854901745	0.9350392480	0.9735985317
67.10	0.7679623952	0.8287820242	0.8854901745	0.9350392480	0.9735985317
67.20	0.7688927505	0.8297648631	0.8864919991	0.9359855181	0.9743531823
67.30	0.7688927505	0.8297648631	0.8864919991	0.9359855181	0.9743531823
67.40	0.7698809398	0.8308003936	0.8875378799	0.9369630434	0.9751216074
67.50	0.7709263597	0.8318878771	0.8886269105	0.9379707222	0.9759025008
67.60	0.7709263597	0.8318878771	0.8886269105	0.9379707222	0.9759025008
67.70	0.7720283725	0.8330265387	0.8897581473	0.9390074168	0.9766945257
67.80	0.7720283725	0.8330265387	0.8897581473	0.9390074168	0.9766945257
67.90	0.7731863067	0.8342155677	0.8909306104	0.9400719548	0.9774963158
68.00	0.7731863067	0.8342155677	0.8909306104	0.9400719548	0.9774963158
68.10	0.7731863067	0.8342155677	0.8909306104	0.9400719548	0.9774963158
68.20	0.7743994574	0.8354541182	0.8921432842	0.9411631301	0.9783064763
68.30	0.7743994574	0.8354541182	0.8921432842	0.9411631301	0.9783064763
68.40	0.7756670874	0.8367413100	0.8933951185	0.9422797043	0.9791235858
68.50	0.7756670874	0.8367413100	0.8933951185	0.9422797043	0.9791235858
68.60	0.7769884268	0.8380762291	0.8946850294	0.9434204075	0.9799461977
68.70	0.7783626746	0.8394579286	0.8960119003	0.9445839398	0.9807728412
68.80	0.7783626746	0.8394579286	0.8960119003	0.9445839398	0.9807728412
68.90	0.7797889988	0.8408854296	0.8973745828	0.9457689722	0.9816020234
69.00	0.7797889988	0.8408854296	0.8973745828	0.9457689722	0.9816020234
69.10	0.7797889988	0.8408854296	0.8973745828	0.9457689722	0.9816020234
69.20	0.7812665370	0.8423577218	0.8987718975	0.9469741482	0.9824322303
69.30	0.7812665370	0.8423577218	0.8987718975	0.9469741482	0.9824322303
69.40	0.7827943975	0.8438737644	0.9002026358	0.9481980851	0.9832619289
69.50	0.7843716594	0.8454324870	0.9016655601	0.9494393750	0.9840895682
69.60	0.7843716594	0.8454324870	0.9016655601	0.9494393750	0.9840895682
69.70	0.7859973741	0.8470327906	0.9031594052	0.9506965861	0.9849135811
69.80	0.7859973741	0.8470327906	0.9031594052	0.9506965861	0.9849135811
69.90	0.7876705651	0.8486735484	0.9046828799	0.9519682646	0.9857323860
70.00	0.7876705651	0.8486735484	0.9046828799	0.9519682646	0.9857323860
70.10	0.7876705651	0.8486735484	0.9046828799	0.9519682646	0.9857323860
70.20	0.7893902297	0.8503536065	0.9062346674	0.9532529356	0.9865443882
70.30	0.7893902297	0.8503536065	0.9062346674	0.9532529356	0.9865443882
70.40	0.7911553390	0.8520717854	0.9078134268	0.9545491045	0.9873479818
70.50	0.7911553390	0.8520717854	0.9078134268	0.9545491045	0.9873479818
70.60	0.7929648393	0.8538268806	0.9094177944	0.9558552586	0.9881415514
70.70	0.7948176526	0.8556176636	0.9110463848	0.9571698687	0.9889234733
70.80	0.7948176526	0.8556176636	0.9110463848	0.9571698687	0.9889234733
70.90	0.7967126775	0.8574428830	0.9126977920	0.9584913900	0.9896921177
71.00	0.7967126775	0.8574428830	0.9126977920	0.9584913900	0.9896921177
71.10	0.7967126775	0.8574428830	0.9126977920	0.9584913900	0.9896921177
71.20	0.7986487899	0.8593012657	0.9143705909	0.9598182641	0.9904458500
71.30	0.7986487899	0.8593012657	0.9143705909	0.9598182641	0.9904458500
71.40	0.8006248445	0.8611915176	0.9160633384	0.9611489202	0.9911830329
71.50	0.8026396748	0.8631123251	0.9177745747	0.9624817768	0.9919020275
71.60	0.8026396748	0.8631123251	0.9177745747	0.9624817768	0.9919020275
71.70	0.8046920947	0.8650623557	0.9195028245	0.9638152430	0.9926011957
71.80	0.8046920947	0.8650623557	0.9195028245	0.9638152430	0.9926011957
71.90	0.8067808991	0.8670402595	0.9212465985	0.9651477201	0.9932789014
72.00	0.8067808991	0.8670402595	0.9212465985	0.9651477201	0.9932789014
72.10	0.8067808991	0.8670402595	0.9212465985	0.9651477201	0.9932789014
72.20	0.8089048648	0.8690446703	0.9230043946	0.9664776032	0.9939335123
72.30	0.8089048648	0.8690446703	0.9230043946	0.9664776032	0.9939335123
72.40	0.8110627517	0.8710742064	0.9247746994	0.9678032825	0.9945634019
72.50	0.8110627517	0.8710742064	0.9247746994	0.9678032825	0.9945634019
72.60	0.8132533035	0.8731274719	0.9265559891	0.9691231453	0.9951669507
72.70	0.8154752490	0.8752030582	0.9283467313	0.9704355769	0.9957425484
72.80	0.8154752490	0.8752030582	0.9283467313	0.9704355769	0.9957425484
72.90	0.8177273025	0.8772995446	0.9301453863	0.9717389627	0.9962885952
73.00	0.8177273025	0.8772995446	0.9301453863	0.9717389627	0.9962885952
73.10	0.8177273025	0.8772995446	0.9301453863	0.9717389627	0.9962885952
73.20	0.8200081655	0.8794154999	0.9319504083	0.9730316895	0.9968035039
73.30	0.8200081655	0.8794154999	0.9319504083	0.9730316895	0.9968035039
73.40	0.8223165272	0.8815494833	0.9337602466	0.9743121472	0.9972857012
73.50	0.8246510655	0.8837000457	0.9355733475	0.9755787300	0.9977336296
73.60	0.8246510655	0.8837000457	0.9355733475	0.9755787300	0.9977336296
73.70	0.8270104485	0.8858657309	0.9373881553	0.9768298384	0.9981457489
73.80	0.8270104485	0.8858657309	0.9373881553	0.9768298384	0.9981457489
73.90	0.8293933350	0.8880450768	0.9392031136	0.9780638804	0.9985205380
74.00	0.8293933350	0.8880450768	0.9392031136	0.9780638804	0.9985205380
74.10	0.8293933350	0.8880450768	0.9392031136	0.9780638804	0.9985205380
74.20	0.8317983758	0.8902366166	0.9410166670	0.9792792731	0.9988564965
74.30	0.8317983758	0.8902366166	0.9410166670	0.9792792731	0.9988564965
74.40	0.8342242144	0.8924388800	0.9428272623	0.9804744445	0.9991521463
74.50	0.8342242144	0.8924388800	0.9428272623	0.9804744445	0.9991521463
74.60	0.8366694887	0.8946503942	0.9446333497	0.9816478346	0.9994060331
74.70	0.8391328312	0.8968696857	0.9464333846	0.9827978972	0.9996167283
74.80	0.8391328312	0.8968696857	0.9464333846	0.9827978972	0.9996167283
74.90	0.8416128708	0.8990952805	0.9482258284	0.9839231013	0.9997828302
75.00	0.8416128708	0.8990952805	0.9482258284	0.9839231013	0.9997828302
75.10	0.8416128708	0.8990952805	0.9482258284	0.9839231013	0.9997828302
75.20	0.8441082333	0.9013257064	0.9500091505	0.9850219326	0.9999029657
75.30	0.8441082333	0.9013257064	0.9500091505	0.9850219326	0.9999029657
75.40	0.8466175426	0.9035594935	0.9517818290	0.9860928950	0.9999757918
75.50	0.8491394219	0.9057951756	0.9535423526	0.9871345119	0.9999999971
75.60	0.8491394219	0.9057951756	0.9535423526	0.9871345119	0.9999999971
75.70	0.8516724944	0.9080312912	0.9552892216	0.9881453280	0.9999743035
75.80	0.8516724944	0.9080312912	0.9552892216	0.9881453280	0.9999743035
75.90	0.8542153849	0.9102663852	0.9570209494	0.9891239103	0.9998974670
76.00	0.8542153849	0.9102663852	0.9570209494	0.9891239103	0.9998974670
76.10	0.8542153849	0.9102663852	0.9570209494	0.9891239103	0.9998974670
76.20	0.8567667200	0.9124990094	0.9587360636	0.9900688498	0.9997682799
76.30	0.8567667200	0.9124990094	0.9587360636	0.9900688498	0.9997682799
76.40	0.8593251299	0.9147277243	0.9604331074	0.9909787628	0.9995855716
76.50	0.8593251299	0.9147277243	0.9604331074	0.9909787628	0.9995855716
76.60	0.8618892491	0.9169510997	0.9621106412	0.9918522921	0.9993482103
76.70	0.8644577172	0.9191677163	0.9637672434	0.9926881086	0.9990551041
76.80	0.8644577172	0.9191677163	0.9637672434	0.9926881086	0.9990551041
76.90	0.8670291803	0.9213761666	0.9654015117	0.9934849126	0.9987052023
77.00	0.8670291803	0.9213761666	0.9654015117	0.9934849126	0.9987052023
77.10	0.8670291803	0.9213761666	0.9654015117	0.9934849126	0.9987052023
77.20	0.8696022918	0.9235750560	0.9670120647	0.9942414348	0.9982974968
77.30	0.8696022918	0.9235750560	0.9670120647	0.9942414348	0.9982974968
77.40	0.8721757134	0.9257630042	0.9685975429	0.9949564379	0.9978310233
77.50	0.8747481161	0.9279386458	0.9701566097	0.9956287176	0.9973048621
77.60	0.8747481161	0.9279386458	0.9701566097	0.9956287176	0.9973048621
77.70	0.8773181812	0.9301006320	0.9716879528	0.9962571040	0.9967181398
77.80	0.8773181812	0.9301006320	0.9716879528	0.9962571040	0.9967181398
77.90	0.8798846010	0.9322476311	0.9731902855	0.9968404625	0.9960700302
78.00	0.8798846010	0.9322476311	0.9731902855	0.9968404625	0.9960700302
78.10	0.8798846010	0.9322476311	0.9731902855	0.9968404625	0.9960700302
78.20	0.8824460803	0.9343783300	0.9746623476	0.9973776955	0.9953597550
78.30	0.8824460803	0.9343783300	0.9746623476	0.9973776955	0.9953597550
78.40	0.8850013368	0.9364914350	0.9761029063	0.9978677426	0.9945865852
78.50	0.8850013368	0.9364914350	0.9761029063	0.9978677426	0.9945865852
78.60	0.8875491021	0.9385856727	0.9775107579	0.9983095827	0.9937498420
78.70	0.8900881230	0.9406597913	0.9788847283	0.9987022344	0.9928488978
78.80	0.8900881230	0.9406597913	0.9788847283	0.9987022344	0.9928488978
78.90	0.8926171620	0.9427125616	0.9802236742	0.9990447571	0.9918831768
79.00	0.8926171620	0.9427125616	0.9802236742	0.9990447571	0.9918831768
79.10	0.8926171620	0.9427125616	0.9802236742	0.9990447571	0.9918831768
79.20	0.8951349981	0.9447427775	0.9815264843	0.9993362522	0.9908521560
79.30	0.8951349981	0.9447427775	0.9815264843	0.9993362522	0.9908521560
79.40	0.8976404282	0.9467492574	0.9827920800	0.9995758638	0.9897553661
79.50	0.9001322673	0.9487308449	0.9840194164	0.9997627798	0.9885923920
79.60	0.9001322673	0.9487308449	0.9840194164	0.9997627798	0.9885923920
79.70	0.9026093497	0.9506864098	0.9852074833	0.9998962325	0.9873628739
79.80	0.9026093497	0.9506864098	0.9852074833	0.9998962325	0.9873628739
79.90	0.9050705297	0.9526148488	0.9863553062	0.9999754997	0.9860665074
80.00	0.9050705297	0.9526148488	0.9863553062	0.9999754997	0.9860665074
80.10	0.9050705297	0.9526148488	0.9863553062	0.9999754997	0.9860665074
80.20	0.9075146824	0.9545150866	0.9874619467	0.9999999055	0.9847030445
80.30	0.9075146824	0.9545150866	0.9874619467	0.9999999055	0.9847030445
80.40	0.9099407045	0.9563860764	0.9885265040	0.9999688206	0.9832722940
80.50	0.9099407045	0.9563860764	0.9885265040	0.9999688206	0.9832722940
80.60	0.9123475149	0.9582268009	0.9895481150	0.9998816637	0.9817741220
80.70	0.9147340557	0.9600362731	0.9905259554	0.9997379015	0.9802084524
80.80	0.9147340557	0.9600362731	0.9905259554	0.9997379015	0.9802084524
80.90	0.9170992924	0.9618135367	0.9914592405	0.9995370496	0.9785752671
81.00	0.9170992924	0.9618135367	0.9914592405	0.9995370496	0.9785752671
81.10	0.9170992924	0.9618135367	0.9914592405	0.9995370496	0.9785752671
81.20	0.9194422153	0.9635576675	0.9923472256	0.9992786732	0.9768746068
81.30	0.9194422153	0.9635576675	0.9923472256	0.9992786732	0.9768746068
81.40	0.9217618396	0.9652677731	0.9931892070	0.9989623875	0.9751065706
81.50	0.9240572060	0.9669429944	0.9939845223	0.9985878580	0.9732713169
81.60	0.9240572060	0.9669429944	0.9939845223	0.9985878580	0.9732713169
81.70	0.9263273817	0.9685825059	0.9947325510	0.9981548013	0.9713690633
81.80	0.9263273817	0.9685825059	0.9947325510	0.9981548013	0.9713690633
81.90	0.9285714608	0.9701855161	0.9954327151	0.9976629853	0.9694000864
82.00	0.9285714608	0.9701855161	0.9954327151	0.9976629853	0.9694000864
82.10	0.9285714608	0.9701855161	0.9954327151	0.9976629853	0.9694000864
82.20	0.9307885647	0.9717512683	0.9960844799	0.9971122293	0.9673647227
82.30	0.9307885647	0.9717512683	0.9960844799	0.9971122293	0.9673647227
82.40	0.9329778429	0.9732790411	0.9966873538	0.9965024050	0.9652633676
82.50	0.9329778429	0.9732790411	0.9966873538	0.9965024050	0.9652633676
82.60	0.9351384734	0.9747681489	0.9972408894	0.9958334359	0.9630964764
82.70	0.9372696629	0.9762179422	0.9977446832	0.9951052982	0.9608645633
82.80	0.9372696629	0.9762179422	0.9977446832	0.9951052982	0.9608645633
82.90	0.9393706479	0.9776278083	0.9981983768	0.9943180205	0.9585682020
83.00	0.9393706479	0.9776278083	0.9981983768	0.9943180205	0.9585682020
83.10	0.9393706479	0.9776278083	0.9981983768	0.9943180205	0.9585682020
83.20	0.9414406945	0.9789971713	0.9986016563	0.9934716844	0.9562080249
83.30	0.9414406945	0.9789971713	0.9986016563	0.9934716844	0.9562080249
83.40	0.9434790990	0.9803254928	0.9989542531	0.9925664238	0.9537847234
83.50	0.9454851884	0.9816122723	0.9992559440	0.9916024258	0.9512990471
83.60	0.9454851884	0.9816122723	0.9992559440	0.9916024258	0.9512990471
83.70	0.9474583208	0.9828570471	0.9995065513	0.9905799301	0.9487518038
83.80	0.9474583208	0.9828570471	0.9995065513	0.9905799301	0.9487518038
83.90	0.9493978854	0.9840593928	0.9997059432	0.9894992291	0.9461438590
84.00	0.9493978854	0.9840593928	0.9997059432	0.9894992291	0.9461438590
84.10	0.9493978854	0.9840593928	0.9997059432	0.9894992291	0.9461438590
84.20	0.9513033029	0.9852189236	0.9998540335	0.9883606678	0.9434761354
84.30	0.9513033029	0.9852189236	0.9998540335	0.9883606678	0.9434761354
84.40	0.9531740261	0.9863352924	0.9999507818	0.9871646434	0.9407496124
84.50	0.9531740261	0.9863352924	0.9999507818	0.9871646434	0.9407496124
84.60	0.9550095396	0.9874081908	0.9999961939	0.9859116056	0.9379653255
84.70	0.9568093604	0.9884373495	0.9999903210	0.9846020558	0.9351243659
84.80	0.9568093604	0.9884373495	0.9999903210	0.9846020558	0.9351243659
84.90	0.9585730378	0.9894225382	0.9999332605	0.9832365471	0.9322278796
85.00	0.9585730378	0.9894225382	0.9999332605	0.9832365471	0.9322278796
85.10	0.9585730378	0.9894225382	0.9999332605	0.9832365471	0.9322278796
85.20	0.9603001538	0.9903635659	0.9998251553	0.9818156838	0.9292770666
85.30	0.9603001538	0.9903635659	0.9998251553	0.9818156838	0.9292770666
85.40	0.9619903232	0.9912602805	0.9996661937	0.9803401210	0.9262731805
85.50	0.9636431933	0.9921125690	0.9994566095	0.9788105642	0.9232175275
85.60	0.9636431933	0.9921125690	0.9994566095	0.9788105642	0.9232175275
85.70	0.9652584444	0.9929203576	0.9991966816	0.9772277690	0.9201114653
85.80	0.9652584444	0.9929203576	0.9991966816	0.9772277690	0.9201114653
85.90	0.9668357897	0.9936836115	0.9988867337	0.9755925402	0.9169564025
86.00	0.9668357897	0.9936836115	0.9988867337	0.9755925402	0.9169564025
86.10	0.9668357897	0.9936836115	0.9988867337	0.9755925402	0.9169564025
86.20	0.9683749752	0.9944023347	0.9985271339	0.9739057313	0.9137537978
86.30	0.9683749752	0.9944023347	0.9985271339	0.9739057313	0.9137537978
86.40	0.9698757797	0.9950765697	0.9981182948	0.9721682441	0.9105051583
86.50	0.9698757797	0.9950765697	0.9981182948	0.9721682441	0.9105051583
86.60	0.9713380149	0.9957063977	0.9976606724	0.9703810277	0.9072120394
86.70	0.9727615251	0.9962919384	0.9971547664	0.9685450783	0.9038760427
86.80	0.9727615251	0.9962919384	0.9971547664	0.9685450783	0.9038760427
86.90	0.9741461872	0.9968333490	0.9966011192	0.9666614377	0.9004988157
87.00	0.9741461872	0.9968333490	0.9966011192	0.9666614377	0.9004988157
87.10	0.9741461872	0.9968333490	0.9966011192	0.9666614377	0.9004988157
87.20	0.9754919105	0.9973308248	0.9960003156	0.9647311932	0.8970820502
87.30	0.9754919105	0.9973308248	0.9960003156	0.9647311932	0.8970820502
87.40	0.9767986366	0.9977845985	0.9953529824	0.9627554763	0.8936274812
87.50	0.9780663391	0.9981949398	0.9946597874	0.9607354621	0.8901368856
87.60	0.9780663391	0.9981949398	0.9946597874	0.9607354621	0.8901368856
87.70	0.9792950235	0.9985621548	0.9939214393	0.9586723681	0.8866120807
87.80	0.9792950235	0.9985621548	0.9939214393	0.9586723681	0.8866120807
87.90	0.9804847267	0.9988865863	0.9931386866	0.9565674536	0.8830549233
88.00	0.9804847267	0.9988865863	0.9931386866	0.9565674536	0.8830549233
88.10	0.9804847267	0.9988865863	0.9931386866	0.9565674536	0.8830549233
88.20	0.9816355171	0.9991686125	0.9923123174	0.9544220183	0.8794673080
88.30	0.9816355171	0.9991686125	0.9923123174	0.9544220183	0.8794673080
88.40	0.9827474939	0.9994086472	0.9914431580	0.9522374017	0.8758511659
88.50	0.9827474939	0.9994086472	0.9914431580	0.9522374017	0.8758511659
88.60	0.9838207870	0.9996071386	0.9905320728	0.9500149816	0.8722084630
88.70	0.9848555566	0.9997645695	0.9895799632	0.9477561733	0.8685411989
88.80	0.9848555566	0.9997645695	0.9895799632	0.9477561733	0.8685411989
88.90	0.9858519927	0.9998814561	0.9885877667	0.9454624284	0.8648514054
89.00	0.9858519927	0.9998814561	0.9885877667	0.9454624284	0.8648514054
89.10	0.9858519927	0.9998814561	0.9885877667	0.9454624284	0.8648514054
89.20	0.9868103148	0.9999583479	0.9875564562	0.9431352333	0.8611411443
89.30	0.9868103148	0.9999583479	0.9875564562	0.9431352333	0.8611411443
89.40	0.9877307714	0.9999958265	0.9864870391	0.9407761087	0.8574125068
89.50	0.9886136395	0.9999945055	0.9853805564	0.9383866076	0.8536676111
89.60	0.9886136395	0.9999945055	0.9853805564	0.9383866076	0.8536676111
89.70	0.9894592242	0.9999550295	0.9842380815	0.9359683145	0.8499086011
89.80	0.9894592242	0.9999550295	0.9842380815	0.9359683145	0.8499086011
89.90	0.9902678582	0.9998780733	0.9830607195	0.9335228439	0.8461376447
90.00	0.9902678582	0.9998780733	0.9830607195	0.9335228439	0.8461376447
90.10	0.9902678582	0.9998780733	0.9830607195	0.9335228439	0.8461376447
90.20	0.9910399012	0.9997643415	0.9818496063	0.9310518392	0.8423569322
90.30	0.9910399012	0.9997643415	0.9818496063	0.9310518392	0.8423569322
90.40	0.9917757392	0.9996145674	0.9806059071	0.9285569710	0.8385686743
90.50	0.9917757392	0.9996145674	0.9806059071	0.9285569710	0.8385686743
90.60	0.9924757842	0.9994295124	0.9793308158	0.9260399360	0.8347751008
90.70	0.9931404734	0.9992099650	0.9780255537	0.9235024556	0.8309784586
90.80	0.9931404734	0.9992099650	0.9780255537	0.9235024556	0.8309784586
90.90	0.9937702686	0.9989567403	0.9766913683	0.9209462743	0.8271810098
91.00	0.9937702686	0.9989567403	0.9766913683	0.9209462743	0.8271810098
91.10	0.9937702686	0.9989567403	0.9766913683	0.9209462743	0.8271810098
91.20	0.9943656558	0.9986706786	0.9753295323	0.9183731582	0.8233850302
91.30	0.9943656558	0.9986706786	0.9753295323	0.9183731582	0.8233850302
91.40	0.9949271440	0.9983526451	0.9739413428	0.9157848940	0.8195928074
91.50	0.9954552650	0.9980035285	0.9725281192	0.9131832870	0.8158066390
91.60	0.9954552650	0.9980035285	0.9725281192	0.9131832870	0.8158066390
91.70	0.9959505725	0.9976242404	0.9710912029	0.9105701597	0.8120288308
91.80	0.9959505725	0.9976242404	0.9710912029	0.9105701597	0.8120288308
91.90	0.9964136416	0.9972157144	0.9696319558	0.9079473506	0.8082616946
92.00	0.9964136416	0.9972157144	0.9696319558	0.9079473506	0.8082616946
92.10	0.9964136416	0.9972157144	0.9696319558	0.9079473506	0.8082616946
92.20	0.9968450675	0.9967789046	0.9681517587	0.9053167122	0.8045075472
92.30	0.9968450675	0.9967789046	0.9681517587	0.9053167122	0.8045075472
92.40	0.9972454654	0.9963147853	0.9666520107	0.9026801097	0.8007687077
92.50	0.9972454654	0.9963147853	0.9666520107	0.9026801097	0.8007687077
92.60	0.9976154694	0.9958243496	0.9651341273	0.9000394197	0.7970474959
92.70	0.9979557317	0.9953086085	0.9635995396	0.8973965279	0.7933462308
92.80	0.9979557317	0.9953086085	0.9635995396	0.8973965279	0.7933462308
92.90	0.9982669218	0.9947685897	0.9620496928	0.8947533282	0.7896672283
93.00	0.9982669218	0.9947685897	0.9620496928	0.8947533282	0.7896672283
93.10	0.9982669218	0.9947685897	0.9620496928	0.8947533282	0.7896672283
93.20	0.9985497260	0.9942053371	0.9604860448	0.8921117210	0.7860127995
93.30	0.9985497260	0.9942053371	0.9604860448	0.8921117210	0.7860127995
93.40	0.9988048461	0.9936199089	0.9589100650	0.8894736111	0.7823852490
93.50	0.9990329989	0.9930133773	0.9573232332	0.8868409068	0.7787868725
93.60	0.9990329989	0.9930133773	0.9573232332	0.8868409068	0.7787868725
93.70	0.9992349151	0.9923868270	0.9557270376	0.8842155176	0.7752199557
93.80	0.9992349151	0.9923868270	0.9557270376	0.8842155176	0.7752199557
93.90	0.9994113387	0.9917413542	0.9541229742	0.8815993532	0.7716867719
94.00	0.9994113387	0.9917413542	0.9541229742	0.8815993532	0.7716867719
94.10	0.9994113387	0.9917413542	0.9541229742	0.8815993532	0.7716867719
94.20	0.9995630260	0.9910780656	0.9525125451	0.8789943216	0.7681895804
94.30	0.9995630260	0.9910780656	0.9525125451	0.8789943216	0.7681895804
94.40	0.9996907448	0.9903980771	0.9508972570	0.8764023274	0.7647306246
94.50	0.9996907448	0.9903980771	0.9508972570	0.8764023274	0.7647306246
94.60	0.9997952732	0.9897025130	0.9492786201	0.8738252703	0.7613121301
94.70	0.9998773993	0.9889925045	0.9476581466	0.8712650435	0.7579363030
94.80	0.9998773993	0.9889925045	0.9476581466	0.8712650435	0.7579363030
94.90	0.9999379197	0.9882691889	0.9460373494	0.8687235320	0.7546053282
95.00	0.9999379197	0.9882691889	0.9460373494	0.8687235320	0.7546053282
95.10	0.9999379197	0.9882691889	0.9460373494	0.8687235320	0.7546053282
95.20	0.9999776390	0.9875337083	0.9444177408	0.8662026113	0.7513213673
95.30	0.9999776390	0.9875337083	0.9444177408	0.8662026113	0.7513213673
95.40	0.9999973687	0.9867872085	0.9428008308	0.8637041454	0.7480865573
95.50	0.9999979263	0.9860308379	0.9411881263	0.8612299853	0.7449030082
95.60	0.9999979263	0.9860308379	0.9411881263	0.8612299853	0.7449030082
95.70	0.9999801345	0.9852657464	0.9395811290	0.8587819678	0.7417728021
95.80	0.9999801345	0.9852657464	0.9395811290	0.8587819678	0.7417728021
95.90	0.9999448201	0.9844930842	0.9379813349	0.8563619134	0.7386979906
96.00	0.9999448201	0.9844930842	0.9379813349	0.8563619134	0.7386979906
96.10	0.9999448201	0.9844930842	0.9379813349	0.8563619134	0.7386979906
96.20	0.9998928133	0.9837140006	0.9363902322	0.8539716251	0.7356805941
96.30	0.9998928133	0.9837140006	0.9363902322	0.8539716251	0.7356805941
96.40	0.9998249468	0.9829296431	0.9348093004	0.8516128869	0.7327225991
96.50	0.9998249468	0.9829296431	0.9348093004	0.8516128869	0.7327225991
96.60	0.9997420544	0.9821411561	0.9332400089	0.8492874620	0.7298259575
96.70	0.9996449707	0.9813496797	0.9316838153	0.8469970915	0.7269925844
96.80	0.9996449707	0.9813496797	0.9316838153	0.8469970915	0.7269925844
96.90	0.9995345299	0.9805563490	0.9301421648	0.8447434929	0.7242243568
97.00	0.9995345299	0.9805563490	0.9301421648	0.8447434929	0.7242243568
97.10	0.9995345299	0.9805563490	0.9301421648	0.8447434929	0.7242243568
97.20	0.9994115649	0.9797622925	0.9286164883	0.8425283584	0.7215231119
97.30	0.9994115649	0.9797622925	0.9286164883	0.8425283584	0.7215231119
97.40	0.9992769064	0.9789686312	0.9271082011	0.8403533539	0.7188906457
97.50	0.9991313820	0.9781764775	0.9256187022	0.8382201172	0.7163287115
97.60	0.9991313820	0.9781764775	0.9256187022	0.8382201172	0.7163287115
97.70	0.9989758154	0.9773869343	0.9241493724	0.8361302569	0.7138390184
97.80	0.9989758154	0.9773869343	0.9241493724	0.8361302569	0.7138390184
97.90	0.9988110255	0.9766010936	0.9227015734	0.8340853505	0.7114232301
98.00	0.9988110255	0.9766010936	0.9227015734	0.8340853505	0.7114232301
98.10	0.9988110255	0.9766010936	0.9227015734	0.8340853505	0.7114232301
98.20	0.9986378251	0.9758200356	0.9212766465	0.8320869437	0.7090829631
98.30	0.9986378251	0.9758200356	0.9212766465	0.8320869437	0.7090829631
98.40	0.9984570208	0.9750448278	0.9198759113	0.8301365488	0.7068197858
98.50	0.9984570208	0.9750448278	0.9198759113	0.8301365488	0.7068197858
98.60	0.9982694115	0.9742765236	0.9185006647	0.8282356431	0.7046352170
98.70	0.9980757879	0.9735161618	0.9171521796	0.8263856683	0.7025307246
98.80	0.9980757879	0.9735161618	0.9171521796	0.8263856683	0.7025307246
98.90	0.9978769312	0.9727647649	0.9158317036	0.8245880285	0.7005077248
99.00	0.9978769312	0.9727647649	0.9158317036	0.8245880285	0.7005077248
99.10	0.9978769312	0.9727647649	0.9158317036	0.8245880285	0.7005077248
99.20	0.9976736130	0.9720233389	0.9145404582	0.8228440897	0.6985675800
99.30	0.9976736130	0.9720233389	0.9145404582	0.8228440897	0.6985675800
99.40	0.9974665938	0.9712928718	0.9132796377	0.8211551781	0.6967115989
99.50	0.9972566226	0.9705743325	0.9120504076	0.8195225793	0.6949410343
99.60	0.9972566226	0.9705743325	0.9120504076	0.8195225793	0.6949410343
99.70	0.9970444360	0.9698686707	0.9108539042	0.8179475370	0.6932570828
99.80	0.9970444360	0.9698686707	0.9108539042	0.8179475370	0.6932570828
99.90	0.9968307571	0.9691768149	0.9096912333	0.8164312521	0.6916608835
100.00	0.9968307571	0.9691768149	0.9096912333	0.8164312521	0.6916608835
