	1.530	1.540	1.550	1.560	1.570
22.40	0.0011102443	0.0038153744	0.0095879253	0.0202756192	0.0381851761
22.50	0.0007669867	0.0031442695	0.0085223584	0.0187680314	0.0362217172
22.60	0.0012197119	0.0040267409	0.0099492794	0.0208437229	0.0390174097
22.70	0.0017787417	0.0050183412	0.0114856755	0.0230259422	0.0419125276
22.80	0.0013683515	0.0042829956	0.0103608726	0.0214661811	0.0399056287
22.90	0.0013683515	0.0042829956	0.0103608726	0.0214661811	0.0399056287
23.00	0.0015560371	0.0045839159	0.0108223381	0.0221424237	0.0408489930
23.10	0.0021559002	0.0056216326	0.0124087795	0.0243757816	0.0437915134
23.20	0.0017826099	0.0049292405	0.0113332650	0.0228718314	0.0418466105
23.30	0.0020478782	0.0053186696	0.0118931981	0.0236537359	0.0428975371
23.40	0.0020478782	0.0053186696	0.0118931981	0.0236537359	0.0428975371
23.50	0.0017968191	0.0047545787	0.0109507175	0.0222858271	0.0410895489
23.60	0.0023516172	0.0057518650	0.0125016385	0.0244874211	0.0440007785
23.70	0.0026935701	0.0062284508	0.0131580443	0.0253721232	0.0451552906
23.80	0.0026935701	0.0062284508	0.0131580443	0.0253721232	0.0451552906
23.90	0.0024773023	0.0057052257	0.0122629867	0.0240583334	0.0434076740
24.00	0.0030734472	0.0067480132	0.0138618308	0.0263070317	0.0463599804
24.10	0.0030734472	0.0067480132	0.0138618308	0.0263070317	0.0463599804
24.20	0.0034909273	0.0073101011	0.0146123711	0.0272912900	0.0476137072
24.30	0.0042151255	0.0084847837	0.0163432873	0.0296670011	0.0506809358
24.40	0.0039456569	0.0079142266	0.0154089965	0.0283239962	0.0489152837
24.50	0.0037789431	0.0074497571	0.0145825981	0.0270889117	0.0472556402
24.60	0.0044372514	0.0085598655	0.0162509975	0.0294042041	0.0502634768
24.70	0.0052030669	0.0097792351	0.0180276167	0.0318230680	0.0533658242
24.80	0.0049652949	0.0092464574	0.0171376240	0.0305309235	0.0516570091
24.90	0.0049652949	0.0092464574	0.0171376240	0.0305309235	0.0516570091
25.00	0.0055293408	0.0099734064	0.0180680864	0.0317031218	0.0530945598
25.10	0.0061289121	0.0107400819	0.0190415558	0.0329197246	0.0545747658
25.20	0.0061289121	0.0107400819	0.0190415558	0.0329197246	0.0545747658
25.30	0.0069568709	0.0120250671	0.0208838669	0.0353986952	0.0577231586
25.40	0.0067635017	0.0115458185	0.0200571651	0.0341796164	0.0560962234
25.50	0.0066713486	0.0111713108	0.0193372464	0.0330676154	0.0545747284
25.60	0.0074325733	0.0123899175	0.0211140098	0.0354816421	0.0576574891
25.70	0.0083015899	0.0137174968	0.0229979818	0.0379973689	0.0608319333
25.80	0.0081355612	0.0132716464	0.0222111485	0.0368246078	0.0592570813
25.90	0.0080700854	0.0129299416	0.0215305891	0.0357585149	0.0577873642
26.00	0.0088718715	0.0141902407	0.0233476039	0.0382072819	0.0608934814
26.10	0.0088190052	0.0138641915	0.0226859590	0.0371633511	0.0594488254
26.20	0.0096408821	0.0151449037	0.0245223641	0.0396283962	0.0625651352
26.30	0.0105706247	0.0165343097	0.0264652609	0.0421939111	0.0657713391
26.40	0.0104419433	0.0161348077	0.0257343825	0.0410866470	0.0642704547
26.50	0.0104419433	0.0161348077	0.0257343825	0.0410866470	0.0642704547
26.60	0.0112743789	0.0171590943	0.0269825799	0.0425806964	0.0660078188
26.70	0.0122438609	0.0185881526	0.0289621810	0.0451756383	0.0692301358
26.80	0.0121374858	0.0182168759	0.0282658445	0.0441091734	0.0677755757
26.90	0.0121374858	0.0182168759	0.0282658445	0.0441091734	0.0677755757
27.00	0.0130305358	0.0193072355	0.0295830335	0.0456706752	0.0695720436
27.10	0.0139527753	0.0204292284	0.0309329739	0.0472637685	0.0713955128
27.20	0.0139527753	0.0204292284	0.0309329739	0.0472637685	0.0713955128
27.30	0.0149034264	0.0215818825	0.0323144634	0.0488869906	0.0732442470
27.40	0.0149034264	0.0215818825	0.0323144634	0.0488869906	0.0732442470
27.50	0.0149034264	0.0215818825	0.0323144634	0.0488869906	0.0732442470
27.60	0.0158816875	0.0227641994	0.0337262719	0.0505388511	0.0751164850
27.70	0.0169471017	0.0242860251	0.0357876858	0.0531932868	0.0783606037
27.80	0.0168867339	0.0239751549	0.0351671420	0.0522178328	0.0770104422
27.90	0.0169232530	0.0237650372	0.0346498455	0.0513464624	0.0757633234
28.00	0.0179177188	0.0252137007	0.0366357909	0.0539223933	0.0789243122
28.10	0.0179612864	0.0250134511	0.0361313903	0.0530669235	0.0776957488
28.20	0.0189737737	0.0264787645	0.0381309106	0.0556509664	0.0808562688
28.30	0.0200540094	0.0277692514	0.0396511700	0.0574019635	0.0828044672
28.40	0.0200540094	0.0277692514	0.0396511700	0.0574019635	0.0828044672
28.50	0.0200540094	0.0277692514	0.0396511700	0.0574019635	0.0828044672
28.60	0.0211575168	0.0290840447	0.0411952154	0.0591737750	0.0847670461
28.70	0.0223127053	0.0306881818	0.0433228471	0.0618663142	0.0880055548
28.80	0.0222833673	0.0304220069	0.0427616720	0.0609647718	0.0867421290
28.90	0.0222833673	0.0304220069	0.0427616720	0.0609647718	0.0867421290
29.00	0.0234306143	0.0317819809	0.0443491452	0.0627733068	0.0887278265
29.10	0.0245982934	0.0331627908	0.0459562217	0.0645977162	0.0907222373
29.20	0.0245982934	0.0331627908	0.0459562217	0.0645977162	0.0907222373
29.30	0.0257854236	0.0345632430	0.0475814707	0.0664363212	0.0927234506
29.40	0.0257854236	0.0345632430	0.0475814707	0.0664363212	0.0927234506
29.50	0.0257854236	0.0345632430	0.0475814707	0.0664363212	0.0927234506
29.60	0.0269910079	0.0359821272	0.0492234454	0.0682874294	0.0947295474
29.70	0.0282283938	0.0376566479	0.0514002739	0.0709954579	0.0979342363
29.80	0.0282140346	0.0374182176	0.0508806840	0.0701493365	0.0967386026
29.90	0.0282924692	0.0372766277	0.0504607117	0.0694040493	0.0956432337
30.00	0.0294534777	0.0388702740	0.0525517115	0.0720203277	0.0987486863
30.10	0.0295324834	0.0387317037	0.0521374453	0.0712834666	0.0976642251
30.20	0.0307082980	0.0403370426	0.0542350403	0.0738986791	0.1007578663
30.30	0.0319774443	0.0418172576	0.0559291722	0.0757826597	0.1027642091
30.40	0.0319774443	0.0418172576	0.0559291722	0.0757826597	0.1027642091
30.50	0.0319774443	0.0418172576	0.0559291722	0.0757826597	0.1027642091
30.60	0.0332598537	0.0433096418	0.0576325994	0.0776705324	0.1047657823
30.70	0.0345544531	0.0448129081	0.0593438058	0.0795605560	0.1067606558
30.80	0.0345544531	0.0448129081	0.0593438058	0.0795605560	0.1067606558
30.90	0.0345544531	0.0448129081	0.0593438058	0.0795605560	0.1067606558
31.00	0.0358601599	0.0463257606	0.0610612684	0.0814509869	0.1087469041
31.10	0.0371976857	0.0480766179	0.0632764722	0.0841413735	0.1118565174
31.20	0.0371758829	0.0478468954	0.0627834591	0.0833400799	0.1107226078
31.30	0.0385005233	0.0493750021	0.0645088452	0.0852260906	0.1126858553
31.40	0.0385005233	0.0493750021	0.0645088452	0.0852260906	0.1126858553
31.50	0.0385005233	0.0493750021	0.0645088452	0.0852260906	0.1126858553
31.60	0.0398329758	0.0509087651	0.0662358916	0.0871072768	0.1146347449
31.70	0.0411721295	0.0524468642	0.0679630616	0.0889818995	0.1165673860
31.80	0.0411721295	0.0524468642	0.0679630616	0.0889818995	0.1165673860
31.90	0.0412252342	0.0523024901	0.0675655269	0.0882851357	0.1155451534
32.00	0.0425168685	0.0539879763	0.0696888186	0.0908482254	0.1184819013
32.10	0.0425168685	0.0539879763	0.0696888186	0.0908482254	0.1184819013
32.20	0.0438660736	0.0555307762	0.0714116273	0.0927045278	0.1203764285
32.30	0.0452186227	0.0570739382	0.0731299552	0.0945490881	0.1222491218
32.40	0.0452186227	0.0570739382	0.0731299552	0.0945490881	0.1222491218
32.50	0.0452186227	0.0570739382	0.0731299552	0.0945490881	0.1222491218
32.60	0.0465733920	0.0586161366	0.0748422738	0.0963801980	0.1240981536
32.70	0.0479292568	0.0601560477	0.0765470603	0.0981961604	0.1259217164
32.80	0.0479292568	0.0601560477	0.0765470603	0.0981961604	0.1259217164
32.90	0.0479292568	0.0601560477	0.0765470603	0.0981961604	0.1259217164
33.00	0.0492850929	0.0616923502	0.0782427983	0.0999952912	0.1277180242
33.10	0.0507314358	0.0635039111	0.0804488828	0.1025807273	0.1305982182
33.20	0.0506397772	0.0632237269	0.0799279801	0.1017759210	0.1294853146
33.30	0.0519921886	0.0647488657	0.0816011070	0.1035363963	0.1312218498
33.40	0.0519921886	0.0647488657	0.0816011070	0.1035363963	0.1312218498
33.50	0.0519921886	0.0647488657	0.0816011070	0.1035363963	0.1312218498
33.60	0.0533412095	0.0662664605	0.0832606915	0.1052750809	0.1329259186
33.70	0.0546857262	0.0677752128	0.0849052583	0.1069903579	0.1345958380
33.80	0.0546857262	0.0677752128	0.0849052583	0.1069903579	0.1345958380
33.90	0.0546439163	0.0675541416	0.0844528833	0.1062631259	0.1335687098
34.00	0.0560246302	0.0692738325	0.0865333454	0.1086806309	0.1362299546
34.10	0.0560246302	0.0692738325	0.0865333454	0.1086806309	0.1362299546
34.20	0.0573568193	0.0707610393	0.0881435057	0.1103443250	0.1378266461
34.30	0.0586811979	0.0722355635	0.0897343083	0.1119798891	0.1393843231
34.40	0.0586811979	0.0722355635	0.0897343083	0.1119798891	0.1393843231
34.50	0.0586811979	0.0722355635	0.0897343083	0.1119798891	0.1393843231
34.60	0.0599966789	0.0736961475	0.0913043394	0.1135857966	0.1409014300
34.70	0.0613021838	0.0751415465	0.0928522043	0.1151605471	0.1423764472
34.80	0.0613021838	0.0751415465	0.0928522043	0.1151605471	0.1423764472
34.90	0.0613021838	0.0751415465	0.0928522043	0.1151605471	0.1423764472
35.00	0.0625966441	0.0765705301	0.0943765276	0.1167026677	0.1438078918
35.10	0.0641089660	0.0783849998	0.0964999431	0.1190948231	0.1463593231
35.20	0.0638790022	0.0779818828	0.0958759556	0.1182107141	0.1451943195
35.30	0.0651482122	0.0793744056	0.0973491565	0.1196832725	0.1465343255
35.40	0.0651482122	0.0793744056	0.0973491565	0.1196832725	0.1465343255
35.50	0.0651482122	0.0793744056	0.0973491565	0.1196832725	0.1465343255
35.60	0.0664032407	0.0807469166	0.0987948221	0.1211189602	0.1478265461
35.70	0.0676430682	0.0820982526	0.1002116690	0.1225164274	0.1490696601
35.80	0.0676430682	0.0820982526	0.1002116690	0.1225164274	0.1490696601
35.90	0.0674395545	0.0817299163	0.0996315615	0.1216858546	0.1479683185
36.00	0.0688666893	0.0834272694	0.1015984395	0.1238743581	0.1502623896
36.10	0.0688666893	0.0834272694	0.1015984395	0.1238743581	0.1502623896
36.20	0.0700731141	0.0847328435	0.1029539029	0.1251914714	0.1514035014
36.30	0.0712613688	0.0860138726	0.1042768565	0.1264665225	0.1524918082
36.40	0.0712613688	0.0860138726	0.1042768565	0.1264665225	0.1524918082
36.50	0.0712613688	0.0860138726	0.1042768565	0.1264665225	0.1524918082
36.60	0.0724304967	0.0872692768	0.1055661267	0.1276983044	0.1535261698
36.70	0.0735795588	0.0884979995	0.1068205701	0.1288856481	0.1545054939
36.80	0.0735795588	0.0884979995	0.1068205701	0.1288856481	0.1545054939
36.90	0.0735795588	0.0884979995	0.1068205701	0.1288856481	0.1545054939
37.00	0.0747076349	0.0896990083	0.1080390745	0.1300274245	0.1554287374
37.10	0.0762444623	0.0914627021	0.1100142034	0.1321510048	0.1575715760
37.20	0.0758138242	0.0908712961	0.1092205598	0.1311225449	0.1562949069
37.30	0.0768972462	0.0920138815	0.1103639790	0.1321699622	0.1571030605
37.40	0.0768972462	0.0920138815	0.1103639790	0.1321699622	0.1571030605
37.50	0.0768972462	0.0920138815	0.1103639790	0.1321699622	0.1571030605
37.60	0.0779570412	0.0931258102	0.1114683193	0.1331686719	0.1578523078
37.70	0.0789923715	0.0942061556	0.1125326029	0.1341177129	0.1585418111
37.80	0.0789923715	0.0942061556	0.1125326029	0.1341177129	0.1585418111
37.90	0.0785681730	0.0936290569	0.1117626555	0.1331239750	0.1573128168
38.00	0.0800024217	0.0952540196	0.1135558875	0.1350161683	0.1591707865
38.10	0.0800024217	0.0952540196	0.1135558875	0.1350161683	0.1591707865
38.20	0.0809863996	0.0962685334	0.1145372680	0.1358631666	0.1597385039
38.30	0.0819435369	0.0972488583	0.1154758762	0.1366578821	0.1602442887
38.40	0.0819435369	0.0972488583	0.1154758762	0.1366578821	0.1602442887
38.50	0.0814433640	0.0965991311	0.1146391736	0.1356062087	0.1589696687
38.60	0.0828730896	0.0981941862	0.1163708828	0.1373995358	0.1606875213
38.70	0.0837743392	0.0991037409	0.1172214969	0.1380873961	0.1610676387
38.80	0.0837743392	0.0991037409	0.1172214969	0.1380873961	0.1610676387
38.90	0.0837743392	0.0991037409	0.1172214969	0.1380873961	0.1610676387
39.00	0.0846465926	0.0999767780	0.1180269678	0.1387207797	0.1613841345
39.10	0.0861720789	0.1016452058	0.1198019869	0.1405199873	0.1630647535
39.20	0.0854891833	0.1008125862	0.1187865847	0.1392990517	0.1616365596
39.30	0.0870118926	0.1024695251	0.1205394200	0.1410636582	0.1632691655
39.40	0.0863014715	0.1016104875	0.1194996783	0.1398216268	0.1618245224
39.50	0.0856663789	0.1008314233	0.1185439054	0.1386667211	0.1604691825
39.60	0.0870828452	0.1023698379	0.1201656206	0.1402879694	0.1619476895
39.70	0.0878327201	0.1030900283	0.1207838258	0.1406975942	0.1620057859
39.80	0.0878327201	0.1030900283	0.1207838258	0.1406975942	0.1620057859
39.90	0.0871411299	0.1022567524	0.1197781701	0.1394995957	0.1606171072
40.00	0.0885505404	0.1037704843	0.1213537508	0.1410500669	0.1619985953
40.10	0.0885505404	0.1037704843	0.1213537508	0.1410500669	0.1619985953
40.20	0.0892357793	0.1044106675	0.1218748956	0.1413450043	0.1619259602
40.30	0.0907409680	0.1060060022	0.1235124905	0.1429327817	0.1633161928
40.40	0.0898879396	0.1050100754	0.1223468041	0.1415820746	0.1617877823
40.50	0.0891093159	0.1040933066	0.1212644457	0.1403181025	0.1603486114
40.60	0.0905065535	0.1055682419	0.1227690639	0.1417609981	0.1615840226
40.70	0.0910911838	0.1060847383	0.1231413070	0.1418815471	0.1613147012
40.80	0.0910911838	0.1060847383	0.1231413070	0.1418815471	0.1613147012
40.90	0.0910911838	0.1060847383	0.1231413070	0.1418815471	0.1613147012
41.00	0.0916414236	0.1065591725	0.1234632103	0.1419435463	0.1609798977
41.10	0.0931289405	0.1081012061	0.1250047146	0.1433869039	0.1621754462
41.20	0.0921568971	0.1069911907	0.1237344956	0.1419468731	0.1605797509
41.30	0.0936395911	0.1085194810	0.1252516190	0.1433539452	0.1617267961
41.40	0.0926372596	0.1073804765	0.1239549300	0.1418914572	0.1601144588
41.50	0.0917086667	0.1063200866	0.1227412106	0.1405156003	0.1585915771
41.60	0.0930821978	0.1077267520	0.1241243258	0.1417772814	0.1595842783
41.70	0.0921230388	0.1066371526	0.1228840105	0.1403789804	0.1580449550
41.80	0.0934914304	0.1080297777	0.1242425413	0.1416043809	0.1589895256
41.90	0.0925015581	0.1069108557	0.1229755758	0.1401836715	0.1574339210
42.00	0.0938647080	0.1082893525	0.1243094803	0.1413728441	0.1583305750
42.10	0.0938647080	0.1082893525	0.1243094803	0.1413728441	0.1583305750
42.20	0.0942018132	0.1085053143	0.1243250924	0.1410828116	0.1576078595
42.30	0.0956586086	0.1099632500	0.1257192855	0.1423087684	0.1585150491
42.40	0.0945025610	0.1086775399	0.1242893733	0.1407344770	0.1568218697
42.50	0.0947667991	0.1088059449	0.1242023642	0.1403280859	0.1559731540
42.60	0.0947667991	0.1088059449	0.1242023642	0.1403280859	0.1559731540
42.70	0.0936529803	0.1075690242	0.1228287179	0.1388185931	0.1543545384
42.80	0.0949944076	0.1088904843	0.1240641525	0.1398639366	0.1550623179
42.90	0.0949944076	0.1088904843	0.1240641525	0.1398639366	0.1550623179
43.00	0.0951852992	0.1089311519	0.1238748711	0.1393423789	0.1540900232
43.10	0.0966200308	0.1103319000	0.1251708489	0.1404254877	0.1548104782
43.20	0.0953394195	0.1089279808	0.1236346986	0.1387638145	0.1530569880
43.30	0.0967685603	0.1103144549	0.1249063293	0.1398117252	0.1537317414
43.40	0.0954567467	0.1088810429	0.1233438591	0.1381286963	0.1519639858
43.50	0.0955372919	0.1087904493	0.1230026221	0.1374375283	0.1508118445
43.60	0.0955372919	0.1087904493	0.1230026221	0.1374375283	0.1508118445
43.70	0.0942675165	0.1074060275	0.1214971784	0.1358208069	0.1491210873
43.80	0.0955810987	0.1086563498	0.1226113017	0.1366908648	0.1496014464
43.90	0.0942801875	0.1072426393	0.1210799351	0.1350534385	0.1478973851
44.00	0.0955882435	0.1084789329	0.1221702572	0.1358893101	0.1483337269
44.10	0.0955882435	0.1084789329	0.1221702572	0.1358893101	0.1483337269
44.20	0.0955588352	0.1082584257	0.1216798920	0.1350335181	0.1470096739
44.30	0.0969602481	0.1095745556	0.1228321464	0.1359098699	0.1474633542
44.40	0.0954930150	0.1079950935	0.1211406538	0.1341241915	0.1456303267
44.50	0.0953909566	0.1076892397	0.1205530337	0.1331620814	0.1441967756
44.60	0.0953909566	0.1076892397	0.1205530337	0.1331620814	0.1441967756
44.70	0.0939663252	0.1061597791	0.1189201798	0.1314450824	0.1424440082
44.80	0.0952528657	0.1073412054	0.1199175662	0.1321479862	0.1427101605
44.90	0.0952528657	0.1073412054	0.1199175662	0.1321479862	0.1427101605
45.00	0.0950789798	0.1069513691	0.1192348284	0.1310827517	0.1411716698
45.10	0.0964592846	0.1082135038	0.1202957246	0.1318287399	0.1414591822
45.20	0.0948695680	0.1065201466	0.1185054398	0.1299672695	0.1395825401
45.30	0.0962448547	0.1077692419	0.1195442493	0.1306818329	0.1398302299
45.40	0.0946249310	0.1060479903	0.1177300613	0.1288024767	0.1379440541
45.50	0.0943454004	0.1055353886	0.1169093950	0.1275893551	0.1362575404
45.60	0.0943454004	0.1055353886	0.1169093950	0.1275893551	0.1362575404
45.70	0.0927693827	0.1038659380	0.1151562734	0.1257818592	0.1344556341
45.80	0.0940313387	0.1049828661	0.1160441836	0.1263289300	0.1345243717
45.90	0.0924256638	0.1032862439	0.1142680975	0.1245047421	0.1327144022
46.00	0.0936831387	0.1043909827	0.1151352092	0.1250222696	0.1327459639
46.10	0.0936831387	0.1043909827	0.1151352092	0.1250222696	0.1327459639
46.20	0.0933012233	0.1037603328	0.1141832933	0.1236704838	0.1309237747
46.30	0.0946536088	0.1049478109	0.1151172011	0.1242361076	0.1309839741
46.40	0.0928860450	0.1030915456	0.1131892955	0.1222747236	0.1290593025
46.50	0.0924380855	0.1023852836	0.1121541131	0.1208361796	0.1271540848
46.60	0.0924380855	0.1023852836	0.1121541131	0.1208361796	0.1271540848
46.70	0.0907164452	0.1005833686	0.1102904633	0.1189505713	0.1253183407
46.80	0.0919578554	0.1016422425	0.1110786801	0.1193560814	0.1252096972
46.90	0.0919578554	0.1016422425	0.1110786801	0.1193560814	0.1252096972
47.00	0.0914458935	0.1008631507	0.1099639665	0.1178356962	0.1232277517
47.10	0.0927833126	0.1020065672	0.1108217376	0.1182933165	0.1231533395
47.20	0.0909027662	0.1000487681	0.1088109772	0.1162763277	0.1212098954
47.30	0.0922370059	0.1011820195	0.1096509456	0.1167086677	0.1211041499
47.40	0.0903290675	0.0991998859	0.1076207514	0.1146793151	0.1191578091
47.50	0.0897254177	0.0983173256	0.1063943615	0.1130460318	0.1170732056
47.60	0.0897254177	0.0983173256	0.1063943615	0.1130460318	0.1170732056
47.70	0.0878660929	0.0963927873	0.1044323037	0.1110970131	0.1152209817
47.80	0.0890924636	0.0974019385	0.1051329120	0.1113778842	0.1149578284
47.90	0.0872067347	0.0954542460	0.1031528182	0.1094181282	0.1131045431
48.00	0.0884308772	0.0964546046	0.1038375389	0.1096763106	0.1128134502
48.10	0.0884308772	0.0964546046	0.1038375389	0.1096763106	0.1128134502
48.20	0.0877413555	0.0954762321	0.1025094084	0.1079427795	0.1106418710
48.30	0.0890636022	0.0965644388	0.1032685714	0.1082599676	0.1103943378
48.40	0.0870246199	0.0944677564	0.1011497157	0.1061787887	0.1084449169
48.50	0.0862814151	0.0934301393	0.0997596844	0.1043858641	0.1062244382
48.60	0.0862814151	0.0934301393	0.0997596844	0.1043858641	0.1062244382
48.70	0.0842943554	0.0913949252	0.0977134509	0.1023901128	0.1043747237
48.80	0.0855125089	0.0923643682	0.0983405651	0.1025655576	0.1039823079
48.90	0.0855125089	0.0923643682	0.0983405651	0.1025655576	0.1039823079
49.00	0.0847186912	0.0912714551	0.0968936342	0.1007194465	0.1017204198
49.10	0.0860366054	0.0923312982	0.0975988813	0.1009589883	0.1013782953
49.20	0.0839007735	0.0901524357	0.0954201930	0.0988491319	0.0994406873
49.30	0.0852184081	0.0912063460	0.0961135608	0.0990713925	0.0990776488
49.40	0.0830595878	0.0890083686	0.0939215664	0.0969562369	0.0971450413
49.50	0.0821959862	0.0878403340	0.0923991017	0.0950424056	0.0948354283
49.60	0.0821959862	0.0878403340	0.0923991017	0.0950424056	0.0948354283
49.70	0.0800929518	0.0857082453	0.0902847213	0.0930181858	0.0930083728
49.80	0.0813108399	0.0866494332	0.0908541674	0.0931093014	0.0925138094
49.90	0.0791861648	0.0844997688	0.0887282146	0.0910816895	0.0906937706
50.00	0.0804050386	0.0854367874	0.0892881521	0.0911586057	0.0901821579
50.10	0.0804050386	0.0854367874	0.0892881521	0.0911586057	0.0901821579
50.20	0.0794794893	0.0842035363	0.0877024631	0.0891920161	0.0878424576
50.30	0.0808009185	0.0852352018	0.0883465837	0.0893412383	0.0873917928
50.40	0.0785351159	0.0829508378	0.0860985252	0.0872112452	0.0854967014
50.50	0.0775728583	0.0816798663	0.0844777795	0.0852180189	0.0831468893
50.60	0.0775728583	0.0816798663	0.0844777795	0.0852180189	0.0831468893
50.70	0.0753671838	0.0794662676	0.0823127226	0.0831847533	0.0813632996
50.80	0.0765936711	0.0803918122	0.0828416818	0.0832140750	0.0807950265
50.90	0.0765936711	0.0803918122	0.0828416818	0.0832140750	0.0807950265
51.00	0.0755985234	0.0790878802	0.0811917019	0.0812011614	0.0784431218
51.10	0.0769295843	0.0801111154	0.0818091353	0.0813085373	0.0779431457
51.20	0.0745883972	0.0777692889	0.0795293216	0.0791810349	0.0760931858
51.30	0.0759228237	0.0787917697	0.0801419079	0.0792803102	0.0755838117
51.40	0.0735642873	0.0764372692	0.0778560339	0.0771554593	0.0737472290
51.50	0.0725271995	0.0750930631	0.0761733414	0.0751262040	0.0714072601
51.60	0.0725271995	0.0750930631	0.0761733414	0.0751262040	0.0714072601
51.70	0.0702335292	0.0728145604	0.0739761333	0.0731040173	0.0696880756
51.80	0.0714781506	0.0737379234	0.0744827549	0.0730950424	0.0690752840
51.90	0.0691687335	0.0714485176	0.0722814038	0.0710775148	0.0673714674
52.00	0.0704181666	0.0723731115	0.0727857923	0.0710637502	0.0667533006
52.10	0.0704181666	0.0723731115	0.0727857923	0.0710637502	0.0667533006
52.20	0.0693482824	0.0709998969	0.0710839770	0.0690341042	0.0644433021
52.30	0.0707054521	0.0720269413	0.0716835079	0.0691072389	0.0639045967
52.40	0.0682695408	0.0696195561	0.0693788368	0.0670078801	0.0621472720
52.50	0.0671829910	0.0682333710	0.0676719022	0.0649868514	0.0598671830
52.60	0.0671829910	0.0682333710	0.0676719022	0.0649868514	0.0598671830
52.70	0.0648169895	0.0659074654	0.0654617133	0.0629960948	0.0582329417
52.80	0.0660896884	0.0668426282	0.0659647053	0.0629727877	0.0576049954
52.90	0.0660896884	0.0668426282	0.0659647053	0.0629727877	0.0576049954
53.00	0.0649906930	0.0654486177	0.0642587783	0.0609674531	0.0553626550
53.10	0.0663732678	0.0664894586	0.0648614184	0.0610369773	0.0548215748
53.20	0.0638870690	0.0640526316	0.0625556522	0.0589726046	0.0531420918
53.30	0.0652770018	0.0650983378	0.0631609556	0.0590436199	0.0526033120
53.40	0.0627798834	0.0626559629	0.0608568554	0.0569899904	0.0509452180
53.50	0.0616702052	0.0612599048	0.0591639122	0.0550213488	0.0487739264
53.60	0.0616702052	0.0612599048	0.0591639122	0.0550213488	0.0487739264
53.70	0.0592482512	0.0589046294	0.0569601341	0.0530821173	0.0472442335
53.80	0.0605591043	0.0598657489	0.0574783417	0.0530684060	0.0466300886
53.90	0.0581279658	0.0575067841	0.0552781620	0.0511418346	0.0451235393
54.00	0.0594476508	0.0584747845	0.0558016562	0.0511328751	0.0445155534
54.10	0.0594476508	0.0584747845	0.0558016562	0.0511328751	0.0445155534
54.20	0.0583369138	0.0570882974	0.0541353602	0.0492164544	0.0424321453
54.30	0.0597696238	0.0581667651	0.0547651884	0.0493090824	0.0419218513
54.40	0.0572279606	0.0557075684	0.0524809484	0.0473208257	0.0403816626
54.50	0.0561218554	0.0543338726	0.0508399052	0.0454476530	0.0383658761
54.60	0.0561218554	0.0543338726	0.0508399052	0.0454476530	0.0383658761
54.70	0.0561218554	0.0543338726	0.0508399052	0.0454476530	0.0383658761
54.80	0.0550196589	0.0529684777	0.0492137025	0.0435985810	0.0363865269
54.90	0.0550196589	0.0529684777	0.0492137025	0.0435985810	0.0363865269
55.00	0.0539224267	0.0516126437	0.0476037993	0.0417752335	0.0344453257
55.10	0.0528312088	0.0502676208	0.0460116394	0.0399792123	0.0325439508
55.20	0.0528312088	0.0502676208	0.0460116394	0.0399792123	0.0325439508
55.30	0.0543164208	0.0513926000	0.0466842460	0.0401164008	0.0320894508
55.40	0.0517470485	0.0489346489	0.0444386512	0.0382120952	0.0306840464
55.50	0.0506709815	0.0476149565	0.0428862453	0.0364754350	0.0288672215
55.60	0.0506709815	0.0476149565	0.0428862453	0.0364754350	0.0288672215
55.70	0.0506709815	0.0476149565	0.0428862453	0.0364754350	0.0288672215
55.80	0.0496040347	0.0463097592	0.0413558142	0.0347707582	0.0270950485
55.90	0.0471181191	0.0439535833	0.0392327523	0.0330113025	0.0258565184
56.00	0.0485472257	0.0450202589	0.0398487304	0.0330995632	0.0253690613
56.10	0.0460595130	0.0426682473	0.0377373319	0.0313606043	0.0241605944
56.20	0.0475015615	0.0437476427	0.0383663455	0.0314633194	0.0236907546
56.30	0.0490484300	0.0449321890	0.0390990725	0.0316667566	0.0233175810
56.40	0.0464680381	0.0424930817	0.0369099890	0.0298634656	0.0220615820
56.50	0.0454476387	0.0412577300	0.0354809669	0.0283014088	0.0204829549
56.60	0.0454476387	0.0412577300	0.0354809669	0.0283014088	0.0204829549
56.70	0.0454476387	0.0412577300	0.0354809669	0.0283014088	0.0204829549
56.80	0.0444413339	0.0400427239	0.0340805605	0.0267785231	0.0189562414
56.90	0.0444413339	0.0400427239	0.0340805605	0.0267785231	0.0189562414
57.00	0.0434500800	0.0388491805	0.0327100259	0.0252961482	0.0174827649
57.10	0.0424748184	0.0376781969	0.0313705917	0.0238555884	0.0160638028
57.20	0.0424748184	0.0376781969	0.0313705917	0.0238555884	0.0160638028
57.30	0.0440916559	0.0389343393	0.0321794773	0.0241452561	0.0157952312
57.40	0.0415164748	0.0365308492	0.0300634593	0.0224581114	0.0147005857
57.50	0.0405759585	0.0354081915	0.0287898004	0.0211049470	0.0133942960
57.60	0.0405759585	0.0354081915	0.0287898004	0.0211049470	0.0133942960
57.70	0.0405759585	0.0354081915	0.0287898004	0.0211049470	0.0133942960
57.80	0.0396541612	0.0343112551	0.0275507573	0.0197972863	0.0121460669
57.90	0.0371792487	0.0320264922	0.0255734712	0.0182690941	0.0112284078
58.00	0.0387519565	0.0332410472	0.0263474408	0.0185362804	0.0109569816
58.10	0.0362815698	0.0309668890	0.0243880429	0.0170340849	0.0100734339
58.20	0.0378701990	0.0321985504	0.0251809298	0.0173230395	0.0098280719
58.30	0.0395642209	0.0335369811	0.0260803448	0.0177168068	0.0096846937
58.40	0.0370097236	0.0311847218	0.0240522702	0.0161586318	0.0087603178
58.50	0.0361713444	0.0302004918	0.0229624739	0.0150440825	0.0077546461
58.60	0.0361713444	0.0302004918	0.0229624739	0.0150440825	0.0077546461
58.70	0.0361713444	0.0302004918	0.0229624739	0.0150440825	0.0077546461
58.80	0.0353558548	0.0292467634	0.0219125179	0.0139803733	0.0068119302
58.90	0.0353558548	0.0292467634	0.0219125179	0.0139803733	0.0068119302
59.00	0.0345640256	0.0283244117	0.0209033436	0.0129684409	0.0059329885
59.10	0.0337966054	0.0274342827	0.0199358557	0.0120091766	0.0051185845
59.20	0.0337966054	0.0274342827	0.0199358557	0.0120091766	0.0051185845
59.30	0.0355736953	0.0288640748	0.0209381770	0.0125224415	0.0051179419
59.40	0.0330543193	0.0265771928	0.0190109215	0.0111034253	0.0043694255
59.50	0.0323378684	0.0257539279	0.0181293703	0.0102519850	0.0036861622
59.60	0.0323378684	0.0257539279	0.0181293703	0.0102519850	0.0036861622
59.70	0.0323378684	0.0257539279	0.0181293703	0.0102519850	0.0036861622
59.80	0.0316479291	0.0249652429	0.0172919924	0.0094556058	0.0030693882
59.90	0.0292437845	0.0228113115	0.0155158426	0.0082045196	0.0025014143
60.00	0.0309851528	0.0242118608	0.0164995383	0.0087149891	0.0025196395
60.10	0.0285910100	0.0220737824	0.0147458831	0.0074932793	0.0019871587
60.20	0.0303501648	0.0234944720	0.0157527186	0.0080307877	0.0020373936
60.30	0.0322146685	0.0250228322	0.0168680472	0.0086761749	0.0021936845
60.40	0.0297435642	0.0228137342	0.0150522027	0.0074036043	0.0016230696
60.50	0.0291659230	0.0221702711	0.0143986185	0.0068339915	0.0012770275
60.60	0.0291659230	0.0221702711	0.0143986185	0.0068339915	0.0012770275
60.70	0.0291659230	0.0221702711	0.0143986185	0.0068339915	0.0012770275
60.80	0.0286177860	0.0215646724	0.0137925519	0.0063224514	0.0009995681
60.90	0.0286177860	0.0215646724	0.0137925519	0.0063224514	0.0009995681
61.00	0.0280996697	0.0209974929	0.0132345463	0.0058694346	0.0007909325
61.10	0.0276120626	0.0204692522	0.0127251019	0.0054753405	0.0006513021
61.20	0.0276120626	0.0204692522	0.0127251019	0.0054753405	0.0006513021
61.30	0.0295666141	0.0221013141	0.0139610308	0.0062624621	0.0009751616
61.40	0.0271554240	0.0199804343	0.0122646752	0.0051405162	0.0005807981
61.50	0.0267301842	0.0195314869	0.0118536791	0.0048652570	0.0005794819
61.60	0.0267301842	0.0195314869	0.0118536791	0.0048652570	0.0005794819
61.70	0.0267301842	0.0195314869	0.0118536791	0.0048652570	0.0005794819
61.80	0.0263367437	0.0191228211	0.0114924819	0.0046498053	0.0006473545
61.90	0.0240529090	0.0171453301	0.0099547108	0.0036986488	0.0004297552
62.00	0.0259754731	0.0187548113	0.0111814075	0.0044943511	0.0007843571
62.10	0.0237058983	0.0167968337	0.0096687194	0.0035734641	0.0006006875
62.20	0.0256467124	0.0184277944	0.0109207346	0.0043990314	0.0009903705
62.30	0.0276920965	0.0201664569	0.0122821737	0.0053343150	0.0014887325
62.40	0.0253507713	0.0181420701	0.0107106969	0.0043639302	0.0012652157
62.50	0.0250879283	0.0178978998	0.0105514827	0.0043890784	0.0016086538
62.60	0.0250879283	0.0178978998	0.0105514827	0.0043890784	0.0016086538
62.70	0.0250879283	0.0178978998	0.0105514827	0.0043890784	0.0016086538
62.80	0.0248584308	0.0176955072	0.0104432347	0.0044744538	0.0020203864
62.90	0.0248584308	0.0176955072	0.0104432347	0.0044744538	0.0020203864
63.00	0.0246624948	0.0175350776	0.0103860499	0.0046199813	0.0025000557
63.10	0.0245003049	0.0174167578	0.0103799796	0.0048255325	0.0030472449
63.20	0.0245003049	0.0174167578	0.0103799796	0.0048255325	0.0030472449
63.30	0.0266353603	0.0192625733	0.0118690396	0.0059121210	0.0037232870
63.40	0.0243720134	0.0173406564	0.0104250293	0.0050909263	0.0036614785
63.50	0.0242777413	0.0173068428	0.0105211585	0.0054159288	0.0043422229
63.60	0.0242777413	0.0173068428	0.0105211585	0.0054159288	0.0043422229
63.70	0.0242777413	0.0173068428	0.0105211585	0.0054159288	0.0043422229
63.80	0.0242175771	0.0173153481	0.0106682811	0.0058002536	0.0050888866
63.90	0.0220901561	0.0155427645	0.0093848048	0.0051461320	0.0051925912
64.00	0.0241915776	0.0173661644	0.0108662652	0.0062435620	0.0059008212
64.10	0.0220812002	0.0156149152	0.0096082228	0.0056179691	0.0060339271
64.20	0.0241997671	0.0174592453	0.0111149334	0.0067454632	0.0067773213
64.30	0.0264213324	0.0194103596	0.0127308721	0.0079831881	0.0076304935
64.40	0.0242421380	0.0175945056	0.0114140627	0.0073055151	0.0077176257
64.50	0.0243186504	0.0177718213	0.0117633850	0.0079232241	0.0087209180
64.60	0.0243186504	0.0177718213	0.0117633850	0.0079232241	0.0087209180
64.70	0.0243186504	0.0177718213	0.0117633850	0.0079232241	0.0087209180
64.80	0.0244292322	0.0179910301	0.0121625872	0.0085980459	0.0097863270
64.90	0.0244292322	0.0179910301	0.0121625872	0.0085980459	0.0097863270
65.00	0.0245737796	0.0182519314	0.0126113114	0.0093293859	0.0109129278
65.10	0.0247521563	0.0185542861	0.0131091555	0.0101165997	0.0120997425
65.20	0.0247521563	0.0185542861	0.0131091555	0.0101165997	0.0120997425
65.30	0.0270550600	0.0206064322	0.0148483881	0.0115020278	0.0131258786
65.40	0.0249641946	0.0188978175	0.0136556731	0.0109589939	0.0133457411
65.50	0.0252096949	0.0192822109	0.0142503743	0.0118558262	0.0146498425
65.60	0.0252096949	0.0192822109	0.0142503743	0.0118558262	0.0146498425
65.70	0.0252096949	0.0192822109	0.0142503743	0.0118558262	0.0146498425
65.80	0.0254884261	0.0197071142	0.0148927260	0.0128063067	0.0160109152
65.90	0.0235381186	0.0181489815	0.0138568225	0.0124201775	0.0163780919
66.00	0.0258001259	0.0201721384	0.0155821525	0.0138095981	0.0174277788
66.10	0.0238680505	0.0186352352	0.0145697751	0.0134477085	0.0178171084
66.20	0.0261445007	0.0206768575	0.0163180357	0.0148648167	0.0188992046
66.30	0.0285215971	0.0228234032	0.0181742088	0.0163913697	0.0200907128
66.40	0.0265212265	0.0212208091	0.0170997158	0.0159710332	0.0204239168
66.50	0.0269299483	0.0218034950	0.0179264923	0.0171272734	0.0220005937
66.60	0.0269299483	0.0218034950	0.0179264923	0.0171272734	0.0220005937
66.70	0.0269299483	0.0218034950	0.0179264923	0.0171272734	0.0220005937
66.80	0.0273702812	0.0224243813	0.0187976239	0.0183325192	0.0236278690
66.90	0.0273702812	0.0224243813	0.0187976239	0.0183325192	0.0236278690
67.00	0.0278418105	0.0230828991	0.0197123296	0.0195857093	0.0253043329
67.10	0.0283440920	0.0237784450	0.0206697895	0.0208857405	0.0270285332
67.20	0.0283440920	0.0237784450	0.0206697895	0.0208857405	0.0270285332
67.30	0.0307863411	0.0260104940	0.0226339161	0.0225438840	0.0283746614
67.40	0.0288766521	0.0245103815	0.0216691452	0.0222314683	0.0287989771
67.50	0.0294389891	0.0252780379	0.0227095007	0.0236217083	0.0306141318
67.60	0.0294389891	0.0252780379	0.0227095007	0.0236217083	0.0306141318
67.70	0.0294389891	0.0252780379	0.0227095007	0.0236217083	0.0306141318
67.80	0.0300305728	0.0260807104	0.0237899234	0.0250552368	0.0324724266
67.90	0.0282621063	0.0247275582	0.0229729305	0.0248838037	0.0330200617
68.00	0.0306508452	0.0269176631	0.0249094446	0.0265307925	0.0343722538
68.10	0.0289002259	0.0255837950	0.0241119907	0.0263770745	0.0349325641
68.20	0.0312992214	0.0277881287	0.0260670605	0.0280470769	0.0363119703
68.30	0.0337958132	0.0300946728	0.0281277147	0.0298245742	0.0377991397
68.40	0.0319750896	0.0286913088	0.0272617334	0.0296027561	0.0382898993
68.50	0.0326778119	0.0296263752	0.0284923920	0.0311964616	0.0403043314
68.60	0.0326778119	0.0296263752	0.0284923920	0.0311964616	0.0403043314
68.70	0.0326778119	0.0296263752	0.0284923920	0.0311964616	0.0403043314
68.80	0.0334067249	0.0305924699	0.0297579330	0.0328267919	0.0423535264
68.90	0.0334067249	0.0305924699	0.0297579330	0.0328267919	0.0423535264
69.00	0.0341611403	0.0315887067	0.0310572216	0.0344923131	0.0444357147
69.10	0.0349403453	0.0326141713	0.0323890928	0.0361915610	0.0465490989
69.20	0.0349403453	0.0326141713	0.0323890928	0.0361915610	0.0465490989
69.30	0.0374788642	0.0349822907	0.0345326584	0.0380737865	0.0481612974
69.40	0.0357436037	0.0336679226	0.0337523524	0.0379230418	0.0486918557
69.50	0.0365701560	0.0347489930	0.0351457778	0.0396852335	0.0508621370
69.60	0.0365701560	0.0347489930	0.0351457778	0.0396852335	0.0508621370
69.70	0.0365701560	0.0347489930	0.0351457778	0.0396852335	0.0508621370
69.80	0.0374192205	0.0358563901	0.0365681198	0.0414765877	0.0530580721
69.90	0.0358222002	0.0346813273	0.0359220784	0.0414463642	0.0536838461
70.00	0.0382899938	0.0369890968	0.0380181026	0.0432955304	0.0552777690
70.10	0.0367090225	0.0358297790	0.0373858977	0.0432747765	0.0559052077
70.20	0.0391816518	0.0381460725	0.0394944261	0.0451404639	0.0575193161
70.30	0.0417482796	0.0405611802	0.0417053949	0.0471107682	0.0592385429
70.40	0.0400933500	0.0393262542	0.0409957662	0.0470097678	0.0597807842
70.50	0.0410242246	0.0405285571	0.0425207766	0.0489018009	0.0620602279
70.60	0.0410242246	0.0405285571	0.0425207766	0.0489018009	0.0620602279
70.70	0.0410242246	0.0405285571	0.0425207766	0.0489018009	0.0620602279
70.80	0.0419733933	0.0417518761	0.0440680896	0.0508149021	0.0643556876
70.90	0.0419733933	0.0417518761	0.0440680896	0.0508149021	0.0643556876
71.00	0.0429399558	0.0429950863	0.0456363173	0.0527473925	0.0666651909
71.10	0.0439229950	0.0442570440	0.0472240531	0.0546975764	0.0689867549
71.20	0.0439229950	0.0442570440	0.0472240531	0.0546975764	0.0689867549
71.30	0.0465027476	0.0467031689	0.0494853654	0.0567376951	0.0707935044
71.40	0.0449215773	0.0455365881	0.0488298731	0.0566637431	0.0713183873
71.50	0.0459347542	0.0468325411	0.0504523367	0.0586441684	0.0736580889
71.60	0.0459347542	0.0468325411	0.0504523367	0.0586441684	0.0736580889
71.70	0.0459347542	0.0468325411	0.0504523367	0.0586441684	0.0736580889
71.80	0.0469615625	0.0481437097	0.0520899886	0.0606371161	0.0760038546
71.90	0.0455126374	0.0471055424	0.0515519956	0.0606603136	0.0765938210
72.00	0.0480010254	0.0494688864	0.0537413597	0.0626408392	0.0783536760
72.10	0.0465652192	0.0484417169	0.0532103005	0.0626642099	0.0789336069
72.20	0.0490521533	0.0508068502	0.0554049686	0.0646535822	0.0807055426
72.30	0.0516291460	0.0532669529	0.0576983881	0.0667440787	0.0825793181
72.40	0.0501139451	0.0521563682	0.0570793228	0.0666735821	0.0830574438
72.50	0.0511853885	0.0535161958	0.0587629200	0.0686990701	0.0854073706
72.60	0.0511853885	0.0535161958	0.0587629200	0.0686990701	0.0854073706
72.70	0.0511853885	0.0535161958	0.0587629200	0.0686990701	0.0854073706
72.80	0.0522654612	0.0548850790	0.0604542497	0.0707282733	0.0877533177
72.90	0.0522654612	0.0548850790	0.0604542497	0.0707282733	0.0877533177
73.00	0.0533531321	0.0562617545	0.0621517944	0.0727594160	0.0900932849
73.10	0.0544473617	0.0576449515	0.0638540307	0.0747907217	0.0924252790
73.20	0.0544473617	0.0576449515	0.0638540307	0.0747907217	0.0924252790
73.30	0.0570050982	0.0601012655	0.0661605466	0.0769114541	0.0943451225
73.40	0.0555471034	0.0590333924	0.0655594311	0.0768204143	0.0947473157
73.50	0.0566513044	0.0604257943	0.0672664651	0.0788467200	0.0970574214
73.60	0.0566513044	0.0604257943	0.0672664651	0.0788467200	0.0970574214
73.70	0.0566513044	0.0604257943	0.0672664651	0.0788467200	0.0970574214
73.80	0.0577589065	0.0618208699	0.0689736007	0.0808678685	0.0993536345
73.90	0.0564250316	0.0608684528	0.0684714819	0.0808495967	0.0997910477
74.00	0.0588688472	0.0632173288	0.0706793057	0.0828820950	0.1016340078
74.10	0.0575444044	0.0622704425	0.0701766391	0.0828544181	0.1020499127
74.20	0.0599800608	0.0646138786	0.0723820490	0.0848876416	0.1038966098
74.30	0.0625017393	0.0670482708	0.0746822953	0.0870182433	0.1058416366
74.40	0.0610914788	0.0660092260	0.0740803020	0.0868827586	0.1061395266
74.50	0.0622020318	0.0674020783	0.0757725403	0.0888657066	0.1083608633
74.60	0.0622020318	0.0674020783	0.0757725403	0.0888657066	0.1083608633
74.70	0.0622020318	0.0674020783	0.0757725403	0.0888657066	0.1083608633
74.80	0.0633106494	0.0687911441	0.0774572445	0.0908347576	0.1105587464
74.90	0.0633106494	0.0687911441	0.0774572445	0.0908347576	0.1105587464
75.00	0.0644162622	0.0701751346	0.0791329019	0.0927881966	0.1127313244
75.10	0.0655178018	0.0715527649	0.0807980079	0.0947243235	0.1148767706
75.20	0.0655178018	0.0715527649	0.0807980079	0.0947243235	0.1148767706
75.30	0.0679866325	0.0739471064	0.0830726913	0.0968446857	0.1168266958
75.40	0.0666142026	0.0729227552	0.0824510671	0.0966414540	0.1169932836
75.50	0.0677044024	0.0742838318	0.0840905949	0.0985379218	0.1190790899
75.60	0.0677044024	0.0742838318	0.0840905949	0.0985379218	0.1190790899
75.70	0.0677044024	0.0742838318	0.0840905949	0.0985379218	0.1190790899
75.80	0.0687873431	0.0756347280	0.0857151185	0.1004120794	0.1211324448
75.90	0.0675298230	0.0747121478	0.0851739173	0.1002582326	0.1213069747
76.00	0.0698619722	0.0769741860	0.0873231788	0.1022623002	0.1231516343
76.10	0.0686098738	0.0760514959	0.0867740413	0.1020899879	0.1232943224
76.20	0.0709272434	0.0783009571	0.0889133310	0.1040869792	0.1251349763
76.30	0.0733267693	0.0806374962	0.0911436570	0.1061777256	0.1270706216
76.40	0.0719821176	0.0796138036	0.0904841462	0.1058845353	0.1270808224
76.50	0.0730255641	0.0809114995	0.0920342130	0.1076534122	0.1289875592
76.60	0.0730255641	0.0809114995	0.0920342130	0.1076534122	0.1289875592
76.70	0.0730255641	0.0809114995	0.0920342130	0.1076534122	0.1289875592
76.80	0.0740565612	0.0821928315	0.0935621382	0.1093920795	0.1308536099
76.90	0.0740565612	0.0821928315	0.0935621382	0.1093920795	0.1308536099
77.00	0.0750740971	0.0834566007	0.0950665484	0.1110990349	0.1326774353
77.10	0.0760771714	0.0847016229	0.0965460911	0.1127728048	0.1344575356
77.20	0.0760771714	0.0847016229	0.0965460911	0.1127728048	0.1344575356
77.30	0.0783915870	0.0869633530	0.0987141801	0.1148157468	0.1363613034
77.40	0.0770647951	0.0859267302	0.0979994360	0.1144119458	0.1361924515
77.50	0.0780359923	0.0871307720	0.0994252762	0.1160150463	0.1378807654
77.60	0.0780359923	0.0871307720	0.0994252762	0.1160150463	0.1378807654
77.70	0.0780359923	0.0871307720	0.0994252762	0.1160150463	0.1378807654
77.80	0.0789898009	0.0883126158	0.1008223291	0.1175807272	0.1395211030
77.90	0.0777687330	0.0873647334	0.1001710330	0.1172058657	0.1393376380
78.00	0.0799252730	0.0894711483	0.1021893380	0.1191076437	0.1411121342
78.10	0.0787057429	0.0885178965	0.1015234726	0.1187065358	0.1408884609
78.20	0.0808414765	0.0906052765	0.1035250728	0.1205944860	0.1426525742
78.30	0.0830559368	0.0927762905	0.1056143557	0.1225730482	0.1445088796
78.40	0.0817374953	0.0917139289	0.1048283315	0.1220399809	0.1441411849
78.50	0.0826124306	0.0927960560	0.1060979407	0.1234428926	0.1455767758
78.60	0.0826124306	0.0927960560	0.1060979407	0.1234428926	0.1455767758
78.70	0.0826124306	0.0927960560	0.1060979407	0.1234428926	0.1455767758
78.80	0.0834654016	0.0938506313	0.1073327573	0.1248020237	0.1469582053
78.90	0.0834654016	0.0938506313	0.1073327573	0.1248020237	0.1469582053
79.00	0.0842955461	0.0948766528	0.1085316692	0.1261162169	0.1482843812
79.10	0.0851020214	0.0958731432	0.1096935963	0.1273843553	0.1495542622
79.20	0.0851020214	0.0958731432	0.1096935963	0.1273843553	0.1495542622
79.30	0.0872029347	0.0979389663	0.1116891811	0.1292839619	0.1513499119
79.40	0.0858840053	0.0968391512	0.1108174914	0.1286053638	0.1507668584
79.50	0.0866406967	0.0977737522	0.1119023414	0.1297782098	0.1519212323
79.60	0.0866406967	0.0977737522	0.1119023414	0.1297782098	0.1519212323
79.70	0.0866406967	0.0977737522	0.1119023414	0.1297782098	0.1519212323
79.80	0.0873713160	0.0986760493	0.1129471679	0.1309019044	0.1530164999
79.90	0.0861500166	0.0976538986	0.1121250745	0.1302364406	0.1524027729
80.00	0.0880751065	0.0995451739	0.1139510283	0.1319755030	0.1540518308
80.10	0.0868520133	0.0985132881	0.1131090827	0.1312779460	0.1533921670
80.20	0.0887513345	0.1003802867	0.1149130166	0.1329981063	0.1550264497
80.30	0.0907266329	0.1023281809	0.1168020191	0.1348065196	0.1567509596
80.40	0.0893992903	0.1011805781	0.1158322640	0.1339688613	0.1559396363
80.50	0.0900182887	0.1019452696	0.1167079400	0.1348869612	0.1567907266
80.60	0.0900182887	0.1019452696	0.1167079400	0.1348869612	0.1567907266
80.70	0.0900182887	0.1019452696	0.1167079400	0.1348869612	0.1567907266
80.80	0.0906076698	0.1026736136	0.1175392530	0.1357516474	0.1575791130
80.90	0.0906076698	0.1026736136	0.1175392530	0.1357516474	0.1575791130
81.00	0.0911667993	0.1033648951	0.1183254509	0.1365622090	0.1583042451
81.10	0.0916950694	0.1040184314	0.1190658221	0.1373179840	0.1589656297
81.20	0.0916950694	0.1040184314	0.1190658221	0.1373179840	0.1589656297
81.30	0.0935344505	0.1058376645	0.1208376510	0.1390255872	0.1606114739
81.40	0.0921918994	0.1046335735	0.1197596955	0.1380183600	0.1595628319
81.50	0.0926567360	0.1052097060	0.1204064420	0.1386627742	0.1600954749
81.60	0.0926567360	0.1052097060	0.1204064420	0.1386627742	0.1600954749
81.70	0.0926567360	0.1052097060	0.1204064420	0.1386627742	0.1600954749
81.80	0.0930890538	0.1057462483	0.1210054743	0.1392507144	0.1605632407
81.90	0.0918380567	0.1046118003	0.1199676307	0.1382467717	0.1594756133
82.00	0.0934883561	0.1062426547	0.1215562478	0.1397817192	0.1609658698
82.10	0.0922331475	0.1050954240	0.1204950923	0.1387422624	0.1598296710
82.20	0.0938541751	0.1066984151	0.1220582608	0.1402553784	0.1613031620
82.30	0.0955493108	0.1083804885	0.1237048530	0.1418553968	0.1628659467
82.40	0.0941860723	0.1071130555	0.1225110556	0.1406713336	0.1615749763
82.50	0.0944836393	0.1074861380	0.1229142180	0.1410292780	0.1617812309
82.60	0.0944836393	0.1074861380	0.1229142180	0.1410292780	0.1617812309
82.70	0.0944836393	0.1074861380	0.1229142180	0.1410292780	0.1617812309
82.80	0.0947464977	0.1078172620	0.1232673784	0.1413289573	0.1619219033
82.90	0.0947464977	0.1078172620	0.1232673784	0.1413289573	0.1619219033
83.00	0.0949742998	0.1081060639	0.1235702117	0.1415701692	0.1619970304
83.10	0.0951667288	0.1083522177	0.1238224379	0.1417527644	0.1620067081
83.20	0.0951667288	0.1083522177	0.1238224379	0.1417527644	0.1620067081
83.30	0.0967114357	0.1098910481	0.1253384374	0.1432414192	0.1634852681
83.40	0.0953234990	0.1085554352	0.1240238221	0.1418766460	0.1619510918
83.50	0.0954443565	0.1087154666	0.1241741750	0.1419417697	0.1618303955
83.60	0.0954443565	0.1087154666	0.1241741750	0.1419417697	0.1618303955
83.70	0.0954443565	0.1087154666	0.1241741750	0.1419417697	0.1618303955
83.80	0.0955290789	0.1088321002	0.1242733527	0.1419481444	0.1616448919
83.90	0.0942293362	0.1075619632	0.1229945842	0.1405835743	0.1600717939
84.00	0.0955774759	0.1089051629	0.1243212570	0.1418958313	0.1613949124
84.10	0.0942722817	0.1076208111	0.1230178507	0.1404950378	0.1597739039
84.20	0.0955893894	0.1089345207	0.1243178356	0.1417849445	0.1610808461
84.30	0.0969797576	0.1103265719	0.1257007129	0.1431615362	0.1624772597
84.40	0.0955646935	0.1089200781	0.1242630823	0.1416156507	0.1607031401
84.50	0.0955032950	0.1088617787	0.1241570363	0.1413881689	0.1602622986
84.60	0.0955032950	0.1088617787	0.1241570363	0.1413881689	0.1602622986
84.70	0.0955032950	0.1088617787	0.1241570363	0.1413881689	0.1602622986
84.80	0.0954051331	0.1087596054	0.1239997829	0.1411027703	0.1597588825
84.90	0.0954051331	0.1087596054	0.1239997829	0.1411027703	0.1597588825
85.00	0.0952701798	0.1086135798	0.1237914533	0.1407597779	0.1591935091
85.10	0.0950984397	0.1084237629	0.1235322240	0.1403595665	0.1585668511
85.20	0.0950984397	0.1084237629	0.1235322240	0.1403595665	0.1585668511
85.30	0.0963329169	0.1096681241	0.1247823327	0.1416264863	0.1598863753
85.40	0.0948899504	0.1081902546	0.1232223174	0.1399025621	0.1578796364
85.50	0.0946447818	0.1079131938	0.1228620007	0.1393892415	0.1571326470
85.60	0.0946447818	0.1079131938	0.1228620007	0.1393892415	0.1571326470
85.70	0.0946447818	0.1079131938	0.1228620007	0.1393892415	0.1571326470
85.80	0.0943630370	0.1075927583	0.1224515866	0.1388201321	0.1563267183
85.90	0.0930080256	0.1061804783	0.1209287572	0.1371003382	0.1542894436
86.00	0.0940448514	0.1072291646	0.1219914324	0.1381958110	0.1554627389
86.10	0.0926844683	0.1058029971	0.1204448925	0.1364418496	0.1533814400
86.20	0.0936903931	0.1068226677	0.1214819399	0.1375169049	0.1545416489
86.30	0.0947698222	0.1079210771	0.1226025095	0.1386795735	0.1557925741
86.40	0.0932998624	0.1063735610	0.1209235550	0.1367840892	0.1535644394
86.50	0.0943485937	0.1074432201	0.1220188531	0.1379268161	0.1548028920
86.60	0.0928734922	0.1058821759	0.1203167672	0.1359980876	0.1525321519
86.70	0.0928734922	0.1058821759	0.1203167672	0.1359980876	0.1525321519
86.80	0.0924115472	0.1053488818	0.1196621095	0.1351596711	0.1514458767
86.90	0.0924115472	0.1053488818	0.1196621095	0.1351596711	0.1514458767
87.00	0.0919143240	0.1047740853	0.1189601575	0.1342696580	0.1503067523
87.10	0.0913821510	0.1041582305	0.1182115292	0.1333289122	0.1491159642
87.20	0.0913821510	0.1041582305	0.1182115292	0.1333289122	0.1491159642
87.30	0.0908153879	0.1035017979	0.1174168844	0.1323383431	0.1478747439
87.40	0.0908153879	0.1035017979	0.1174168844	0.1323383431	0.1478747439
87.50	0.0917132274	0.1044310391	0.1183902111	0.1333871311	0.1490582353
87.60	0.0902144253	0.1028053046	0.1165769238	0.1312989046	0.1465843674
87.70	0.0902144253	0.1028053046	0.1165769238	0.1312989046	0.1465843674
87.80	0.0895796848	0.1020693035	0.1156923889	0.1302115941	0.1452461546
87.90	0.0881762233	0.1005260567	0.1139446918	0.1281690028	0.1427969485
88.00	0.0889116183	0.1012943830	0.1147640610	0.1290774517	0.1438614675
88.10	0.0875041913	0.0997393125	0.1129957518	0.1270053316	0.1413750129
88.20	0.0882107076	0.1004811664	0.1137927604	0.1278975594	0.1424317092
88.30	0.0874774643	0.0996303113	0.1127793460	0.1266730396	0.1409583228
88.40	0.0874774643	0.0996303113	0.1127793460	0.1266730396	0.1409583228
88.50	0.0882304246	0.1004265120	0.1136399214	0.1276394125	0.1421009428
88.60	0.0867124290	0.0987425093	0.1117247144	0.1254050546	0.1394427894
88.70	0.0867124290	0.0987425093	0.1117247144	0.1254050546	0.1394427894
88.80	0.0859161713	0.0978184849	0.1106297991	0.1240948056	0.1378866276
88.90	0.0859161713	0.0978184849	0.1106297991	0.1240948056	0.1378866276
89.00	0.0850892888	0.0968589954	0.1094955694	0.1227435309	0.1362913914
89.10	0.0842324069	0.0958648301	0.1083230300	0.1213525057	0.1346586691
89.20	0.0842324069	0.0958648301	0.1083230300	0.1213525057	0.1346586691
89.30	0.0833461783	0.0948368092	0.1071132199	0.1199230401	0.1329900817
89.40	0.0833461783	0.0948368092	0.1071132199	0.1199230401	0.1329900817
89.50	0.0839624726	0.0955097043	0.1078726992	0.1208208945	0.1341080092
89.60	0.0824312822	0.0937757838	0.1058672113	0.1184564786	0.1312872814
89.70	0.0824312822	0.0937757838	0.1058672113	0.1184564786	0.1312872814
89.80	0.0814884241	0.0926826344	0.1045861090	0.1169541985	0.1295519501
89.90	0.0800561222	0.0910362473	0.1026533609	0.1146454246	0.1267695595
90.00	0.0805183347	0.0915582708	0.1032710489	0.1154176085	0.1277857981
90.10	0.0790846705	0.0899036724	0.1013226827	0.1130861252	0.1249752532
90.20	0.0795217697	0.0904036309	0.1019231977	0.1138481480	0.1259905621
90.30	0.0784995090	0.0892196798	0.1005437513	0.1122472851	0.1241680036
90.40	0.0784995090	0.0892196798	0.1005437513	0.1122472851	0.1241680036
90.50	0.0789893959	0.0897811631	0.1012159675	0.1130925582	0.1252790860
90.60	0.0774523559	0.0880074094	0.0991339336	0.1106165160	0.1223199077
90.70	0.0774523559	0.0880074094	0.0991339336	0.1106165160	0.1223199077
90.80	0.0763811366	0.0867678370	0.0976949963	0.1089573628	0.1204480813
90.90	0.0763811366	0.0867678370	0.0976949963	0.1089573628	0.1204480813
91.00	0.0752866996	0.0855020050	0.0962282166	0.1072713730	0.1185543510
91.10	0.0741699144	0.0842109795	0.0947348970	0.1055601173	0.1166405621
91.20	0.0741699144	0.0842109795	0.0947348970	0.1055601173	0.1166405621
91.30	0.0730316715	0.0828958493	0.0932163637	0.1038251889	0.1147085763
91.40	0.0730316715	0.0828958493	0.0932163637	0.1038251889	0.1147085763
91.50	0.0734072608	0.0833597302	0.0938170224	0.1046354779	0.1158318649
91.60	0.0718728810	0.0815577254	0.0916739655	0.1020682013	0.1127602704
91.70	0.0718728810	0.0815577254	0.0916739655	0.1020682013	0.1127602704
91.80	0.0706944723	0.0801977399	0.0901090725	0.1002907877	0.1107975343
91.90	0.0692638606	0.0784901243	0.0880481643	0.0977917470	0.1077806142
92.00	0.0694973929	0.0788170446	0.0885230752	0.0984945986	0.1088222696
92.10	0.0680689649	0.0771060426	0.0864529924	0.0959812622	0.1057878515
92.20	0.0682826078	0.0774168104	0.0869173828	0.0966813012	0.1068363873
92.30	0.0670510986	0.0759982262	0.0852934223	0.0948525771	0.1048418067
92.40	0.0670510986	0.0759982262	0.0852934223	0.0948525771	0.1048418067
92.50	0.0673261203	0.0763799468	0.0858397546	0.0956467188	0.1059970594
92.60	0.0658038629	0.0745624978	0.0836526371	0.0930101214	0.1028404532
92.70	0.0658038629	0.0745624978	0.0836526371	0.0930101214	0.1028404532
92.80	0.0645419127	0.0731108467	0.0819964856	0.0911556407	0.1008342564
92.90	0.0645419127	0.0731108467	0.0819964856	0.0911556407	0.1008342564
93.00	0.0632662745	0.0716445093	0.0803264403	0.0892908519	0.0988251490
93.10	0.0619779877	0.0701647357	0.0786439859	0.0874174805	0.0968150643
93.20	0.0619779877	0.0701647357	0.0786439859	0.0874174805	0.0968150643
93.30	0.0606781039	0.0686727885	0.0769506185	0.0855372589	0.0948059347
93.40	0.0606781039	0.0686727885	0.0769506185	0.0855372589	0.0948059347
93.50	0.0608676467	0.0689891073	0.0774610010	0.0863348786	0.0960130961
93.60	0.0593676861	0.0671699417	0.0752478437	0.0836519251	0.0927996901
93.70	0.0593676861	0.0671699417	0.0752478437	0.0836519251	0.0927996901
93.80	0.0580478076	0.0656574797	0.0735371761	0.0817632211	0.0907982558
93.90	0.0566573158	0.0639407111	0.0714169935	0.0791626213	0.0876572144
94.00	0.0567195512	0.0641366963	0.0718201370	0.0798728910	0.0888035512
94.10	0.0553353763	0.0624221247	0.0696980976	0.0772672844	0.0856563557
94.20	0.0553840083	0.0626088929	0.0700982537	0.0779826797	0.0868174874
94.30	0.0540422776	0.0610753783	0.0683730579	0.0760943315	0.0848419660
94.40	0.0540422776	0.0610753783	0.0683730579	0.0760943315	0.0848419660
94.50	0.0541625026	0.0613440279	0.0688666070	0.0769153719	0.0861206398
94.60	0.0526954645	0.0595374669	0.0666460844	0.0742095880	0.0828788770
94.70	0.0526954645	0.0595374669	0.0666460844	0.0742095880	0.0828788770
94.80	0.0513446802	0.0579964775	0.0649188695	0.0723301871	0.0809300973
94.90	0.0513446802	0.0579964775	0.0649188695	0.0723301871	0.0809300973
95.00	0.0499910403	0.0564537325	0.0631929500	0.0704578608	0.0789974890
95.10	0.0486356642	0.0549105567	0.0614698617	0.0685943344	0.0770828974
95.20	0.0486356642	0.0549105567	0.0614698617	0.0685943344	0.0770828974
95.30	0.0472796741	0.0533682758	0.0597511377	0.0667413243	0.0751881495
95.40	0.0472796741	0.0533682758	0.0597511377	0.0667413243	0.0751881495
95.50	0.0473475083	0.0536076010	0.0602472878	0.0676055658	0.0765570723
95.60	0.0459241938	0.0518282156	0.0580383076	0.0649005366	0.0733150525
95.70	0.0459241938	0.0518282156	0.0580383076	0.0649005366	0.0733150525
95.80	0.0445703478	0.0502917004	0.0563328956	0.0630736659	0.0714653918
95.90	0.0432624059	0.0486230918	0.0542281621	0.0604654508	0.0683133901
96.00	0.0432192604	0.0487600524	0.0546364195	0.0612623931	0.0696409295
96.10	0.0419219307	0.0470994511	0.0525373666	0.0586585477	0.0664938887
96.20	0.0418720549	0.0472345901	0.0529503893	0.0594683848	0.0678434029
96.30	0.0405298520	0.0457166271	0.0512763055	0.0576932908	0.0660745229
96.40	0.0405298520	0.0457166271	0.0512763055	0.0576932908	0.0660745229
96.50	0.0405626698	0.0459452121	0.0517943808	0.0586198721	0.0675510539
96.60	0.0391937696	0.0442074713	0.0496156584	0.0559387435	0.0643359721
96.70	0.0391937696	0.0442074713	0.0496156584	0.0559387435	0.0643359721
96.80	0.0378649210	0.0427084235	0.0479699262	0.0542063556	0.0626294037
96.90	0.0378649210	0.0427084235	0.0479699262	0.0542063556	0.0626294037
97.00	0.0365444149	0.0412207764	0.0463405738	0.0524977194	0.0609564399
97.10	0.0352333535	0.0397458130	0.0447290518	0.0508144049	0.0593186700
97.20	0.0352333535	0.0397458130	0.0447290518	0.0508144049	0.0593186700
97.30	0.0339328319	0.0382848062	0.0431367948	0.0491579584	0.0577176495
97.40	0.0339328319	0.0382848062	0.0431367948	0.0491579584	0.0577176495
97.50	0.0339481304	0.0385210994	0.0436955834	0.0501649108	0.0593172886
97.60	0.0326439375	0.0368390171	0.0415652205	0.0475299014	0.0561548984
97.70	0.0326439375	0.0368390171	0.0415652205	0.0475299014	0.0561548984
97.80	0.0313677484	0.0354096942	0.0400157279	0.0459317289	0.0546318998
97.90	0.0301843667	0.0338463077	0.0380003174	0.0434071418	0.0515757939
98.00	0.0301053330	0.0339980719	0.0384896968	0.0443649083	0.0531500985
98.10	0.0289365654	0.0324481692	0.0364870486	0.0418533667	0.0501089614
98.20	0.0288577485	0.0326053701	0.0369884858	0.0428308777	0.0517109000
98.30	0.0276260407	0.0312327923	0.0355134317	0.0413310452	0.0503156687
98.40	0.0276260407	0.0312327923	0.0355134317	0.0413310452	0.0503156687
98.50	0.0276411158	0.0314947351	0.0361307721	0.0424348495	0.0520516113
98.60	0.0264112425	0.0298815252	0.0340658479	0.0398667870	0.0489657271
98.70	0.0264112425	0.0298815252	0.0340658479	0.0398667870	0.0489657271
98.80	0.0252143731	0.0285527374	0.0326470234	0.0384394466	0.0476623543
98.90	0.0252143731	0.0285527374	0.0326470234	0.0384394466	0.0476623543
99.00	0.0240364374	0.0272475781	0.0312582217	0.0370503334	0.0464067852
99.10	0.0228784248	0.0259671765	0.0299006795	0.0357007216	0.0452002088
99.20	0.0228784248	0.0259671765	0.0299006795	0.0357007216	0.0452002088
99.30	0.0217413083	0.0247126409	0.0285756058	0.0343918488	0.0440437675
99.40	0.0217413083	0.0247126409	0.0285756058	0.0343918488	0.0440437675
99.50	0.0217729389	0.0250173103	0.0292679952	0.0356070259	0.0459265107
99.60	0.0206260441	0.0234850569	0.0272841807	0.0331249154	0.0429385562
99.70	0.0206260441	0.0234850569	0.0272841807	0.0331249154	0.0429385562
99.80	0.0195335702	0.0222854875	0.0260275542	0.0319010830	0.0418856209
99.90	0.0185118030	0.0208785797	0.0241678664	0.0295410456	0.0390176345
100.00	0.0184648058	0.0211149715	0.0248068454	0.0307214734	0.0408859578
