	1.530	1.540	1.550	1.560	1.570
0.0	0.9977648013	0.9927012279	0.9876649387	0.9853323453	0.9873149793
0.1	0.9977142043	0.9926515126	0.9876161456	0.9852844362	0.9872679184
0.2	0.9975745135	0.9925143946	0.9874816232	0.9851522253	0.9871376127
0.3	0.9973457538	0.9922898980	0.9872613946	0.9849357352	0.9869240841
0.4	0.9970279661	0.9919780625	0.9869554983	0.9846350030	0.9866273686
0.5	0.9966212072	0.9915789429	0.9865639871	0.9842500801	0.9862475162
0.6	0.9961255496	0.9910926094	0.9860869293	0.9837810323	0.9857845911
0.7	0.9955410820	0.9905191477	0.9855244074	0.9832279400	0.9852386712
0.8	0.9948679086	0.9898586589	0.9848765193	0.9825908977	0.9846098487
0.9	0.9941061498	0.9891112592	0.9841433773	0.9818700145	0.9838982296
1.0	0.9932559416	0.9882770802	0.9833251087	0.9810654138	0.9831039339
1.1	0.9923174357	0.9873562688	0.9824218557	0.9801772332	0.9822270955
1.2	0.9912907999	0.9863489872	0.9814337750	0.9792056247	0.9812678623
1.3	0.9901762175	0.9852554127	0.9803610381	0.9781507545	0.9802263961
1.4	0.9889738876	0.9840757380	0.9792038313	0.9770128032	0.9791028726
1.5	0.9876840248	0.9828101708	0.9779623555	0.9757919656	0.9778974811
1.6	0.9863068596	0.9814589339	0.9766368262	0.9744884504	0.9766104250
1.7	0.9848426380	0.9800222653	0.9752274736	0.9731024809	0.9752419212
1.8	0.9832916213	0.9785004180	0.9737345423	0.9716342941	0.9737922007
1.9	0.9816540868	0.9768936600	0.9721582914	0.9700841413	0.9722615079
2.0	0.9799303268	0.9752022743	0.9704989948	0.9684522878	0.9706501010
2.1	0.9781206491	0.9734265587	0.9687569404	0.9667390128	0.9689582516
2.2	0.9762253771	0.9715668260	0.9669324307	0.9649446095	0.9671862451
2.3	0.9742448492	0.9696234035	0.9650257824	0.9630693850	0.9653343803
2.4	0.9721794191	0.9675966337	0.9630373266	0.9611136602	0.9634029696
2.5	0.9700294557	0.9654868733	0.9609674084	0.9590777697	0.9613923386
2.6	0.9677953430	0.9632944940	0.9588163873	0.9569620620	0.9593028265
2.7	0.9654774801	0.9610198819	0.9565846367	0.9547668991	0.9571347856
2.8	0.9630762809	0.9586634374	0.9542725440	0.9524926566	0.9548885815
2.9	0.9605921742	0.9562255756	0.9518805107	0.9501397238	0.9525645931
3.0	0.9580256038	0.9537067258	0.9494089521	0.9477085033	0.9501632123
3.1	0.9553770281	0.9511073316	0.9468582971	0.9451994111	0.9476848440
3.2	0.9526469200	0.9484278508	0.9442289888	0.9426128766	0.9451299063
3.3	0.9498357672	0.9456687552	0.9415214836	0.9399493424	0.9424988299
3.4	0.9469440718	0.9428305307	0.9387362514	0.9372092644	0.9397920587
3.5	0.9439723503	0.9399136771	0.9358737760	0.9343931115	0.9370100490
3.6	0.9409211333	0.9369187082	0.9329345541	0.9315013655	0.9341532701
3.7	0.9377909659	0.9338461513	0.9299190963	0.9285345213	0.9312222037
3.8	0.9345824071	0.9306965476	0.9268279259	0.9254930867	0.9282173442
3.9	0.9312960300	0.9274704517	0.9236615796	0.9223775820	0.9251391983
4.0	0.9279324216	0.9241684317	0.9204206072	0.9191885406	0.9219882851
4.1	0.9244921825	0.9207910692	0.9171055714	0.9159265080	0.9187651359
4.2	0.9209759273	0.9173389590	0.9137170476	0.9125920426	0.9154702944
4.3	0.9173842839	0.9138127089	0.9102556243	0.9091857149	0.9121043162
4.4	0.9137178938	0.9102129400	0.9067219023	0.9057081079	0.9086677690
4.5	0.9099774119	0.9065402861	0.9031164951	0.9021598166	0.9051612323
4.6	0.9061635063	0.9027953942	0.8994400288	0.8985414484	0.9015852975
4.7	0.9022768581	0.8989789237	0.8956931415	0.8948536223	0.8979405675
4.8	0.8983181614	0.8950915466	0.8918764839	0.8910969696	0.8942276572
4.9	0.8942881234	0.8911339477	0.8879907186	0.8872721330	0.8904471927
5.0	0.8901874637	0.8871068238	0.8840365201	0.8833797671	0.8865998114
5.1	0.8860169149	0.8830108842	0.8800145750	0.8794205381	0.8826861623
5.2	0.8817772217	0.8788468501	0.8759255816	0.8753951233	0.8787069054
5.3	0.8774691415	0.8746154549	0.8717702497	0.8713042118	0.8746627117
5.4	0.8730934436	0.8703174439	0.8675493009	0.8671485036	0.8705542633
5.5	0.8686509096	0.8659535738	0.8632634679	0.8629287098	0.8663822530
5.6	0.8641423328	0.8615246132	0.8589134949	0.8586455526	0.8621473845
5.7	0.8595685187	0.8570313421	0.8545001370	0.8542997649	0.8578503719
5.8	0.8549302841	0.8524745517	0.8500241605	0.8498920905	0.8534919398
5.9	0.8502284573	0.8478550446	0.8454863425	0.8454232835	0.8490728234
6.0	0.8454638782	0.8431736343	0.8408874708	0.8408941089	0.8445937678
6.1	0.8406373977	0.8384311452	0.8362283439	0.8363053416	0.8400555285
6.2	0.8357498779	0.8336284125	0.8315097707	0.8316577669	0.8354588708
6.3	0.8308021916	0.8287662820	0.8267325704	0.8269521802	0.8308045698
6.4	0.8257952227	0.8238456100	0.8218975723	0.8221893867	0.8260934106
6.5	0.8207298653	0.8188672629	0.8170056161	0.8173702014	0.8213261876
6.6	0.8156070241	0.8138321177	0.8120575508	0.8124954492	0.8165037048
6.7	0.8104276141	0.8087410609	0.8070542357	0.8075659641	0.8116267755
6.8	0.8051925604	0.8035949892	0.8019965394	0.8025825898	0.8066962221
6.9	0.7999027980	0.7983948088	0.7968853400	0.7975461790	0.8017128761
7.0	0.7945592717	0.7931414355	0.7917215248	0.7924575938	0.7966775781
7.1	0.7891629357	0.7878357945	0.7865059905	0.7873177048	0.7915911771
7.2	0.7837147541	0.7824788202	0.7812396425	0.7821273916	0.7864545310
7.3	0.7782156997	0.7770714559	0.7759233951	0.7768875426	0.7812685059
7.4	0.7726667548	0.7716146539	0.7705581713	0.7715990542	0.7760339766
7.5	0.7670689104	0.7661093752	0.7651449027	0.7662628317	0.7707518258
7.6	0.7614231664	0.7605565894	0.7596845290	0.7608797882	0.7654229443
7.7	0.7557305311	0.7549572743	0.7541779983	0.7554508448	0.7600482307
7.8	0.7499920213	0.7493124160	0.7486262667	0.7499769307	0.7546285916
7.9	0.7442086618	0.7436230087	0.7430302979	0.7444589825	0.7491649409
8.0	0.7383814856	0.7378900542	0.7373910635	0.7388979446	0.7436582000
8.1	0.7325115334	0.7321145622	0.7317095427	0.7332947687	0.7381092976
8.2	0.7265998538	0.7262975498	0.7259867218	0.7276504135	0.7325191694
8.3	0.7206475024	0.7204400415	0.7202235944	0.7219658451	0.7268887584
8.4	0.7146555425	0.7145430687	0.7144211611	0.7162420362	0.7212190139
8.5	0.7086250442	0.7086076701	0.7085804293	0.7104799663	0.7155108922
8.6	0.7025570846	0.7026348908	0.7027024130	0.7046806216	0.7097653558
8.7	0.6964527476	0.6966257827	0.6967881328	0.6988449944	0.7039833739
8.8	0.6903131232	0.6905814042	0.6908386155	0.6929740834	0.6981659214
8.9	0.6841393082	0.6845028196	0.6848548940	0.6870688933	0.6923139795
9.0	0.6779324052	0.6783910994	0.6788380073	0.6811304347	0.6864285350
9.1	0.6716935227	0.6722473200	0.6727889999	0.6751597237	0.6805105805
9.2	0.6654237752	0.6660725633	0.6667089221	0.6691577823	0.6745611141
9.3	0.6591242823	0.6598679169	0.6605988294	0.6631256374	0.6685811390
9.4	0.6527961692	0.6536344732	0.6544597828	0.6570643215	0.6625716638
9.5	0.6464405661	0.6473733302	0.6482928481	0.6509748716	0.6565337020
9.6	0.6400586083	0.6410855905	0.6420990958	0.6448583301	0.6504682718
9.7	0.6336514355	0.6347723614	0.6358796015	0.6387157435	0.6443763962
9.8	0.6272201920	0.6284347547	0.6296354449	0.6325481631	0.6382591024
9.9	0.6207660266	0.6220738865	0.6233677101	0.6263566443	0.6321174222
10.0	0.6142900921	0.6156908771	0.6170774853	0.6201422467	0.6259523913
10.1	0.6077935449	0.6092868505	0.6107658626	0.6139060337	0.6197650494
10.2	0.6012775455	0.6028629345	0.6044339378	0.6076490726	0.6135564400
10.3	0.5947432576	0.5964202605	0.5980828103	0.6013724342	0.6073276101
10.4	0.5881918484	0.5899599630	0.5917135827	0.5950771925	0.6010796103
10.5	0.5816244878	0.5834831799	0.5853273608	0.5887644249	0.5948134941
10.6	0.5750423490	0.5769910516	0.5789252535	0.5824352116	0.5885303184
10.7	0.5684466074	0.5704847216	0.5725083721	0.5760906359	0.5822311428
10.8	0.5618384412	0.5639653356	0.5660778309	0.5697317834	0.5759170296
10.9	0.5552190306	0.5574340418	0.5596347463	0.5633597424	0.5695890436
11.0	0.5485895578	0.5508919904	0.5531802369	0.5569756032	0.5632482521
11.1	0.5419512069	0.5443403335	0.5467154233	0.5505804586	0.5568957243
11.2	0.5353051636	0.5377802250	0.5402414280	0.5441754027	0.5505325317
11.3	0.5286526148	0.5312128200	0.5337593750	0.5377615318	0.5441597473
11.4	0.5219947488	0.5246392753	0.5272703896	0.5313399435	0.5377784459
11.5	0.5153327547	0.5180607485	0.5207755985	0.5249117367	0.5313897036
11.6	0.5086678224	0.5114783980	0.5142761293	0.5184780114	0.5249945979
11.7	0.5020011422	0.5048933832	0.5077731104	0.5120398687	0.5185942073
11.8	0.4953339048	0.4983068637	0.5012676709	0.5055984104	0.5121896112
11.9	0.4886673012	0.4917199994	0.4947609402	0.4991547388	0.5057818897
12.0	0.4820025219	0.4851339504	0.4882540481	0.4927099565	0.4993721234
12.1	0.4753407573	0.4785498766	0.4817481242	0.4862651666	0.4929613933
12.2	0.4686831974	0.4719689373	0.4752442981	0.4798214718	0.4865507806
12.3	0.4620310310	0.4653922918	0.4687436990	0.4733799750	0.4801413664
12.4	0.4553854464	0.4588210980	0.4622474556	0.4669417785	0.4737342315
12.5	0.4487476305	0.4522565134	0.4557566956	0.4605079840	0.4673304566
12.6	0.4421187688	0.4456996939	0.4492725461	0.4540796927	0.4609311216
12.7	0.4355000454	0.4391517943	0.4427961327	0.4476580044	0.4545373057
12.8	0.4288926423	0.4326139678	0.4363285800	0.4412440183	0.4481500872
12.9	0.4222977397	0.4260873656	0.4298710108	0.4348388320	0.4417705433
13.0	0.4157165154	0.4195731374	0.4234245462	0.4284435415	0.4353997499
13.1	0.4091501449	0.4130724301	0.4169903056	0.4220592414	0.4290387813
13.2	0.4025998010	0.4065863887	0.4105694060	0.4156870242	0.4226887104
13.3	0.3960666537	0.4001161555	0.4041629621	0.4093279803	0.4163506080
13.4	0.3895518697	0.3936628699	0.3977720864	0.4029831981	0.4100255430
13.5	0.3830566128	0.3872276684	0.3913978884	0.3966537632	0.4037145822
13.6	0.3765820428	0.3808116843	0.3850414747	0.3903407589	0.3974187898
13.7	0.3701293163	0.3744160476	0.3787039489	0.3840452656	0.3911392277
13.8	0.3636995858	0.3680418845	0.3723864115	0.3777683606	0.3848769548
13.9	0.3572939997	0.3616903176	0.3660899592	0.3715111180	0.3786330272
14.0	0.3509137019	0.3553624656	0.3598156851	0.3652746087	0.3724084979
14.1	0.3445598321	0.3490594427	0.3535646788	0.3590599000	0.3662044168
14.2	0.3382335252	0.3427823591	0.3473380254	0.3528680554	0.3600218301
14.3	0.3319359110	0.3365323202	0.3411368060	0.3467001345	0.3538617804
14.4	0.3256681143	0.3303104267	0.3349620974	0.3405571929	0.3477253066
14.5	0.3194312546	0.3241177743	0.3288149714	0.3344402818	0.3416134436
14.6	0.3132264459	0.3179554536	0.3226964955	0.3283504480	0.3355272223
14.7	0.3070547964	0.3118245499	0.3166077319	0.3222887336	0.3294676688
14.8	0.3009174083	0.3057261429	0.3105497377	0.3162561762	0.3234358053
14.9	0.2948153778	0.2996613066	0.3045235647	0.3102538079	0.3174326489
15.0	0.2887497948	0.2936311091	0.2985302592	0.3042826560	0.3114592121
15.1	0.2827217427	0.2876366124	0.2925708617	0.2983437424	0.3055165023
15.2	0.2767322981	0.2816788721	0.2866464070	0.2924380834	0.2996055216
15.3	0.2707825308	0.2757589374	0.2807579236	0.2865666897	0.2937272669
15.4	0.2648735034	0.2698778511	0.2749064339	0.2807305660	0.2878827297
15.5	0.2590062713	0.2640366487	0.2690929538	0.2749307112	0.2820728954
15.6	0.2531818824	0.2582363589	0.2633184927	0.2691681176	0.2762987440
15.7	0.2474013770	0.2524780034	0.2575840532	0.2634437716	0.2705612493
15.8	0.2416657876	0.2467625961	0.2518906308	0.2577586528	0.2648613788
15.9	0.2359761386	0.2410911437	0.2462392140	0.2521137340	0.2592000938
16.0	0.2303334462	0.2354646449	0.2406307842	0.2465099813	0.2535783490
16.1	0.2247387181	0.2298840906	0.2350663149	0.2409483537	0.2479970926
16.2	0.2191929537	0.2243504637	0.2295467723	0.2354298029	0.2424572659
16.3	0.2136971435	0.2188647386	0.2240731148	0.2299552734	0.2369598030
16.4	0.2082522690	0.2134278815	0.2186462926	0.2245257021	0.2315056311
16.5	0.2028593028	0.2080408498	0.2132672480	0.2191420181	0.2260956700
16.6	0.1975192081	0.2027045923	0.2079369149	0.2138051427	0.2207308322
16.7	0.1922329386	0.1974200488	0.2026562187	0.2085159893	0.2154120223
16.8	0.1870014385	0.1921881500	0.1974260764	0.2032754631	0.2101401374
16.9	0.1818256423	0.1870098171	0.1922473959	0.1980844607	0.2049160666
17.0	0.1767064743	0.1818859623	0.1871210764	0.1929438707	0.1997406908
17.1	0.1716448488	0.1768174878	0.1820480080	0.1878545728	0.1946148829
17.2	0.1666416699	0.1718052863	0.1770290714	0.1828174378	0.1895395073
17.3	0.1616978312	0.1668502405	0.1720651381	0.1778333279	0.1845154201
17.4	0.1568142158	0.1619532231	0.1671570698	0.1729030959	0.1795434684
17.5	0.1519916958	0.1571150965	0.1623057187	0.1680275857	0.1746244908
17.6	0.1472311326	0.1523367126	0.1575119272	0.1632076315	0.1697593169
17.7	0.1425333765	0.1476189132	0.1527765276	0.1584440582	0.1649487671
17.8	0.1378992664	0.1429625290	0.1481003420	0.1537376811	0.1601936527
17.9	0.1333296302	0.1383683800	0.1434841822	0.1490893055	0.1554947758
18.0	0.1288252840	0.1338372754	0.1389288499	0.1444997270	0.1508529286
18.1	0.1243870323	0.1293700132	0.1344351359	0.1399697310	0.1462688941
18.2	0.1200156678	0.1249673801	0.1300038203	0.1355000927	0.1417434454
18.3	0.1157119712	0.1206301514	0.1256356727	0.1310915771	0.1372773456
18.4	0.1114767113	0.1163590911	0.1213314513	0.1267449386	0.1328713479
18.5	0.1073106445	0.1121549512	0.1170919035	0.1224609211	0.1285261955
18.6	0.1032145148	0.1080184722	0.1129177655	0.1182402576	0.1242426210
18.7	0.0991890540	0.1039503827	0.1088097619	0.1140836706	0.1200213470
18.8	0.0952349809	0.0999513989	0.1047686059	0.1099918713	0.1158630853
18.9	0.0913530017	0.0960222253	0.1007949992	0.1059655600	0.1117685372
19.0	0.0875438100	0.0921635538	0.0968896318	0.1020054258	0.1077383932
19.1	0.0838080859	0.0883760640	0.0930531817	0.0981121464	0.1037733330
19.2	0.0801464968	0.0846604229	0.0892863150	0.0942863880	0.0998740254
19.3	0.0765596966	0.0810172848	0.0855896857	0.0905288054	0.0960411278
19.4	0.0730483259	0.0774472914	0.0819639356	0.0868400416	0.0922752868
19.5	0.0696130120	0.0739510715	0.0784096943	0.0832207280	0.0885771375
19.6	0.0662543683	0.0705292407	0.0749275788	0.0796714838	0.0849473034
19.7	0.0629729949	0.0671824017	0.0715181938	0.0761929166	0.0813863968
19.8	0.0597694777	0.0639111439	0.0681821313	0.0727856216	0.0778950183
19.9	0.0566443890	0.0607160435	0.0649199703	0.0694501819	0.0744737566
20.0	0.0535982868	0.0575976631	0.0617322774	0.0661871685	0.0711231887
20.1	0.0506317154	0.0545565520	0.0586196060	0.0629971396	0.0678438797
20.2	0.0477452045	0.0515932457	0.0555824965	0.0598806412	0.0646363826
20.3	0.0449392696	0.0487082661	0.0526214763	0.0568382067	0.0615012384
20.4	0.0422144121	0.0459021214	0.0497370595	0.0538703567	0.0584389759
20.5	0.0395711185	0.0431753057	0.0469297469	0.0509775992	0.0554501114
20.6	0.0370098609	0.0405282992	0.0442000258	0.0481604293	0.0525351490
20.7	0.0345310969	0.0379615682	0.0415483704	0.0454193289	0.0496945804
20.8	0.0321352692	0.0354755647	0.0389752409	0.0427547674	0.0469288846
20.9	0.0298228056	0.0330707266	0.0364810842	0.0401672006	0.0442385280
21.0	0.0275941193	0.0307474773	0.0340663333	0.0376570714	0.0416239644
21.1	0.0254496083	0.0285062260	0.0317314075	0.0352248094	0.0390856346
21.2	0.0233896556	0.0263473675	0.0294767121	0.0328708309	0.0366239669
21.3	0.0214146292	0.0242712820	0.0273026388	0.0305955386	0.0342393763
21.4	0.0195248818	0.0222783351	0.0252095649	0.0283993221	0.0319322650
21.5	0.0177207509	0.0203688779	0.0231978538	0.0262825571	0.0297030222
21.6	0.0160025588	0.0185432466	0.0212678550	0.0242456060	0.0275520237
21.7	0.0143706125	0.0168017627	0.0194199035	0.0222888173	0.0254796323
21.8	0.0128252033	0.0151447330	0.0176543201	0.0204125259	0.0234861976
21.9	0.0113666073	0.0135724494	0.0159714114	0.0186170530	0.0215720557
22.0	0.0099950851	0.0120851886	0.0143714697	0.0169027058	0.0197375295
22.1	0.0087108815	0.0106832128	0.0128547727	0.0152697778	0.0179829283
22.2	0.0075142261	0.0093667687	0.0114215839	0.0137185483	0.0163085482
22.3	0.0064053325	0.0081360883	0.0100721520	0.0122492830	0.0147146713
22.4	0.0053843989	0.0069913884	0.0088067113	0.0108622332	0.0132015667
22.5	0.0044516074	0.0059328705	0.0076254817	0.0095576364	0.0117694894
22.6	0.0036071249	0.0049607210	0.0065286682	0.0083357158	0.0104186810
22.7	0.0028511021	0.0040751113	0.0055164613	0.0071966805	0.0091493694
22.8	0.0021836741	0.0032761973	0.0045890367	0.0061407255	0.0079617685
22.9	0.0016049600	0.0025641198	0.0037465555	0.0051680316	0.0068560786
23.0	0.0011150633	0.0019390040	0.0029891640	0.0042787652	0.0058324864
23.1	0.0007140715	0.0014009603	0.0023169937	0.0034730786	0.0048911643
23.2	0.0004020562	0.0009500833	0.0017301614	0.0027511095	0.0040322712
23.3	0.0001790732	0.0005864525	0.0012287690	0.0021129817	0.0032559519
23.4	0.0000451623	0.0003101319	0.0008129034	0.0015588043	0.0025623374
23.5	0.0000003474	0.0001211702	0.0004826371	0.0010886722	0.0019515446
23.6	0.0000446365	0.0000196008	0.0002380273	0.0007026659	0.0014236765
23.7	0.0001780218	0.0000054416	0.0000791166	0.0004008515	0.0009788223
23.8	0.0004004795	0.0000786950	0.0000059325	0.0001832806	0.0006170569
23.9	0.0007119697	0.0002393482	0.0000184878	0.0000499904	0.0003384413
24.0	0.0011124370	0.0004873730	0.0001167804	0.0000010039	0.0001430226
24.1	0.0016018098	0.0008227256	0.0003007932	0.0000363295	0.0000308337
24.2	0.0021800007	0.0012453471	0.0005704944	0.0001559610	0.0000018935
24.3	0.0028469064	0.0017551630	0.0009258370	0.0003598782	0.0000562070
24.4	0.0036024080	0.0023520836	0.0013667595	0.0006480460	0.0001937650
24.5	0.0044463703	0.0030360038	0.0018931853	0.0010204153	0.0004145442
24.6	0.0053786428	0.0038068032	0.0025050230	0.0014769222	0.0007185076
24.7	0.0063990589	0.0046643460	0.0032021666	0.0020174888	0.0011056038
24.8	0.0075074363	0.0056084813	0.0039844948	0.0026420225	0.0015757676
24.9	0.0087035772	0.0066390428	0.0048518721	0.0033504166	0.0021289197
25.0	0.0099872680	0.0077558491	0.0058041478	0.0041425497	0.0027649668
