z[um]	w[um]	pcm(0:si, 1:cpcm, 2:apcm)
0.0000000000 0.3000000000 5
0.1000000000 0.3000000000 5
0.2000000000 0.3000000000 5
0.3000000000 0.3000000000 5
0.4000000000 0.3000000000 5
0.5000000000 0.3000000000 5
0.6000000000 0.3000000000 5
0.7000000000 0.3000000000 5
0.8000000000 0.3000000000 5
0.9000000000 0.3000000000 5
1.0000000000 0.3000000000 5
1.1000000000 0.3000000000 5
1.2000000000 0.3000000000 5
1.3000000000 0.3000000000 5
1.4000000000 0.3000000000 5
1.5000000000 0.3000000000 5
1.6000000000 0.3000000000 5
1.7000000000 0.3000000000 5
1.8000000000 0.3000000000 5
1.9000000000 0.3000000000 5
2.0000000000 0.3000000000 5
2.1000000000 0.3000000000 5
2.2000000000 0.3000000000 5
2.3000000000 0.3000000000 5
2.4000000000 0.3000000000 5
2.5000000000 0.3000000000 5
2.6000000000 0.3000000000 5
2.7000000000 0.3000000000 5
2.8000000000 0.3000000000 5
2.9000000000 0.3000000000 5
3.0000000000 0.3000000000 5
3.1000000000 0.3000000000 5
3.2000000000 0.3000000000 5
3.3000000000 0.3000000000 5
3.4000000000 0.3000000000 5
3.5000000000 0.3000000000 5
3.6000000000 0.3000000000 5
3.7000000000 0.3000000000 5
3.8000000000 0.3000000000 5
3.9000000000 0.3000000000 5
4.0000000000 0.3000000000 5
4.1000000000 0.3000000000 5
4.2000000000 0.3000000000 5
4.3000000000 0.3000000000 5
4.4000000000 0.3000000000 5
4.5000000000 0.3000000000 5
4.6000000000 0.3000000000 5
4.7000000000 0.3000000000 5
4.8000000000 0.3000000000 5
4.9000000000 0.3000000000 5
5.0000000000 0.3000000000 5
5.1000000000 0.3000000000 5
5.2000000000 0.3000000000 5
5.3000000000 0.3000000000 5
5.4000000000 0.3000000000 5
5.5000000000 0.3000000000 5
5.6000000000 0.3000000000 5
5.7000000000 0.3000000000 5
5.8000000000 0.3000000000 5
5.9000000000 0.3000000000 5
6.0000000000 0.3000000000 5
6.1000000000 0.3000000000 5
6.2000000000 0.3000000000 5
6.3000000000 0.3000000000 5
6.4000000000 0.3000000000 5
6.5000000000 0.3000000000 5
6.6000000000 0.3000000000 5
6.7000000000 0.3000000000 5
6.8000000000 0.3000000000 5
6.9000000000 0.3000000000 5
7.0000000000 0.3000000000 5
7.1000000000 0.3000000000 5
7.2000000000 0.3000000000 5
7.3000000000 0.3000000000 5
7.4000000000 0.3000000000 5
7.5000000000 0.3000000000 5
7.6000000000 0.3000000000 5
7.7000000000 0.3000000000 5
7.8000000000 0.3000000000 5
7.9000000000 0.3000000000 5
8.0000000000 0.3000000000 5
8.1000000000 0.3000000000 5
8.2000000000 0.3000000000 5
8.3000000000 0.3000000000 5
8.4000000000 0.3000000000 5
8.5000000000 0.3000000000 5
8.6000000000 0.3000000000 5
8.7000000000 0.3000000000 5
8.8000000000 0.3000000000 5
8.9000000000 0.3000000000 5
9.0000000000 0.3000000000 5
9.1000000000 0.3000000000 5
9.2000000000 0.3000000000 5
9.3000000000 0.3000000000 5
9.4000000000 0.3000000000 5
9.5000000000 0.3000000000 5
9.6000000000 0.3000000000 5
9.7000000000 0.3000000000 5
9.8000000000 0.3000000000 5
9.9000000000 0.3000000000 5
10.0000000000 0.3000000000 5
10.1000000000 0.3000000000 5
10.2000000000 0.3000000000 5
10.3000000000 0.3000000000 5
10.4000000000 0.3000000000 5
10.5000000000 0.3000000000 5
10.6000000000 0.3000000000 5
10.7000000000 0.3000000000 5
10.8000000000 0.3000000000 5
10.9000000000 0.3000000000 5
11.0000000000 0.3000000000 5
11.1000000000 0.3000000000 5
11.2000000000 0.3000000000 5
11.3000000000 0.3000000000 5
11.4000000000 0.3000000000 5
11.5000000000 0.3000000000 5
11.6000000000 0.3000000000 5
11.7000000000 0.3000000000 5
11.8000000000 0.3000000000 5
11.9000000000 0.3000000000 5
12.0000000000 0.3000000000 5
12.1000000000 0.3000000000 5
12.2000000000 0.3000000000 5
12.3000000000 0.3000000000 5
12.4000000000 0.3000000000 5
12.5000000000 0.3000000000 5
12.6000000000 0.3000000000 5
12.7000000000 0.3000000000 5
12.8000000000 0.3000000000 5
12.9000000000 0.3000000000 5
13.0000000000 0.3000000000 5
13.1000000000 0.3000000000 5
13.2000000000 0.3000000000 5
13.3000000000 0.3000000000 5
13.4000000000 0.3000000000 5
13.5000000000 0.3000000000 5
13.6000000000 0.3000000000 5
13.7000000000 0.3000000000 5
13.8000000000 0.3000000000 5
13.9000000000 0.3000000000 5
14.0000000000 0.3000000000 5
14.1000000000 0.3000000000 5
14.2000000000 0.3000000000 5
14.3000000000 0.3000000000 5
14.4000000000 0.3000000000 5
14.5000000000 0.3000000000 5
14.6000000000 0.3000000000 5
14.7000000000 0.3000000000 5
14.8000000000 0.3000000000 5
14.9000000000 0.3000000000 5
15.0000000000 0.3000000000 5
15.1000000000 0.3000000000 5
15.2000000000 0.3000000000 5
15.3000000000 0.3000000000 5
15.4000000000 0.3000000000 5
15.5000000000 0.3000000000 5
15.6000000000 0.3000000000 5
15.7000000000 0.3000000000 5
15.8000000000 0.3000000000 5
15.9000000000 0.3000000000 5
16.0000000000 0.3000000000 5
16.1000000000 0.3000000000 5
16.2000000000 0.3000000000 5
16.3000000000 0.3000000000 5
16.4000000000 0.3000000000 5
16.5000000000 0.3000000000 5
16.6000000000 0.3000000000 5
16.7000000000 0.3000000000 5
16.8000000000 0.3000000000 5
16.9000000000 0.3000000000 5
17.0000000000 0.3000000000 5
17.1000000000 0.3000000000 5
17.2000000000 0.3000000000 5
17.3000000000 0.3000000000 5
17.4000000000 0.3000000000 5
17.5000000000 0.3000000000 5
17.6000000000 0.3000000000 5
17.7000000000 0.3000000000 5
17.8000000000 0.3000000000 5
17.9000000000 0.3000000000 5
18.0000000000 0.3000000000 5
18.1000000000 0.3000000000 5
18.2000000000 0.3000000000 5
18.3000000000 0.3000000000 5
18.4000000000 0.3000000000 5
18.5000000000 0.3000000000 5
18.6000000000 0.3000000000 5
18.7000000000 0.3000000000 5
18.8000000000 0.3000000000 5
18.9000000000 0.3000000000 5
19.0000000000 0.3000000000 5
19.1000000000 0.3000000000 5
19.2000000000 0.3000000000 5
19.3000000000 0.3000000000 5
19.4000000000 0.3000000000 5
19.5000000000 0.3000000000 5
19.6000000000 0.3000000000 5
19.7000000000 0.3000000000 5
19.8000000000 0.3000000000 5
19.9000000000 0.3000000000 5
20.0000000000 0.3000000000 5
20.1000000000 0.3000000000 5
20.2000000000 0.3000000000 5
20.3000000000 0.3000000000 5
20.4000000000 0.3000000000 5
20.5000000000 0.3000000000 5
20.6000000000 0.3000000000 5
20.7000000000 0.3000000000 5
20.8000000000 0.3000000000 5
20.9000000000 0.3000000000 5
21.0000000000 0.3000000000 5
21.1000000000 0.3000000000 5
21.2000000000 0.3000000000 5
21.3000000000 0.3000000000 5
21.4000000000 0.3000000000 5
21.5000000000 0.3000000000 5
21.6000000000 0.3000000000 5
21.7000000000 0.3000000000 5
21.8000000000 0.3000000000 5
21.9000000000 0.3000000000 5
22.0000000000 0.3000000000 5
22.1000000000 0.3000000000 5
22.2000000000 0.3000000000 5
22.3000000000 0.3000000000 5
22.4000000000 0.3000000000 5
22.5000000000 0.3000000000 5
22.6000000000 0.3000000000 5
22.7000000000 0.3000000000 5
22.8000000000 0.3000000000 5
22.9000000000 0.3000000000 5
23.0000000000 0.3000000000 5
23.1000000000 0.3000000000 5
23.2000000000 0.3000000000 5
23.3000000000 0.3000000000 5
23.4000000000 0.3000000000 5
23.5000000000 0.3000000000 5
23.6000000000 0.3000000000 5
23.7000000000 0.3000000000 5
23.8000000000 0.3000000000 5
23.9000000000 0.3000000000 5
24.0000000000 0.3000000000 5
24.1000000000 0.3000000000 5
24.2000000000 0.3000000000 5
24.3000000000 0.3000000000 5
24.4000000000 0.3000000000 5
24.5000000000 0.3000000000 5
24.6000000000 0.3000000000 5
24.7000000000 0.3000000000 5
24.8000000000 0.3000000000 5
24.9000000000 0.3000000000 5
25.0000000000 0.3000000000 5
25.1000000000 0.3000000000 5
25.2000000000 0.3000000000 5
25.3000000000 0.3000000000 5
25.4000000000 0.3000000000 5
25.5000000000 0.3000000000 5
25.6000000000 0.3000000000 5
25.7000000000 0.3000000000 5
25.8000000000 0.3000000000 5
25.9000000000 0.3000000000 5
26.0000000000 0.3000000000 5
26.1000000000 0.3000000000 5
26.2000000000 0.3000000000 5
26.3000000000 0.3000000000 5
26.4000000000 0.3000000000 5
26.5000000000 0.3000000000 5
26.6000000000 0.3000000000 5
26.7000000000 0.3000000000 5
26.8000000000 0.3000000000 5
26.9000000000 0.3000000000 5
27.0000000000 0.3000000000 5
27.1000000000 0.3000000000 5
27.2000000000 0.3000000000 5
27.3000000000 0.3000000000 5
27.4000000000 0.3000000000 5
27.5000000000 0.3000000000 5
27.6000000000 0.3000000000 5
27.7000000000 0.3000000000 5
27.8000000000 0.3000000000 5
27.9000000000 0.3000000000 5
28.0000000000 0.3000000000 5
28.1000000000 0.3000000000 5
28.2000000000 0.3000000000 5
28.3000000000 0.3000000000 5
28.4000000000 0.3000000000 5
28.5000000000 0.3000000000 5
28.6000000000 0.3000000000 5
28.7000000000 0.3000000000 5
28.8000000000 0.3000000000 5
28.9000000000 0.3000000000 5
29.0000000000 0.3000000000 5
29.1000000000 0.3000000000 5
29.2000000000 0.3000000000 5
29.3000000000 0.3000000000 5
29.4000000000 0.3000000000 5
29.5000000000 0.3000000000 5
29.6000000000 0.3000000000 5
29.7000000000 0.3000000000 5
29.8000000000 0.3000000000 5
29.9000000000 0.3000000000 5
30.0000000000 0.3000000000 5
30.1000000000 0.3000000000 5
30.2000000000 0.3000000000 5
30.3000000000 0.3000000000 5
30.4000000000 0.3000000000 5
30.5000000000 0.3000000000 5
30.6000000000 0.3000000000 5
30.7000000000 0.3000000000 5
30.8000000000 0.3000000000 5
30.9000000000 0.3000000000 5
31.0000000000 0.3000000000 5
31.1000000000 0.3000000000 5
31.2000000000 0.3000000000 5
31.3000000000 0.3000000000 5
31.4000000000 0.3000000000 5
31.5000000000 0.3000000000 5
31.6000000000 0.3000000000 5
31.7000000000 0.3000000000 5
31.8000000000 0.3000000000 5
31.9000000000 0.3000000000 5
32.0000000000 0.3000000000 5
32.1000000000 0.3000000000 5
32.2000000000 0.3000000000 5
32.3000000000 0.3000000000 5
32.4000000000 0.3000000000 5
32.5000000000 0.3000000000 5
32.6000000000 0.3000000000 5
32.7000000000 0.3000000000 5
32.8000000000 0.3000000000 5
32.9000000000 0.3000000000 5
33.0000000000 0.3000000000 5
33.1000000000 0.3000000000 5
33.2000000000 0.3000000000 5
33.3000000000 0.3000000000 5
33.4000000000 0.3000000000 5
33.5000000000 0.3000000000 5
33.6000000000 0.3000000000 5
33.7000000000 0.3000000000 5
33.8000000000 0.3000000000 5
33.9000000000 0.3000000000 5
34.0000000000 0.3000000000 5
34.1000000000 0.3000000000 5
34.2000000000 0.3000000000 5
34.3000000000 0.3000000000 5
34.4000000000 0.3000000000 5
34.5000000000 0.3000000000 5
34.6000000000 0.3000000000 5
34.7000000000 0.3000000000 5
34.8000000000 0.3000000000 5
34.9000000000 0.3000000000 5
35.0000000000 0.3000000000 5
35.1000000000 0.3000000000 5
35.2000000000 0.3000000000 5
35.3000000000 0.3000000000 5
35.4000000000 0.3000000000 5
35.5000000000 0.3000000000 5
35.6000000000 0.3000000000 5
35.7000000000 0.3000000000 5
35.8000000000 0.3000000000 5
35.9000000000 0.3000000000 5
36.0000000000 0.3000000000 5
36.1000000000 0.3000000000 5
36.2000000000 0.3000000000 5
36.3000000000 0.3000000000 5
36.4000000000 0.3000000000 5
36.5000000000 0.3000000000 5
36.6000000000 0.3000000000 5
36.7000000000 0.3000000000 5
36.8000000000 0.3000000000 5
36.9000000000 0.3000000000 5
37.0000000000 0.3000000000 5
37.1000000000 0.3000000000 5
37.2000000000 0.3000000000 5
37.3000000000 0.3000000000 5
37.4000000000 0.3000000000 5
37.5000000000 0.3000000000 5
37.6000000000 0.3000000000 5
37.7000000000 0.3000000000 5
37.8000000000 0.3000000000 5
37.9000000000 0.3000000000 5
38.0000000000 0.3000000000 5
38.1000000000 0.3000000000 5
38.2000000000 0.3000000000 5
38.3000000000 0.3000000000 5
38.4000000000 0.3000000000 5
38.5000000000 0.3000000000 5
38.6000000000 0.3000000000 5
38.7000000000 0.3000000000 5
38.8000000000 0.3000000000 5
38.9000000000 0.3000000000 5
39.0000000000 0.3000000000 5
39.1000000000 0.3000000000 5
39.2000000000 0.3000000000 5
39.3000000000 0.3000000000 5
39.4000000000 0.3000000000 5
39.5000000000 0.3000000000 5
39.6000000000 0.3000000000 5
39.7000000000 0.3000000000 5
39.8000000000 0.3000000000 5
39.9000000000 0.3000000000 5
40.0000000000 0.3000000000 5
40.1000000000 0.3000000000 3
40.2000000000 0.3000000000 3
40.3000000000 0.3000000000 3
40.4000000000 0.3000000000 3
40.5000000000 0.3000000000 3
40.6000000000 0.3000000000 3
40.7000000000 0.3000000000 3
40.8000000000 0.3000000000 3
40.9000000000 0.3000000000 3
41.0000000000 0.3000000000 3
41.1000000000 0.3000000000 3
41.2000000000 0.3000000000 3
41.3000000000 0.3000000000 3
41.4000000000 0.3000000000 3
41.5000000000 0.3000000000 3
41.6000000000 0.3000000000 3
41.7000000000 0.3000000000 3
41.8000000000 0.3000000000 3
41.9000000000 0.3000000000 3
42.0000000000 0.3000000000 3
42.1000000000 0.3000000000 3
42.2000000000 0.3000000000 3
42.3000000000 0.3000000000 3
42.4000000000 0.3000000000 3
42.5000000000 0.3000000000 3
42.6000000000 0.3000000000 3
42.7000000000 0.3000000000 3
42.8000000000 0.3000000000 3
42.9000000000 0.3000000000 3
43.0000000000 0.3000000000 3
43.1000000000 0.3000000000 3
43.2000000000 0.3000000000 3
43.3000000000 0.3000000000 3
43.4000000000 0.3000000000 3
43.5000000000 0.3000000000 3
43.6000000000 0.3000000000 3
43.7000000000 0.3000000000 3
43.8000000000 0.3000000000 3
43.9000000000 0.3000000000 3
44.0000000000 0.3000000000 3
44.1000000000 0.3000000000 3
44.2000000000 0.3000000000 3
44.3000000000 0.3000000000 3
44.4000000000 0.3000000000 3
44.5000000000 0.3000000000 3
44.6000000000 0.3000000000 3
44.7000000000 0.3000000000 3
44.8000000000 0.3000000000 3
44.9000000000 0.3000000000 3
45.0000000000 0.3000000000 3
45.1000000000 0.3000000000 3
45.2000000000 0.3000000000 3
45.3000000000 0.3000000000 3
45.4000000000 0.3000000000 3
45.5000000000 0.3000000000 3
45.6000000000 0.3000000000 3
45.7000000000 0.3000000000 3
45.8000000000 0.3000000000 3
45.9000000000 0.3000000000 3
46.0000000000 0.3000000000 3
46.1000000000 0.3000000000 3
46.2000000000 0.3000000000 3
46.3000000000 0.3000000000 3
46.4000000000 0.3000000000 3
46.5000000000 0.3000000000 3
46.6000000000 0.3000000000 3
46.7000000000 0.3000000000 3
46.8000000000 0.3000000000 3
46.9000000000 0.3000000000 3
47.0000000000 0.3000000000 3
47.1000000000 0.3000000000 3
47.2000000000 0.3000000000 3
47.3000000000 0.3000000000 3
47.4000000000 0.3000000000 3
47.5000000000 0.3000000000 3
47.6000000000 0.3000000000 3
47.7000000000 0.3000000000 3
47.8000000000 0.3000000000 3
47.9000000000 0.3000000000 3
48.0000000000 0.3000000000 3
48.1000000000 0.3000000000 3
48.2000000000 0.3000000000 3
48.3000000000 0.3000000000 3
48.4000000000 0.3000000000 3
48.5000000000 0.3000000000 3
48.6000000000 0.3000000000 3
48.7000000000 0.3000000000 3
48.8000000000 0.3000000000 3
48.9000000000 0.3000000000 3
49.0000000000 0.3000000000 3
49.1000000000 0.3000000000 3
49.2000000000 0.3000000000 3
49.3000000000 0.3000000000 3
49.4000000000 0.3000000000 3
49.5000000000 0.3000000000 3
49.6000000000 0.3000000000 3
49.7000000000 0.3000000000 3
49.8000000000 0.3000000000 3
49.9000000000 0.3000000000 3
50.0000000000 0.3000000000 3
50.1000000000 0.3000000000 3
50.2000000000 0.3000000000 3
50.3000000000 0.3000000000 3
50.4000000000 0.3000000000 3
50.5000000000 0.3000000000 3
50.6000000000 0.3000000000 3
50.7000000000 0.3000000000 3
50.8000000000 0.3000000000 3
50.9000000000 0.3000000000 3
51.0000000000 0.3000000000 3
51.1000000000 0.3000000000 3
51.2000000000 0.3000000000 3
51.3000000000 0.3000000000 3
51.4000000000 0.3000000000 3
51.5000000000 0.3000000000 3
51.6000000000 0.3000000000 3
51.7000000000 0.3000000000 3
51.8000000000 0.3000000000 3
51.9000000000 0.3000000000 3
52.0000000000 0.3000000000 3
52.1000000000 0.3000000000 3
52.2000000000 0.3000000000 3
52.3000000000 0.3000000000 3
52.4000000000 0.3000000000 3
52.5000000000 0.3000000000 3
52.6000000000 0.3000000000 3
52.7000000000 0.3000000000 3
52.8000000000 0.3000000000 3
52.9000000000 0.3000000000 3
53.0000000000 0.3000000000 3
53.1000000000 0.3000000000 3
53.2000000000 0.3000000000 3
53.3000000000 0.3000000000 3
53.4000000000 0.3000000000 3
53.5000000000 0.3000000000 3
53.6000000000 0.3000000000 3
53.7000000000 0.3000000000 3
53.8000000000 0.3000000000 3
53.9000000000 0.3000000000 3
54.0000000000 0.3000000000 3
54.1000000000 0.3000000000 3
54.2000000000 0.3000000000 3
54.3000000000 0.3000000000 3
54.4000000000 0.3000000000 3
54.5000000000 0.3000000000 3
54.6000000000 0.3000000000 3
54.7000000000 0.3000000000 3
54.8000000000 0.3000000000 3
54.9000000000 0.3000000000 3
55.0000000000 0.3000000000 3
55.1000000000 0.3000000000 3
55.2000000000 0.3000000000 3
55.3000000000 0.3000000000 3
55.4000000000 0.3000000000 3
55.5000000000 0.3000000000 3
55.6000000000 0.3000000000 3
55.7000000000 0.3000000000 3
55.8000000000 0.3000000000 3
55.9000000000 0.3000000000 3
56.0000000000 0.3000000000 3
56.1000000000 0.3000000000 3
56.2000000000 0.3000000000 3
56.3000000000 0.3000000000 3
56.4000000000 0.3000000000 3
56.5000000000 0.3000000000 3
56.6000000000 0.3000000000 3
56.7000000000 0.3000000000 3
56.8000000000 0.3000000000 3
56.9000000000 0.3000000000 3
57.0000000000 0.3000000000 3
57.1000000000 0.3000000000 3
57.2000000000 0.3000000000 3
57.3000000000 0.3000000000 3
57.4000000000 0.3000000000 3
57.5000000000 0.3000000000 3
57.6000000000 0.3000000000 3
57.7000000000 0.3000000000 3
57.8000000000 0.3000000000 3
57.9000000000 0.3000000000 3
58.0000000000 0.3000000000 3
58.1000000000 0.3000000000 3
58.2000000000 0.3000000000 3
58.3000000000 0.3000000000 3
58.4000000000 0.3000000000 3
58.5000000000 0.3000000000 3
58.6000000000 0.3000000000 3
58.7000000000 0.3000000000 3
58.8000000000 0.3000000000 3
58.9000000000 0.3000000000 3
59.0000000000 0.3000000000 3
59.1000000000 0.3000000000 3
59.2000000000 0.3000000000 3
59.3000000000 0.3000000000 3
59.4000000000 0.3000000000 3
59.5000000000 0.3000000000 3
59.6000000000 0.3000000000 3
59.7000000000 0.3000000000 3
59.8000000000 0.3000000000 3
59.9000000000 0.3000000000 3
60.0000000000 0.3000000000 3
60.1000000000 0.3000000000 3
60.2000000000 0.3000000000 3
60.3000000000 0.3000000000 3
60.4000000000 0.3000000000 3
60.5000000000 0.3000000000 3
60.6000000000 0.3000000000 3
60.7000000000 0.3000000000 3
60.8000000000 0.3000000000 3
60.9000000000 0.3000000000 3
61.0000000000 0.3000000000 3
61.1000000000 0.3000000000 3
61.2000000000 0.3000000000 3
61.3000000000 0.3000000000 3
61.4000000000 0.3000000000 3
61.5000000000 0.3000000000 3
61.6000000000 0.3000000000 3
61.7000000000 0.3000000000 3
61.8000000000 0.3000000000 3
61.9000000000 0.3000000000 3
62.0000000000 0.3000000000 3
62.1000000000 0.3000000000 3
62.2000000000 0.3000000000 3
62.3000000000 0.3000000000 3
62.4000000000 0.3000000000 3
62.5000000000 0.3000000000 3
62.6000000000 0.3000000000 3
62.7000000000 0.3000000000 3
62.8000000000 0.3000000000 3
62.9000000000 0.3000000000 3
63.0000000000 0.3000000000 3
63.1000000000 0.3000000000 3
63.2000000000 0.3000000000 3
63.3000000000 0.3000000000 3
63.4000000000 0.3000000000 3
63.5000000000 0.3000000000 3
63.6000000000 0.3000000000 3
63.7000000000 0.3000000000 3
63.8000000000 0.3000000000 3
63.9000000000 0.3000000000 3
64.0000000000 0.3000000000 3
64.1000000000 0.3000000000 3
64.2000000000 0.3000000000 3
64.3000000000 0.3000000000 3
64.4000000000 0.3000000000 3
64.5000000000 0.3000000000 3
64.6000000000 0.3000000000 3
64.7000000000 0.3000000000 3
64.8000000000 0.3000000000 3
64.9000000000 0.3000000000 3
65.0000000000 0.3000000000 3
65.1000000000 0.3000000000 3
65.2000000000 0.3000000000 3
65.3000000000 0.3000000000 3
65.4000000000 0.3000000000 3
65.5000000000 0.3000000000 3
65.6000000000 0.3000000000 3
65.7000000000 0.3000000000 3
65.8000000000 0.3000000000 3
65.9000000000 0.3000000000 3
66.0000000000 0.3000000000 3
66.1000000000 0.3000000000 3
66.2000000000 0.3000000000 3
66.3000000000 0.3000000000 3
66.4000000000 0.3000000000 3
66.5000000000 0.3000000000 3
66.6000000000 0.3000000000 3
66.7000000000 0.3000000000 3
66.8000000000 0.3000000000 3
66.9000000000 0.3000000000 3
67.0000000000 0.3000000000 3
67.1000000000 0.3000000000 3
67.2000000000 0.3000000000 3
67.3000000000 0.3000000000 3
67.4000000000 0.3000000000 3
67.5000000000 0.3000000000 3
67.6000000000 0.3000000000 3
67.7000000000 0.3000000000 3
67.8000000000 0.3000000000 3
67.9000000000 0.3000000000 3
68.0000000000 0.3000000000 3
68.1000000000 0.3000000000 3
68.2000000000 0.3000000000 3
68.3000000000 0.3000000000 3
68.4000000000 0.3000000000 3
68.5000000000 0.3000000000 3
68.6000000000 0.3000000000 3
68.7000000000 0.3000000000 3
68.8000000000 0.3000000000 3
68.9000000000 0.3000000000 3
69.0000000000 0.3000000000 3
69.1000000000 0.3000000000 3
69.2000000000 0.3000000000 3
69.3000000000 0.3000000000 3
69.4000000000 0.3000000000 3
69.5000000000 0.3000000000 3
69.6000000000 0.3000000000 3
69.7000000000 0.3000000000 3
69.8000000000 0.3000000000 3
69.9000000000 0.3000000000 3
70.0000000000 0.3000000000 3
70.1000000000 0.3000000000 5
70.2000000000 0.3000000000 5
70.3000000000 0.3000000000 5
70.4000000000 0.3000000000 5
70.5000000000 0.3000000000 5
70.6000000000 0.3000000000 5
70.7000000000 0.3000000000 5
70.8000000000 0.3000000000 5
70.9000000000 0.3000000000 5
71.0000000000 0.3000000000 5
71.1000000000 0.3000000000 5
71.2000000000 0.3000000000 5
71.3000000000 0.3000000000 5
71.4000000000 0.3000000000 5
71.5000000000 0.3000000000 5
71.6000000000 0.3000000000 5
71.7000000000 0.3000000000 5
71.8000000000 0.3000000000 5
71.9000000000 0.3000000000 5
72.0000000000 0.3000000000 5
72.1000000000 0.3000000000 5
72.2000000000 0.3000000000 5
72.3000000000 0.3000000000 5
72.4000000000 0.3000000000 5
72.5000000000 0.3000000000 5
72.6000000000 0.3000000000 5
72.7000000000 0.3000000000 5
72.8000000000 0.3000000000 5
72.9000000000 0.3000000000 5
73.0000000000 0.3000000000 5
73.1000000000 0.3000000000 5
73.2000000000 0.3000000000 5
73.3000000000 0.3000000000 5
73.4000000000 0.3000000000 5
73.5000000000 0.3000000000 5
73.6000000000 0.3000000000 5
73.7000000000 0.3000000000 5
73.8000000000 0.3000000000 5
73.9000000000 0.3000000000 5
74.0000000000 0.3000000000 5
74.1000000000 0.3000000000 5
74.2000000000 0.3000000000 5
74.3000000000 0.3000000000 5
74.4000000000 0.3000000000 5
74.5000000000 0.3000000000 5
74.6000000000 0.3000000000 5
74.7000000000 0.3000000000 5
74.8000000000 0.3000000000 5
74.9000000000 0.3000000000 5
75.0000000000 0.3000000000 5
75.1000000000 0.3000000000 5
75.2000000000 0.3000000000 5
75.3000000000 0.3000000000 5
75.4000000000 0.3000000000 5
75.5000000000 0.3000000000 5
75.6000000000 0.3000000000 5
75.7000000000 0.3000000000 5
75.8000000000 0.3000000000 5
75.9000000000 0.3000000000 5
76.0000000000 0.3000000000 5
76.1000000000 0.3000000000 5
76.2000000000 0.3000000000 5
76.3000000000 0.3000000000 5
76.4000000000 0.3000000000 5
76.5000000000 0.3000000000 5
76.6000000000 0.3000000000 5
76.7000000000 0.3000000000 5
76.8000000000 0.3000000000 5
76.9000000000 0.3000000000 5
77.0000000000 0.3000000000 5
77.1000000000 0.3000000000 5
77.2000000000 0.3000000000 5
77.3000000000 0.3000000000 5
77.4000000000 0.3000000000 5
77.5000000000 0.3000000000 5
77.6000000000 0.3000000000 5
77.7000000000 0.3000000000 5
77.8000000000 0.3000000000 5
77.9000000000 0.3000000000 5
78.0000000000 0.3000000000 5
78.1000000000 0.3000000000 5
78.2000000000 0.3000000000 5
78.3000000000 0.3000000000 5
78.4000000000 0.3000000000 5
78.5000000000 0.3000000000 5
78.6000000000 0.3000000000 5
78.7000000000 0.3000000000 5
78.8000000000 0.3000000000 5
78.9000000000 0.3000000000 5
79.0000000000 0.3000000000 5
79.1000000000 0.3000000000 5
79.2000000000 0.3000000000 5
79.3000000000 0.3000000000 5
79.4000000000 0.3000000000 5
79.5000000000 0.3000000000 5
79.6000000000 0.3000000000 5
79.7000000000 0.3000000000 5
79.8000000000 0.3000000000 5
79.9000000000 0.3000000000 5
80.0000000000 0.3000000000 5
80.1000000000 0.3000000000 5
80.2000000000 0.3000000000 5
80.3000000000 0.3000000000 5
80.4000000000 0.3000000000 5
80.5000000000 0.3000000000 5
80.6000000000 0.3000000000 5
80.7000000000 0.3000000000 5
80.8000000000 0.3000000000 5
80.9000000000 0.3000000000 5
81.0000000000 0.3000000000 5
81.1000000000 0.3000000000 5
81.2000000000 0.3000000000 5
81.3000000000 0.3000000000 5
81.4000000000 0.3000000000 5
81.5000000000 0.3000000000 5
81.6000000000 0.3000000000 5
81.7000000000 0.3000000000 5
81.8000000000 0.3000000000 5
81.9000000000 0.3000000000 5
82.0000000000 0.3000000000 5
82.1000000000 0.3000000000 5
82.2000000000 0.3000000000 5
82.3000000000 0.3000000000 5
82.4000000000 0.3000000000 5
82.5000000000 0.3000000000 5
82.6000000000 0.3000000000 5
82.7000000000 0.3000000000 5
82.8000000000 0.3000000000 5
82.9000000000 0.3000000000 5
83.0000000000 0.3000000000 5
83.1000000000 0.3000000000 5
83.2000000000 0.3000000000 5
83.3000000000 0.3000000000 5
83.4000000000 0.3000000000 5
83.5000000000 0.3000000000 5
83.6000000000 0.3000000000 5
83.7000000000 0.3000000000 5
83.8000000000 0.3000000000 5
83.9000000000 0.3000000000 5
84.0000000000 0.3000000000 5
84.1000000000 0.3000000000 5
84.2000000000 0.3000000000 5
84.3000000000 0.3000000000 5
84.4000000000 0.3000000000 5
84.5000000000 0.3000000000 5
84.6000000000 0.3000000000 5
84.7000000000 0.3000000000 5
84.8000000000 0.3000000000 5
84.9000000000 0.3000000000 5
85.0000000000 0.3000000000 5
85.1000000000 0.3000000000 5
85.2000000000 0.3000000000 5
85.3000000000 0.3000000000 5
85.4000000000 0.3000000000 5
85.5000000000 0.3000000000 5
85.6000000000 0.3000000000 5
85.7000000000 0.3000000000 5
85.8000000000 0.3000000000 5
85.9000000000 0.3000000000 5
86.0000000000 0.3000000000 5
86.1000000000 0.3000000000 5
86.2000000000 0.3000000000 5
86.3000000000 0.3000000000 5
86.4000000000 0.3000000000 5
86.5000000000 0.3000000000 5
86.6000000000 0.3000000000 5
86.7000000000 0.3000000000 5
86.8000000000 0.3000000000 5
86.9000000000 0.3000000000 5
87.0000000000 0.3000000000 5
87.1000000000 0.3000000000 5
87.2000000000 0.3000000000 5
87.3000000000 0.3000000000 5
87.4000000000 0.3000000000 5
87.5000000000 0.3000000000 5
87.6000000000 0.3000000000 5
87.7000000000 0.3000000000 5
87.8000000000 0.3000000000 5
87.9000000000 0.3000000000 5
88.0000000000 0.3000000000 5
88.1000000000 0.3000000000 5
88.2000000000 0.3000000000 5
88.3000000000 0.3000000000 5
88.4000000000 0.3000000000 5
88.5000000000 0.3000000000 5
88.6000000000 0.3000000000 5
88.7000000000 0.3000000000 5
88.8000000000 0.3000000000 5
88.9000000000 0.3000000000 5
89.0000000000 0.3000000000 5
89.1000000000 0.3000000000 5
89.2000000000 0.3000000000 5
89.3000000000 0.3000000000 5
89.4000000000 0.3000000000 5
89.5000000000 0.3000000000 5
89.6000000000 0.3000000000 5
89.7000000000 0.3000000000 5
89.8000000000 0.3000000000 5
89.9000000000 0.3000000000 5
90.0000000000 0.3000000000 5
90.1000000000 0.3000000000 5
90.2000000000 0.3000000000 5
90.3000000000 0.3000000000 5
90.4000000000 0.3000000000 5
90.5000000000 0.3000000000 5
90.6000000000 0.3000000000 5
90.7000000000 0.3000000000 5
90.8000000000 0.3000000000 5
90.9000000000 0.3000000000 5
91.0000000000 0.3000000000 5
91.1000000000 0.3000000000 5
91.2000000000 0.3000000000 5
91.3000000000 0.3000000000 5
91.4000000000 0.3000000000 5
91.5000000000 0.3000000000 5
91.6000000000 0.3000000000 5
91.7000000000 0.3000000000 5
91.8000000000 0.3000000000 5
91.9000000000 0.3000000000 5
92.0000000000 0.3000000000 5
92.1000000000 0.3000000000 5
92.2000000000 0.3000000000 5
92.3000000000 0.3000000000 5
92.4000000000 0.3000000000 5
92.5000000000 0.3000000000 5
92.6000000000 0.3000000000 5
92.7000000000 0.3000000000 5
92.8000000000 0.3000000000 5
92.9000000000 0.3000000000 5
93.0000000000 0.3000000000 5
93.1000000000 0.3000000000 5
93.2000000000 0.3000000000 5
93.3000000000 0.3000000000 5
93.4000000000 0.3000000000 5
93.5000000000 0.3000000000 5
93.6000000000 0.3000000000 5
93.7000000000 0.3000000000 5
93.8000000000 0.3000000000 5
93.9000000000 0.3000000000 5
94.0000000000 0.3000000000 5
94.1000000000 0.3000000000 5
94.2000000000 0.3000000000 5
94.3000000000 0.3000000000 5
94.4000000000 0.3000000000 5
94.5000000000 0.3000000000 5
94.6000000000 0.3000000000 5
94.7000000000 0.3000000000 5
94.8000000000 0.3000000000 5
94.9000000000 0.3000000000 5
95.0000000000 0.3000000000 5
95.1000000000 0.3000000000 5
95.2000000000 0.3000000000 5
95.3000000000 0.3000000000 5
95.4000000000 0.3000000000 5
95.5000000000 0.3000000000 5
95.6000000000 0.3000000000 5
95.7000000000 0.3000000000 5
95.8000000000 0.3000000000 5
95.9000000000 0.3000000000 5
96.0000000000 0.3000000000 5
96.1000000000 0.3000000000 5
96.2000000000 0.3000000000 5
96.3000000000 0.3000000000 5
96.4000000000 0.3000000000 5
96.5000000000 0.3000000000 5
96.6000000000 0.3000000000 5
96.7000000000 0.3000000000 5
96.8000000000 0.3000000000 5
96.9000000000 0.3000000000 5
97.0000000000 0.3000000000 5
97.1000000000 0.3000000000 5
97.2000000000 0.3000000000 5
97.3000000000 0.3000000000 5
97.4000000000 0.3000000000 5
97.5000000000 0.3000000000 5
97.6000000000 0.3000000000 5
97.7000000000 0.3000000000 5
97.8000000000 0.3000000000 5
97.9000000000 0.3000000000 5
98.0000000000 0.3000000000 5
98.1000000000 0.3000000000 5
98.2000000000 0.3000000000 5
98.3000000000 0.3000000000 5
98.4000000000 0.3000000000 5
98.5000000000 0.3000000000 5
98.6000000000 0.3000000000 5
98.7000000000 0.3000000000 5
98.8000000000 0.3000000000 5
98.9000000000 0.3000000000 5
99.0000000000 0.3000000000 5
99.1000000000 0.3000000000 5
99.2000000000 0.3000000000 5
99.3000000000 0.3000000000 5
99.4000000000 0.3000000000 5
99.5000000000 0.3000000000 5
99.6000000000 0.3000000000 5
99.7000000000 0.3000000000 5
99.8000000000 0.3000000000 5
99.9000000000 0.3000000000 5
100.0000000000 0.3000000000 5
100.1000000000 0.3000000000 5
100.2000000000 0.3000000000 5
100.3000000000 0.3000000000 5
100.4000000000 0.3000000000 5
100.5000000000 0.3000000000 5
100.6000000000 0.3000000000 5
100.7000000000 0.3000000000 5
100.8000000000 0.3000000000 5
100.9000000000 0.3000000000 5
101.0000000000 0.3000000000 5
101.1000000000 0.3000000000 5
101.2000000000 0.3000000000 5
101.3000000000 0.3000000000 5
101.4000000000 0.3000000000 5
101.5000000000 0.3000000000 5
101.6000000000 0.3000000000 5
101.7000000000 0.3000000000 5
101.8000000000 0.3000000000 5
101.9000000000 0.3000000000 5
102.0000000000 0.3000000000 5
102.1000000000 0.3000000000 5
102.2000000000 0.3000000000 5
102.3000000000 0.3000000000 5
102.4000000000 0.3000000000 5
102.5000000000 0.3000000000 5
102.6000000000 0.3000000000 5
102.7000000000 0.3000000000 5
102.8000000000 0.3000000000 5
102.9000000000 0.3000000000 5
103.0000000000 0.3000000000 5
103.1000000000 0.3000000000 5
103.2000000000 0.3000000000 5
103.3000000000 0.3000000000 5
103.4000000000 0.3000000000 5
103.5000000000 0.3000000000 5
103.6000000000 0.3000000000 5
103.7000000000 0.3000000000 5
103.8000000000 0.3000000000 5
103.9000000000 0.3000000000 5
104.0000000000 0.3000000000 5
104.1000000000 0.3000000000 5
104.2000000000 0.3000000000 5
104.3000000000 0.3000000000 5
104.4000000000 0.3000000000 5
104.5000000000 0.3000000000 5
104.6000000000 0.3000000000 5
104.7000000000 0.3000000000 5
104.8000000000 0.3000000000 5
104.9000000000 0.3000000000 5
105.0000000000 0.3000000000 5
105.1000000000 0.3000000000 5
105.2000000000 0.3000000000 5
105.3000000000 0.3000000000 5
105.4000000000 0.3000000000 5
105.5000000000 0.3000000000 5
105.6000000000 0.3000000000 5
105.7000000000 0.3000000000 5
105.8000000000 0.3000000000 5
105.9000000000 0.3000000000 5
106.0000000000 0.3000000000 5
106.1000000000 0.3000000000 5
106.2000000000 0.3000000000 5
106.3000000000 0.3000000000 5
106.4000000000 0.3000000000 5
106.5000000000 0.3000000000 5
106.6000000000 0.3000000000 5
106.7000000000 0.3000000000 5
106.8000000000 0.3000000000 5
106.9000000000 0.3000000000 5
107.0000000000 0.3000000000 5
107.1000000000 0.3000000000 5
107.2000000000 0.3000000000 5
107.3000000000 0.3000000000 5
107.4000000000 0.3000000000 5
107.5000000000 0.3000000000 5
107.6000000000 0.3000000000 5
107.7000000000 0.3000000000 5
107.8000000000 0.3000000000 5
107.9000000000 0.3000000000 5
108.0000000000 0.3000000000 5
108.1000000000 0.3000000000 5
108.2000000000 0.3000000000 5
108.3000000000 0.3000000000 5
108.4000000000 0.3000000000 5
108.5000000000 0.3000000000 5
108.6000000000 0.3000000000 5
108.7000000000 0.3000000000 5
108.8000000000 0.3000000000 5
108.9000000000 0.3000000000 5
109.0000000000 0.3000000000 5
109.1000000000 0.3000000000 5
109.2000000000 0.3000000000 5
109.3000000000 0.3000000000 5
109.4000000000 0.3000000000 5
109.5000000000 0.3000000000 5
109.6000000000 0.3000000000 5
109.7000000000 0.3000000000 5
109.8000000000 0.3000000000 5
109.9000000000 0.3000000000 5
110.0000000000 0.3000000000 5
