z[um]	g[um]	pcm(0:si, 1:cpcm, 2:apcm)
0.0000000000	0.2000000000	1	8
0.0500000000	0.2000000000	1	8
0.1000000000	0.2000000000	1	8
0.1500000000	0.2000000000	1	8
0.2000000000	0.2000000000	1	8
0.2500000000	0.2000000000	1	8
0.3000000000	0.2000000000	1	8
0.3500000000	0.2000000000	1	8
0.4000000000	0.2000000000	1	8
0.4500000000	0.2000000000	1	8
0.5000000000	0.2000000000	1	8
0.5500000000	0.2000000000	1	8
0.6000000000	0.2000000000	1	8
0.6500000000	0.2000000000	1	8
0.7000000000	0.2000000000	1	8
0.7500000000	0.2000000000	1	8
0.8000000000	0.2000000000	1	8
0.8500000000	0.2000000000	1	8
0.9000000000	0.2000000000	1	8
0.9500000000	0.2000000000	1	8
1.0000000000	0.2000000000	1	8
1.0500000000	0.2000000000	1	8
1.1000000000	0.2000000000	1	8
1.1500000000	0.2000000000	1	8
1.2000000000	0.2000000000	1	8
1.2500000000	0.2000000000	1	8
1.3000000000	0.2000000000	1	8
1.3500000000	0.2000000000	1	8
1.4000000000	0.2000000000	1	8
1.4500000000	0.2000000000	1	8
1.5000000000	0.2000000000	1	8
1.5500000000	0.2000000000	1	8
1.6000000000	0.2000000000	1	8
1.6500000000	0.2000000000	1	8
1.7000000000	0.2000000000	1	8
1.7500000000	0.2000000000	1	8
1.8000000000	0.2000000000	1	8
1.8500000000	0.2000000000	1	8
1.9000000000	0.2000000000	1	8
1.9500000000	0.2000000000	1	8
2.0000000000	0.2000000000	1	8
2.0500000000	0.2000000000	1	8
2.1000000000	0.2000000000	1	8
2.1500000000	0.2000000000	1	8
2.2000000000	0.2000000000	1	8
2.2500000000	0.2000000000	1	8
2.3000000000	0.2000000000	1	8
2.3500000000	0.2000000000	1	8
2.4000000000	0.2000000000	1	8
2.4500000000	0.2000000000	1	8
2.5000000000	0.2000000000	1	8
2.5500000000	0.2000000000	1	8
2.6000000000	0.2000000000	1	8
2.6500000000	0.2000000000	1	8
2.7000000000	0.2000000000	1	8
2.7500000000	0.2000000000	1	8
2.8000000000	0.2000000000	1	8
2.8500000000	0.2000000000	1	8
2.9000000000	0.2000000000	1	8
2.9500000000	0.2000000000	1	8
3.0000000000	0.2000000000	1	8
3.0500000000	0.2000000000	1	8
3.1000000000	0.2000000000	1	8
3.1500000000	0.2000000000	1	8
3.2000000000	0.2000000000	1	8
3.2500000000	0.2000000000	1	8
3.3000000000	0.2000000000	1	8
3.3500000000	0.2000000000	1	8
3.4000000000	0.2000000000	1	8
3.4500000000	0.2000000000	1	8
3.5000000000	0.2000000000	1	8
3.5500000000	0.2000000000	1	8
3.6000000000	0.2000000000	1	8
3.6500000000	0.2000000000	1	8
3.7000000000	0.2000000000	1	8
3.7500000000	0.2000000000	1	8
3.8000000000	0.2000000000	1	8
3.8500000000	0.2000000000	1	8
3.9000000000	0.2000000000	1	8
3.9500000000	0.2000000000	1	8
4.0000000000	0.2000000000	1	8
4.0500000000	0.2000000000	1	8
4.1000000000	0.2000000000	1	8
4.1500000000	0.2000000000	1	8
4.2000000000	0.2000000000	1	8
4.2500000000	0.2000000000	1	8
4.3000000000	0.2000000000	1	8
4.3500000000	0.2000000000	1	8
4.4000000000	0.2000000000	1	8
4.4500000000	0.2000000000	1	8
4.5000000000	0.2000000000	1	8
4.5500000000	0.2000000000	1	8
4.6000000000	0.2000000000	1	8
4.6500000000	0.2000000000	1	8
4.7000000000	0.2000000000	1	8
4.7500000000	0.2000000000	1	8
4.8000000000	0.2000000000	1	8
4.8500000000	0.2000000000	1	8
4.9000000000	0.2000000000	1	8
4.9500000000	0.2000000000	1	8
5.0000000000	0.2000000000	1	8
5.0500000000	0.2000000000	1	8
5.1000000000	0.2000000000	1	8
5.1500000000	0.2000000000	1	8
5.2000000000	0.2000000000	1	8
5.2500000000	0.2000000000	1	8
5.3000000000	0.2000000000	1	8
5.3500000000	0.2000000000	1	8
5.4000000000	0.2000000000	1	8
5.4500000000	0.2000000000	1	8
5.5000000000	0.2000000000	1	8
5.5500000000	0.2000000000	1	8
5.6000000000	0.2000000000	1	8
5.6500000000	0.2000000000	1	8
5.7000000000	0.2000000000	1	8
5.7500000000	0.2000000000	1	8
5.8000000000	0.2000000000	1	8
5.8500000000	0.2000000000	1	8
5.9000000000	0.2000000000	1	8
5.9500000000	0.2000000000	1	8
6.0000000000	0.2000000000	1	8
6.0500000000	0.2000000000	1	8
6.1000000000	0.2000000000	1	8
6.1500000000	0.2000000000	1	8
6.2000000000	0.2000000000	1	8
6.2500000000	0.2000000000	1	8
6.3000000000	0.2000000000	1	8
6.3500000000	0.2000000000	1	8
6.4000000000	0.2000000000	1	8
6.4500000000	0.2000000000	1	8
6.5000000000	0.2000000000	1	8
6.5500000000	0.2000000000	1	8
6.6000000000	0.2000000000	1	8
6.6500000000	0.2000000000	1	8
6.7000000000	0.2000000000	1	8
6.7500000000	0.2000000000	1	8
6.8000000000	0.2000000000	1	8
6.8500000000	0.2000000000	1	8
6.9000000000	0.2000000000	1	8
6.9500000000	0.2000000000	1	8
7.0000000000	0.2000000000	1	8
7.0500000000	0.2000000000	1	8
7.1000000000	0.2000000000	1	8
7.1500000000	0.2000000000	1	8
7.2000000000	0.2000000000	1	8
7.2500000000	0.2000000000	1	8
7.3000000000	0.2000000000	1	8
7.3500000000	0.2000000000	1	8
7.4000000000	0.2000000000	1	8
7.4500000000	0.2000000000	1	8
7.5000000000	0.2000000000	1	8
7.5500000000	0.2000000000	1	8
7.6000000000	0.2000000000	1	8
7.6500000000	0.2000000000	1	8
7.7000000000	0.2000000000	1	8
7.7500000000	0.2000000000	1	8
7.8000000000	0.2000000000	1	8
7.8500000000	0.2000000000	1	8
7.9000000000	0.2000000000	1	8
7.9500000000	0.2000000000	1	8
8.0000000000	0.2000000000	1	8
8.0500000000	0.2000000000	1	8
8.1000000000	0.2000000000	1	8
8.1500000000	0.2000000000	1	8
8.2000000000	0.2000000000	1	8
8.2500000000	0.2000000000	1	8
8.3000000000	0.2000000000	1	8
8.3500000000	0.2000000000	1	8
8.4000000000	0.2000000000	1	8
8.4500000000	0.2000000000	1	8
8.5000000000	0.2000000000	1	8
8.5500000000	0.2000000000	1	8
8.6000000000	0.2000000000	1	8
8.6500000000	0.2000000000	1	8
8.7000000000	0.2000000000	1	8
8.7500000000	0.2000000000	1	8
8.8000000000	0.2000000000	1	8
8.8500000000	0.2000000000	1	8
8.9000000000	0.2000000000	1	8
8.9500000000	0.2000000000	1	8
9.0000000000	0.2000000000	1	8
9.0500000000	0.2000000000	1	8
9.1000000000	0.2000000000	1	8
9.1500000000	0.2000000000	1	8
9.2000000000	0.2000000000	1	8
9.2500000000	0.2000000000	1	8
9.3000000000	0.2000000000	1	8
9.3500000000	0.2000000000	1	8
9.4000000000	0.2000000000	1	8
9.4500000000	0.2000000000	1	8
9.5000000000	0.2000000000	1	8
9.5500000000	0.2000000000	1	8
9.6000000000	0.2000000000	1	8
9.6500000000	0.2000000000	1	8
9.7000000000	0.2000000000	1	8
9.7500000000	0.2000000000	1	8
9.8000000000	0.2000000000	1	8
9.8500000000	0.2000000000	1	8
9.9000000000	0.2000000000	1	8
9.9500000000	0.2000000000	1	8
10.0000000000	0.2000000000	1	8
10.0500000000	0.2000000000	1	8
10.1000000000	0.2000000000	1	8
10.1500000000	0.2000000000	1	8
10.2000000000	0.2000000000	1	8
10.2500000000	0.2000000000	1	8
10.3000000000	0.2000000000	1	8
10.3500000000	0.2000000000	1	8
10.4000000000	0.2000000000	1	8
10.4500000000	0.2000000000	1	8
10.5000000000	0.2000000000	1	8
10.5500000000	0.2000000000	1	8
10.6000000000	0.2000000000	1	8
10.6500000000	0.2000000000	1	8
10.7000000000	0.2000000000	1	8
10.7500000000	0.2000000000	1	8
10.8000000000	0.2000000000	1	8
10.8500000000	0.2000000000	1	8
10.9000000000	0.2000000000	1	8
10.9500000000	0.2000000000	1	8
11.0000000000	0.2000000000	1	8
11.0500000000	0.2000000000	1	8
11.1000000000	0.2000000000	1	8
11.1500000000	0.2000000000	1	8
11.2000000000	0.2000000000	1	8
11.2500000000	0.2000000000	1	8
11.3000000000	0.2000000000	1	8
11.3500000000	0.2000000000	1	8
11.4000000000	0.2000000000	1	8
11.4500000000	0.2000000000	1	8
11.5000000000	0.2000000000	1	8
11.5500000000	0.2000000000	1	8
11.6000000000	0.2000000000	1	8
11.6500000000	0.2000000000	1	8
11.7000000000	0.2000000000	1	8
11.7500000000	0.2000000000	1	8
11.8000000000	0.2000000000	1	8
11.8500000000	0.2000000000	1	8
11.9000000000	0.2000000000	1	8
11.9500000000	0.2000000000	1	8
12.0000000000	0.2000000000	1	8
12.0500000000	0.2000000000	1	8
12.1000000000	0.2000000000	1	8
12.1500000000	0.2000000000	1	8
12.2000000000	0.2000000000	1	8
12.2500000000	0.2000000000	1	8
12.3000000000	0.2000000000	1	8
12.3500000000	0.2000000000	1	8
12.4000000000	0.2000000000	1	8
12.4500000000	0.2000000000	1	8
12.5000000000	0.2000000000	1	8
12.5500000000	0.2000000000	1	8
12.6000000000	0.2000000000	1	8
12.6500000000	0.2000000000	1	8
12.7000000000	0.2000000000	1	8
12.7500000000	0.2000000000	1	8
12.8000000000	0.2000000000	1	8
12.8500000000	0.2000000000	1	8
12.9000000000	0.2000000000	1	8
12.9500000000	0.2000000000	1	8
13.0000000000	0.2000000000	1	8
13.0500000000	0.2000000000	1	8
13.1000000000	0.2000000000	1	8
13.1500000000	0.2000000000	1	8
13.2000000000	0.2000000000	1	8
13.2500000000	0.2000000000	1	8
13.3000000000	0.2000000000	1	8
13.3500000000	0.2000000000	1	8
13.4000000000	0.2000000000	1	8
13.4500000000	0.2000000000	1	8
13.5000000000	0.2000000000	1	8
13.5500000000	0.2000000000	1	8
13.6000000000	0.2000000000	1	8
13.6500000000	0.2000000000	1	8
13.7000000000	0.2000000000	1	8
13.7500000000	0.2000000000	1	8
13.8000000000	0.2000000000	1	8
13.8500000000	0.2000000000	1	8
13.9000000000	0.2000000000	1	8
13.9500000000	0.2000000000	1	8
14.0000000000	0.2000000000	1	8
14.0500000000	0.2000000000	1	8
14.1000000000	0.2000000000	1	8
14.1500000000	0.2000000000	1	8
14.2000000000	0.2000000000	1	8
14.2500000000	0.2000000000	1	8
14.3000000000	0.2000000000	1	8
14.3500000000	0.2000000000	1	8
14.4000000000	0.2000000000	1	8
14.4500000000	0.2000000000	1	8
14.5000000000	0.2000000000	1	8
14.5500000000	0.2000000000	1	8
14.6000000000	0.2000000000	1	8
14.6500000000	0.2000000000	1	8
14.7000000000	0.2000000000	1	8
14.7500000000	0.2000000000	1	8
14.8000000000	0.2000000000	1	8
14.8500000000	0.2000000000	1	8
14.9000000000	0.2000000000	1	8
14.9500000000	0.2000000000	1	8
15.0000000000	0.2000000000	1	8
15.0500000000	0.2000000000	1	8
15.1000000000	0.2000000000	1	8
15.1500000000	0.2000000000	1	8
15.2000000000	0.2000000000	1	8
15.2500000000	0.2000000000	1	8
15.3000000000	0.2000000000	1	8
15.3500000000	0.2000000000	1	8
15.4000000000	0.2000000000	1	8
15.4500000000	0.2000000000	1	8
15.5000000000	0.2000000000	1	8
15.5500000000	0.2000000000	1	8
15.6000000000	0.2000000000	1	8
15.6500000000	0.2000000000	1	8
15.7000000000	0.2000000000	1	8
15.7500000000	0.2000000000	1	8
15.8000000000	0.2000000000	1	8
15.8500000000	0.2000000000	1	8
15.9000000000	0.2000000000	1	8
15.9500000000	0.2000000000	1	8
16.0000000000	0.2000000000	1	8
16.0500000000	0.2000000000	1	8
16.1000000000	0.2000000000	1	8
16.1500000000	0.2000000000	1	8
16.2000000000	0.2000000000	1	8
16.2500000000	0.2000000000	1	8
16.3000000000	0.2000000000	1	8
16.3500000000	0.2000000000	1	8
16.4000000000	0.2000000000	1	8
16.4500000000	0.2000000000	1	8
16.5000000000	0.2000000000	1	8
16.5500000000	0.2000000000	1	8
16.6000000000	0.2000000000	1	7
16.6500000000	0.2000000000	1	7
16.7000000000	0.2000000000	1	7
16.7500000000	0.2000000000	1	7
16.8000000000	0.2000000000	1	7
16.8500000000	0.2000000000	1	7
16.9000000000	0.2000000000	1	7
16.9500000000	0.2000000000	1	7
17.0000000000	0.2000000000	1	7
17.0500000000	0.2000000000	1	7
17.1000000000	0.2000000000	1	7
17.1500000000	0.2000000000	1	7
17.2000000000	0.2000000000	1	7
17.2500000000	0.2000000000	1	7
17.3000000000	0.2000000000	1	7
17.3500000000	0.2000000000	1	7
17.4000000000	0.2000000000	1	7
17.4500000000	0.2000000000	1	7
17.5000000000	0.2000000000	1	7
17.5500000000	0.2000000000	1	7
17.6000000000	0.2000000000	1	7
17.6500000000	0.2000000000	1	7
17.7000000000	0.2000000000	1	7
17.7500000000	0.2000000000	1	7
17.8000000000	0.2000000000	1	7
17.8500000000	0.2000000000	1	7
17.9000000000	0.2000000000	1	7
17.9500000000	0.2000000000	1	7
18.0000000000	0.2000000000	1	7
18.0500000000	0.2000000000	1	7
18.1000000000	0.2000000000	1	7
18.1500000000	0.2000000000	1	7
18.2000000000	0.2000000000	1	7
18.2500000000	0.2000000000	1	7
18.3000000000	0.2000000000	1	7
18.3500000000	0.2000000000	1	7
18.4000000000	0.2000000000	1	7
18.4500000000	0.2000000000	1	7
18.5000000000	0.2000000000	1	7
18.5500000000	0.2000000000	1	7
18.6000000000	0.2000000000	1	7
18.6500000000	0.2000000000	1	7
18.7000000000	0.2000000000	1	7
18.7500000000	0.2000000000	1	7
18.8000000000	0.2000000000	1	7
18.8500000000	0.2000000000	1	7
18.9000000000	0.2000000000	1	7
18.9500000000	0.2000000000	1	7
19.0000000000	0.2000000000	1	7
19.0500000000	0.2000000000	1	7
19.1000000000	0.2000000000	1	7
19.1500000000	0.2000000000	1	7
19.2000000000	0.2000000000	1	7
19.2500000000	0.2000000000	1	7
19.3000000000	0.2000000000	1	7
19.3500000000	0.2000000000	1	7
19.4000000000	0.2000000000	1	7
19.4500000000	0.2000000000	1	7
19.5000000000	0.2000000000	1	7
19.5500000000	0.2000000000	1	7
19.6000000000	0.2000000000	1	7
19.6500000000	0.2000000000	1	7
19.7000000000	0.2000000000	1	7
19.7500000000	0.2000000000	1	7
19.8000000000	0.2000000000	1	7
19.8500000000	0.2000000000	1	7
19.9000000000	0.2000000000	1	7
19.9500000000	0.2000000000	1	7
20.0000000000	0.2000000000	1	7
20.0500000000	0.2000000000	1	7
20.1000000000	0.2000000000	1	7
20.1500000000	0.2000000000	1	7
20.2000000000	0.2000000000	1	7
20.2500000000	0.2000000000	1	7
20.3000000000	0.2000000000	1	7
20.3500000000	0.2000000000	1	7
20.4000000000	0.2000000000	1	7
20.4500000000	0.2000000000	1	7
20.5000000000	0.2000000000	1	7
20.5500000000	0.2000000000	1	7
20.6000000000	0.2000000000	1	7
20.6500000000	0.2000000000	1	7
20.7000000000	0.2000000000	1	7
20.7500000000	0.2000000000	1	7
20.8000000000	0.2000000000	1	7
20.8500000000	0.2000000000	1	7
20.9000000000	0.2000000000	1	7
20.9500000000	0.2000000000	1	7
21.0000000000	0.2000000000	1	7
21.0500000000	0.2000000000	1	7
21.1000000000	0.2000000000	1	7
21.1500000000	0.2000000000	1	7
21.2000000000	0.2000000000	1	7
21.2500000000	0.2000000000	1	7
21.3000000000	0.2000000000	1	7
21.3500000000	0.2000000000	1	7
21.4000000000	0.2000000000	1	7
21.4500000000	0.2000000000	1	7
21.5000000000	0.2000000000	1	7
21.5500000000	0.2000000000	1	7
21.6000000000	0.2000000000	1	7
21.6500000000	0.2000000000	1	7
21.7000000000	0.2000000000	1	7
21.7500000000	0.2000000000	1	7
21.8000000000	0.2000000000	1	7
21.8500000000	0.2000000000	1	7
21.9000000000	0.2000000000	1	7
21.9500000000	0.2000000000	1	7
22.0000000000	0.2000000000	1	7
22.0500000000	0.2000000000	1	7
22.1000000000	0.2000000000	1	7
22.1500000000	0.2000000000	1	7
22.2000000000	0.2000000000	1	7
22.2500000000	0.2000000000	1	7
22.3000000000	0.2000000000	1	7
22.3500000000	0.2000000000	1	7
22.4000000000	0.2000000000	1	7
22.4500000000	0.2000000000	1	7
22.5000000000	0.2000000000	1	7
22.5500000000	0.2000000000	1	7
22.6000000000	0.2000000000	1	7
22.6500000000	0.2000000000	1	7
22.7000000000	0.2000000000	1	7
22.7500000000	0.2000000000	1	7
22.8000000000	0.2000000000	1	7
22.8500000000	0.2000000000	1	7
22.9000000000	0.2000000000	1	7
22.9500000000	0.2000000000	1	7
23.0000000000	0.2000000000	1	7
23.0500000000	0.2000000000	1	7
23.1000000000	0.2000000000	1	7
23.1500000000	0.2000000000	1	7
23.2000000000	0.2000000000	1	7
23.2500000000	0.2000000000	1	7
23.3000000000	0.2000000000	1	7
23.3500000000	0.2000000000	1	7
23.4000000000	0.2000000000	1	7
23.4500000000	0.2000000000	1	7
23.5000000000	0.2000000000	1	7
23.5500000000	0.2000000000	1	7
23.6000000000	0.2000000000	1	7
23.6500000000	0.2000000000	1	7
23.7000000000	0.2000000000	1	7
23.7500000000	0.2000000000	1	7
23.8000000000	0.2000000000	1	7
23.8500000000	0.2000000000	1	7
23.9000000000	0.2000000000	1	7
23.9500000000	0.2000000000	1	7
24.0000000000	0.2000000000	1	7
24.0500000000	0.2000000000	1	7
24.1000000000	0.2000000000	1	7
24.1500000000	0.2000000000	1	7
24.2000000000	0.2000000000	1	7
24.2500000000	0.2000000000	1	7
24.3000000000	0.2000000000	1	7
24.3500000000	0.2000000000	1	7
24.4000000000	0.2000000000	1	7
24.4500000000	0.2000000000	1	7
24.5000000000	0.2000000000	1	7
24.5500000000	0.2000000000	1	7
24.6000000000	0.2000000000	1	7
24.6500000000	0.2000000000	1	7
24.7000000000	0.2000000000	1	7
24.7500000000	0.2000000000	1	7
24.8000000000	0.2000000000	1	7
24.8500000000	0.2000000000	1	7
24.9000000000	0.2000000000	1	7
24.9500000000	0.2000000000	1	7
25.0000000000	0.2000000000	1	7
25.0500000000	0.2000000000	1	7
25.1000000000	0.2000000000	1	7
25.1500000000	0.2000000000	1	7
25.2000000000	0.2000000000	1	7
25.2500000000	0.2000000000	1	7
25.3000000000	0.2000000000	1	7
25.3500000000	0.2000000000	1	7
25.4000000000	0.2000000000	1	7
25.4500000000	0.2000000000	1	7
25.5000000000	0.2000000000	1	7
25.5500000000	0.2000000000	1	7
25.6000000000	0.2000000000	1	7
25.6500000000	0.2000000000	1	7
25.7000000000	0.2000000000	1	7
25.7500000000	0.2000000000	1	7
25.8000000000	0.2000000000	1	7
25.8500000000	0.2000000000	1	7
25.9000000000	0.2000000000	1	7
25.9500000000	0.2000000000	1	7
26.0000000000	0.2000000000	1	7
26.0500000000	0.2000000000	1	7
26.1000000000	0.2000000000	1	7
26.1500000000	0.2000000000	1	7
26.2000000000	0.2000000000	1	7
26.2500000000	0.2000000000	1	7
26.3000000000	0.2000000000	1	7
26.3500000000	0.2000000000	1	7
26.4000000000	0.2000000000	1	7
26.4500000000	0.2000000000	1	7
26.5000000000	0.2000000000	1	7
26.5500000000	0.2000000000	1	7
26.6000000000	0.2000000000	1	7
26.6500000000	0.2000000000	1	7
26.7000000000	0.2000000000	1	7
26.7500000000	0.2000000000	1	7
26.8000000000	0.2000000000	1	7
26.8500000000	0.2000000000	1	7
26.9000000000	0.2000000000	1	7
26.9500000000	0.2000000000	1	7
27.0000000000	0.2000000000	1	7
27.0500000000	0.2000000000	1	7
27.1000000000	0.2000000000	1	7
27.1500000000	0.2000000000	1	7
27.2000000000	0.2000000000	1	8
27.2500000000	0.2000000000	1	8
27.3000000000	0.2000000000	1	8
27.3500000000	0.2000000000	1	8
27.4000000000	0.2000000000	1	8
27.4500000000	0.2000000000	1	8
27.5000000000	0.2000000000	1	8
27.5500000000	0.2000000000	1	8
27.6000000000	0.2000000000	1	8
27.6500000000	0.2000000000	1	8
27.7000000000	0.2000000000	1	8
27.7500000000	0.2000000000	1	8
27.8000000000	0.2000000000	1	8
27.8500000000	0.2000000000	1	8
27.9000000000	0.2000000000	1	8
27.9500000000	0.2000000000	1	8
28.0000000000	0.2000000000	1	8
28.0500000000	0.2000000000	1	8
28.1000000000	0.2000000000	1	8
28.1500000000	0.2000000000	1	8
28.2000000000	0.2000000000	1	8
28.2500000000	0.2000000000	1	8
28.3000000000	0.2000000000	1	8
28.3500000000	0.2000000000	1	8
28.4000000000	0.2000000000	1	8
28.4500000000	0.2000000000	1	8
28.5000000000	0.2000000000	1	8
28.5500000000	0.2000000000	1	8
28.6000000000	0.2000000000	1	8
28.6500000000	0.2000000000	1	8
28.7000000000	0.2000000000	1	8
28.7500000000	0.2000000000	1	8
28.8000000000	0.2000000000	1	8
28.8500000000	0.2000000000	1	8
28.9000000000	0.2000000000	1	8
28.9500000000	0.2000000000	1	8
29.0000000000	0.2000000000	1	8
29.0500000000	0.2000000000	1	8
29.1000000000	0.2000000000	1	8
29.1500000000	0.2000000000	1	8
29.2000000000	0.2000000000	1	8
29.2500000000	0.2000000000	1	8
29.3000000000	0.2000000000	1	8
29.3500000000	0.2000000000	1	8
29.4000000000	0.2000000000	1	8
29.4500000000	0.2000000000	1	8
29.5000000000	0.2000000000	1	8
29.5500000000	0.2000000000	1	8
29.6000000000	0.2000000000	1	8
29.6500000000	0.2000000000	1	8
29.7000000000	0.2000000000	1	8
29.7500000000	0.2000000000	1	8
29.8000000000	0.2000000000	1	8
29.8500000000	0.2000000000	1	8
29.9000000000	0.2000000000	1	8
29.9500000000	0.2000000000	1	8
30.0000000000	0.2000000000	1	8
30.0500000000	0.2000000000	1	8
30.1000000000	0.2000000000	1	8
30.1500000000	0.2000000000	1	8
30.2000000000	0.2000000000	1	8
30.2500000000	0.2000000000	1	8
30.3000000000	0.2000000000	1	8
30.3500000000	0.2000000000	1	8
30.4000000000	0.2000000000	1	8
30.4500000000	0.2000000000	1	8
30.5000000000	0.2000000000	1	8
30.5500000000	0.2000000000	1	8
30.6000000000	0.2000000000	1	8
30.6500000000	0.2000000000	1	8
30.7000000000	0.2000000000	1	8
30.7500000000	0.2000000000	1	8
30.8000000000	0.2000000000	1	8
30.8500000000	0.2000000000	1	8
30.9000000000	0.2000000000	1	8
30.9500000000	0.2000000000	1	8
31.0000000000	0.2000000000	1	8
31.0500000000	0.2000000000	1	8
31.1000000000	0.2000000000	1	8
31.1500000000	0.2000000000	1	8
31.2000000000	0.2000000000	1	8
31.2500000000	0.2000000000	1	8
31.3000000000	0.2000000000	1	8
31.3500000000	0.2000000000	1	8
31.4000000000	0.2000000000	1	8
31.4500000000	0.2000000000	1	8
31.5000000000	0.2000000000	1	8
31.5500000000	0.2000000000	1	8
31.6000000000	0.2000000000	1	8
31.6500000000	0.2000000000	1	8
31.7000000000	0.2000000000	1	8
31.7500000000	0.2000000000	1	8
31.8000000000	0.2000000000	1	8
31.8500000000	0.2000000000	1	8
31.9000000000	0.2000000000	1	8
31.9500000000	0.2000000000	1	8
32.0000000000	0.2000000000	1	8
32.0500000000	0.2000000000	1	8
32.1000000000	0.2000000000	1	8
32.1500000000	0.2000000000	1	8
32.2000000000	0.2000000000	1	8
32.2500000000	0.2000000000	1	8
32.3000000000	0.2000000000	1	8
32.3500000000	0.2000000000	1	8
32.4000000000	0.2000000000	1	8
32.4500000000	0.2000000000	1	8
32.5000000000	0.2000000000	1	8
32.5500000000	0.2000000000	1	8
32.6000000000	0.2000000000	1	8
32.6500000000	0.2000000000	1	8
32.7000000000	0.2000000000	1	8
32.7500000000	0.2000000000	1	8
32.8000000000	0.2000000000	1	8
32.8500000000	0.2000000000	1	8
32.9000000000	0.2000000000	1	8
32.9500000000	0.2000000000	1	8
33.0000000000	0.2000000000	1	8
33.0500000000	0.2000000000	1	8
33.1000000000	0.2000000000	1	8
33.1500000000	0.2000000000	1	8
33.2000000000	0.2000000000	1	8
33.2500000000	0.2000000000	1	8
33.3000000000	0.2000000000	1	8
33.3500000000	0.2000000000	1	8
33.4000000000	0.2000000000	1	8
33.4500000000	0.2000000000	1	8
33.5000000000	0.2000000000	1	8
33.5500000000	0.2000000000	1	8
33.6000000000	0.2000000000	1	8
33.6500000000	0.2000000000	1	8
33.7000000000	0.2000000000	1	8
33.7500000000	0.2000000000	1	8
33.8000000000	0.2000000000	1	8
33.8500000000	0.2000000000	1	8
33.9000000000	0.2000000000	1	8
33.9500000000	0.2000000000	1	8
34.0000000000	0.2000000000	1	8
34.0500000000	0.2000000000	1	8
34.1000000000	0.2000000000	1	8
34.1500000000	0.2000000000	1	8
34.2000000000	0.2000000000	1	8
34.2500000000	0.2000000000	1	8
34.3000000000	0.2000000000	1	8
34.3500000000	0.2000000000	1	8
34.4000000000	0.2000000000	1	8
34.4500000000	0.2000000000	1	8
34.5000000000	0.2000000000	1	8
34.5500000000	0.2000000000	1	8
34.6000000000	0.2000000000	1	8
34.6500000000	0.2000000000	1	8
34.7000000000	0.2000000000	1	8
34.7500000000	0.2000000000	1	8
34.8000000000	0.2000000000	1	8
34.8500000000	0.2000000000	1	8
34.9000000000	0.2000000000	1	8
34.9500000000	0.2000000000	1	8
35.0000000000	0.2000000000	1	8
35.0500000000	0.2000000000	1	8
35.1000000000	0.2000000000	1	8
35.1500000000	0.2000000000	1	8
35.2000000000	0.2000000000	1	8
35.2500000000	0.2000000000	1	8
35.3000000000	0.2000000000	1	8
35.3500000000	0.2000000000	1	8
35.4000000000	0.2000000000	1	8
35.4500000000	0.2000000000	1	8
35.5000000000	0.2000000000	1	8
35.5500000000	0.2000000000	1	8
35.6000000000	0.2000000000	1	8
35.6500000000	0.2000000000	1	8
35.7000000000	0.2000000000	1	8
35.7500000000	0.2000000000	1	8
35.8000000000	0.2000000000	1	8
35.8500000000	0.2000000000	1	8
35.9000000000	0.2000000000	1	8
35.9500000000	0.2000000000	1	8
36.0000000000	0.2000000000	1	8
36.0500000000	0.2000000000	1	8
36.1000000000	0.2000000000	1	8
36.1500000000	0.2000000000	1	8
36.2000000000	0.2000000000	1	8
36.2500000000	0.2000000000	1	8
36.3000000000	0.2000000000	1	8
36.3500000000	0.2000000000	1	8
36.4000000000	0.2000000000	1	8
36.4500000000	0.2000000000	1	8
36.5000000000	0.2000000000	1	8
36.5500000000	0.2000000000	1	8
36.6000000000	0.2000000000	1	8
36.6500000000	0.2000000000	1	8
36.7000000000	0.2000000000	1	8
36.7500000000	0.2000000000	1	8
36.8000000000	0.2000000000	1	8
36.8500000000	0.2000000000	1	8
36.9000000000	0.2000000000	1	8
36.9500000000	0.2000000000	1	8
37.0000000000	0.2000000000	1	8
37.0500000000	0.2000000000	1	8
37.1000000000	0.2000000000	1	8
37.1500000000	0.2000000000	1	8
37.2000000000	0.2000000000	1	8
37.2500000000	0.2000000000	1	8
37.3000000000	0.2000000000	1	8
37.3500000000	0.2000000000	1	8
37.4000000000	0.2000000000	1	8
37.4500000000	0.2000000000	1	8
37.5000000000	0.2000000000	1	8
37.5500000000	0.2000000000	1	8
37.6000000000	0.2000000000	1	8
37.6500000000	0.2000000000	1	8
37.7000000000	0.2000000000	1	8
37.7500000000	0.2000000000	1	8
37.8000000000	0.2000000000	1	8
37.8500000000	0.2000000000	1	8
37.9000000000	0.2000000000	1	8
37.9500000000	0.2000000000	1	8
38.0000000000	0.2000000000	1	8
38.0500000000	0.2000000000	1	8
38.1000000000	0.2000000000	1	8
38.1500000000	0.2000000000	1	8
38.2000000000	0.2000000000	1	8
38.2500000000	0.2000000000	1	8
38.3000000000	0.2000000000	1	8
38.3500000000	0.2000000000	1	8
38.4000000000	0.2000000000	1	8
38.4500000000	0.2000000000	1	8
38.5000000000	0.2000000000	1	8
38.5500000000	0.2000000000	1	8
38.6000000000	0.2000000000	1	8
38.6500000000	0.2000000000	1	8
38.7000000000	0.2000000000	1	8
38.7500000000	0.2000000000	1	8
38.8000000000	0.2000000000	1	8
38.8500000000	0.2000000000	1	8
38.9000000000	0.2000000000	1	8
38.9500000000	0.2000000000	1	8
39.0000000000	0.2000000000	1	8
39.0500000000	0.2000000000	1	8
39.1000000000	0.2000000000	1	8
39.1500000000	0.2000000000	1	8
39.2000000000	0.2000000000	1	8
39.2500000000	0.2000000000	1	8
39.3000000000	0.2000000000	1	8
39.3500000000	0.2000000000	1	8
39.4000000000	0.2000000000	1	8
39.4500000000	0.2000000000	1	8
39.5000000000	0.2000000000	1	8
39.5500000000	0.2000000000	1	8
39.6000000000	0.2000000000	1	8
39.6500000000	0.2000000000	1	8
39.7000000000	0.2000000000	1	8
39.7500000000	0.2000000000	1	8
39.8000000000	0.2000000000	1	8
39.8500000000	0.2000000000	1	8
39.9000000000	0.2000000000	1	8
39.9500000000	0.2000000000	1	8
40.0000000000	0.2000000000	1	8
40.0500000000	0.2000000000	1	8
40.1000000000	0.2000000000	1	8
40.1500000000	0.2000000000	1	8
40.2000000000	0.2000000000	1	8
40.2500000000	0.2000000000	1	8
40.3000000000	0.2000000000	1	8
40.3500000000	0.2000000000	1	8
40.4000000000	0.2000000000	1	8
40.4500000000	0.2000000000	1	8
40.5000000000	0.2000000000	1	8
40.5500000000	0.2000000000	1	8
40.6000000000	0.2000000000	1	8
40.6500000000	0.2000000000	1	8
40.7000000000	0.2000000000	1	8
40.7500000000	0.2000000000	1	8
40.8000000000	0.2000000000	1	8
40.8500000000	0.2000000000	1	8
40.9000000000	0.2000000000	1	8
40.9500000000	0.2000000000	1	8
41.0000000000	0.2000000000	1	8
41.0500000000	0.2000000000	1	8
41.1000000000	0.2000000000	1	8
41.1500000000	0.2000000000	1	8
41.2000000000	0.2000000000	1	8
41.2500000000	0.2000000000	1	8
41.3000000000	0.2000000000	1	8
41.3500000000	0.2000000000	1	8
41.4000000000	0.2000000000	1	8
41.4500000000	0.2000000000	1	8
41.5000000000	0.2000000000	1	8
41.5500000000	0.2000000000	1	8
41.6000000000	0.2000000000	1	8
41.6500000000	0.2000000000	1	8
41.7000000000	0.2000000000	1	8
41.7500000000	0.2000000000	1	8
41.8000000000	0.2000000000	1	8
41.8500000000	0.2000000000	1	8
41.9000000000	0.2000000000	1	8
41.9500000000	0.2000000000	1	8
42.0000000000	0.2000000000	1	8
42.0500000000	0.2000000000	1	8
42.1000000000	0.2000000000	1	8
42.1500000000	0.2000000000	1	8
42.2000000000	0.2000000000	1	8
42.2500000000	0.2000000000	1	8
42.3000000000	0.2000000000	1	8
42.3500000000	0.2000000000	1	8
42.4000000000	0.2000000000	1	8
42.4500000000	0.2000000000	1	8
42.5000000000	0.2000000000	1	8
42.5500000000	0.2000000000	1	8
42.6000000000	0.2000000000	1	8
42.6500000000	0.2000000000	1	8
42.7000000000	0.2000000000	1	8
42.7500000000	0.2000000000	1	8
42.8000000000	0.2000000000	1	8
42.8500000000	0.2000000000	1	8
42.9000000000	0.2000000000	1	8
42.9500000000	0.2000000000	1	8
43.0000000000	0.2000000000	1	8
43.0500000000	0.2000000000	1	8
43.1000000000	0.2000000000	1	8
43.1500000000	0.2000000000	1	8
43.2000000000	0.2000000000	1	8
43.2500000000	0.2000000000	1	8
43.3000000000	0.2000000000	1	8
43.3500000000	0.2000000000	1	8
43.4000000000	0.2000000000	1	8
43.4500000000	0.2000000000	1	8
43.5000000000	0.2000000000	1	8
43.5500000000	0.2000000000	1	8
43.6000000000	0.2000000000	1	8
43.6500000000	0.2000000000	1	8
43.7000000000	0.2000000000	1	8
43.7500000000	0.2000000000	1	8
43.8000000000	0.2000000000	1	8
43.8500000000	0.2000000000	1	8
43.9000000000	0.2000000000	1	8
43.9500000000	0.2000000000	1	8
44.0000000000	0.2000000000	1	8
44.0500000000	0.2000000000	1	8
44.1000000000	0.2000000000	1	8
44.1500000000	0.2000000000	1	8
44.2000000000	0.2000000000	1	8
44.2500000000	0.2000000000	1	8
44.3000000000	0.2000000000	1	8
44.3500000000	0.2000000000	1	8
44.4000000000	0.2000000000	1	8
44.4500000000	0.2000000000	1	8
44.5000000000	0.2000000000	1	8
44.5500000000	0.2000000000	1	8
44.6000000000	0.2000000000	1	8
44.6500000000	0.2000000000	1	8
44.7000000000	0.2000000000	1	8
44.7500000000	0.2000000000	1	8
44.8000000000	0.2000000000	1	8
44.8500000000	0.2000000000	1	8
44.9000000000	0.2000000000	1	8
44.9500000000	0.2000000000	1	8
45.0000000000	0.2000000000	1	8
45.0500000000	0.2000000000	1	8
45.1000000000	0.2000000000	1	8
45.1500000000	0.2000000000	1	8
45.2000000000	0.2000000000	1	8
45.2500000000	0.2000000000	1	8
45.3000000000	0.2000000000	1	8
45.3500000000	0.2000000000	1	8
45.4000000000	0.2000000000	1	8
45.4500000000	0.2000000000	1	8
45.5000000000	0.2000000000	1	8
45.5500000000	0.2000000000	1	8
45.6000000000	0.2000000000	1	8
45.6500000000	0.2000000000	1	8
45.7000000000	0.2000000000	1	8
45.7500000000	0.2000000000	1	8
45.8000000000	0.2000000000	1	8
45.8500000000	0.2000000000	1	8
45.9000000000	0.2000000000	1	8
45.9500000000	0.2000000000	1	8
46.0000000000	0.2000000000	1	8
46.0500000000	0.2000000000	1	8
46.1000000000	0.2000000000	1	8
46.1500000000	0.2000000000	1	8
46.2000000000	0.2000000000	1	8
46.2500000000	0.2000000000	1	8
46.3000000000	0.2000000000	1	8
46.3500000000	0.2000000000	1	8
46.4000000000	0.2000000000	1	8
46.4500000000	0.2000000000	1	8
46.5000000000	0.2000000000	1	8
46.5500000000	0.2000000000	1	8
46.6000000000	0.2000000000	1	8
46.6500000000	0.2000000000	1	8
46.7000000000	0.2000000000	1	8
46.7500000000	0.2000000000	1	8
46.8000000000	0.2000000000	1	8
46.8500000000	0.2000000000	1	8
46.9000000000	0.2000000000	1	8
46.9500000000	0.2000000000	1	8
47.0000000000	0.2000000000	1	8
47.0500000000	0.2000000000	1	8
47.1000000000	0.2000000000	1	8
47.1500000000	0.2000000000	1	8
47.2000000000	0.2000000000	1	8
47.2500000000	0.2000000000	1	8
47.3000000000	0.2000000000	1	8
47.3500000000	0.2000000000	1	8
47.4000000000	0.2000000000	1	8
47.4500000000	0.2000000000	1	8
47.5000000000	0.2000000000	1	8
47.5500000000	0.2000000000	1	8
47.6000000000	0.2000000000	1	8
47.6500000000	0.2000000000	1	8
47.7000000000	0.2000000000	1	8
47.7500000000	0.2000000000	1	8
47.8000000000	0.2000000000	1	8
47.8500000000	0.2000000000	1	8
47.9000000000	0.2000000000	1	8
47.9500000000	0.2000000000	1	8
48.0000000000	0.2000000000	1	8
48.0500000000	0.2000000000	1	8
48.1000000000	0.2000000000	1	8
48.1500000000	0.2000000000	1	8
48.2000000000	0.2000000000	1	8
48.2500000000	0.2000000000	1	8
48.3000000000	0.2000000000	1	8
48.3500000000	0.2000000000	1	8
48.4000000000	0.2000000000	1	8
48.4500000000	0.2000000000	1	8
48.5000000000	0.2000000000	1	8
48.5500000000	0.2000000000	1	8
48.6000000000	0.2000000000	1	8
48.6500000000	0.2000000000	1	8
48.7000000000	0.2000000000	1	8
48.7500000000	0.2000000000	1	8
48.8000000000	0.2000000000	1	8
48.8500000000	0.2000000000	1	8
48.9000000000	0.2000000000	1	8
48.9500000000	0.2000000000	1	8
49.0000000000	0.2000000000	1	8
49.0500000000	0.2000000000	1	8
49.1000000000	0.2000000000	1	8
49.1500000000	0.2000000000	1	8
49.2000000000	0.2000000000	1	8
49.2500000000	0.2000000000	1	8
49.3000000000	0.2000000000	1	8
49.3500000000	0.2000000000	1	8
49.4000000000	0.2000000000	1	8
49.4500000000	0.2000000000	1	8
49.5000000000	0.2000000000	1	8
49.5500000000	0.2000000000	1	8
49.6000000000	0.2000000000	1	8
49.6500000000	0.2000000000	1	8
49.7000000000	0.2000000000	1	8
49.7500000000	0.2000000000	1	8
49.8000000000	0.2000000000	1	8
49.8500000000	0.2000000000	1	8
49.9000000000	0.2000000000	1	8
49.9500000000	0.2000000000	1	8
50.0000000000	0.2000000000	1	8
50.0500000000	0.2000000000	1	8
50.1000000000	0.2000000000	1	8
50.1500000000	0.2000000000	1	8
50.2000000000	0.2000000000	1	8
50.2500000000	0.2000000000	1	8
50.3000000000	0.2000000000	1	8
50.3500000000	0.2000000000	1	8
50.4000000000	0.2000000000	1	8
50.4500000000	0.2000000000	1	8
50.5000000000	0.2000000000	1	8
50.5500000000	0.2000000000	1	8
50.6000000000	0.2000000000	1	8
50.6500000000	0.2000000000	1	8
50.7000000000	0.2000000000	1	8
50.7500000000	0.2000000000	1	8
50.8000000000	0.2000000000	1	8
50.8500000000	0.2000000000	1	8
50.9000000000	0.2000000000	1	8
50.9500000000	0.2000000000	1	8
51.0000000000	0.2000000000	1	8
51.0500000000	0.2000000000	1	8
51.1000000000	0.2000000000	1	8
51.1500000000	0.2000000000	1	8
51.2000000000	0.2000000000	1	8
51.2500000000	0.2000000000	1	8
51.3000000000	0.2000000000	1	8
51.3500000000	0.2000000000	1	8
51.4000000000	0.2000000000	1	8
51.4500000000	0.2000000000	1	8
51.5000000000	0.2000000000	1	8
51.5500000000	0.2000000000	1	8
51.6000000000	0.2000000000	1	8
51.6500000000	0.2000000000	1	8
51.7000000000	0.2000000000	1	8
51.7500000000	0.2000000000	1	8
51.8000000000	0.2000000000	1	8
51.8500000000	0.2000000000	1	8
51.9000000000	0.2000000000	1	8
51.9500000000	0.2000000000	1	8
52.0000000000	0.2000000000	1	8
52.0500000000	0.2000000000	1	8
52.1000000000	0.2000000000	1	8
52.1500000000	0.2000000000	1	8
52.2000000000	0.2000000000	1	8
52.2500000000	0.2000000000	1	8
52.3000000000	0.2000000000	1	8
52.3500000000	0.2000000000	1	8
52.4000000000	0.2000000000	1	8
52.4500000000	0.2000000000	1	8
52.5000000000	0.2000000000	1	8
52.5500000000	0.2000000000	1	8
52.6000000000	0.2000000000	1	8
52.6500000000	0.2000000000	1	8
52.7000000000	0.2000000000	1	8
52.7500000000	0.2000000000	1	8
52.8000000000	0.2000000000	1	8
52.8500000000	0.2000000000	1	8
52.9000000000	0.2000000000	1	8
52.9500000000	0.2000000000	1	8
53.0000000000	0.2000000000	1	8
53.0500000000	0.2000000000	1	8
53.1000000000	0.2000000000	1	8
53.1500000000	0.2000000000	1	8
53.2000000000	0.2000000000	1	8
53.2500000000	0.2000000000	1	8
53.3000000000	0.2000000000	1	8
53.3500000000	0.2000000000	1	8
53.4000000000	0.2000000000	1	8
53.4500000000	0.2000000000	1	8
53.5000000000	0.2000000000	1	8
53.5500000000	0.2000000000	1	8
53.6000000000	0.2000000000	1	8
53.6500000000	0.2000000000	1	8
53.7000000000	0.2000000000	1	8
53.7500000000	0.2000000000	1	8
53.8000000000	0.2000000000	1	8
53.8500000000	0.2000000000	1	8
53.9000000000	0.2000000000	1	8
53.9500000000	0.2000000000	1	8
54.0000000000	0.2000000000	1	8
54.0500000000	0.2000000000	1	8
54.1000000000	0.2000000000	1	8
54.1500000000	0.2000000000	1	8
54.2000000000	0.2000000000	1	8
54.2500000000	0.2000000000	1	8
54.3000000000	0.2000000000	1	8
54.3500000000	0.2000000000	1	8
54.4000000000	0.2000000000	1	8
54.4500000000	0.2000000000	1	8
54.5000000000	0.2000000000	1	8
54.5500000000	0.2000000000	1	8
54.6000000000	0.2000000000	1	8
54.6500000000	0.2000000000	1	8
54.7000000000	0.2000000000	1	8
54.7500000000	0.2000000000	1	8
54.8000000000	0.2000000000	1	8
54.8500000000	0.2000000000	1	8
54.9000000000	0.2000000000	1	8
54.9500000000	0.2000000000	1	8
55.0000000000	0.2000000000	1	8
55.0500000000	0.2000000000	1	8
55.1000000000	0.2000000000	1	8
55.1500000000	0.2000000000	1	8
55.2000000000	0.2000000000	1	8
55.2500000000	0.2000000000	1	8
55.3000000000	0.2000000000	1	8
55.3500000000	0.2000000000	1	8
55.4000000000	0.2000000000	1	8
55.4500000000	0.2000000000	1	8
55.5000000000	0.2000000000	1	8
55.5500000000	0.2000000000	1	8
55.6000000000	0.2000000000	1	8
55.6500000000	0.2000000000	1	8
55.7000000000	0.2000000000	1	8
55.7500000000	0.2000000000	1	8
55.8000000000	0.2000000000	1	8
55.8500000000	0.2000000000	1	8
55.9000000000	0.2000000000	1	8
55.9500000000	0.2000000000	1	8
56.0000000000	0.2000000000	1	8
56.0500000000	0.2000000000	1	8
56.1000000000	0.2000000000	1	8
56.1500000000	0.2000000000	1	8
56.2000000000	0.2000000000	1	8
56.2500000000	0.2000000000	1	8
56.3000000000	0.2000000000	1	8
56.3500000000	0.2000000000	1	8
56.4000000000	0.2000000000	1	8
56.4500000000	0.2000000000	1	8
56.5000000000	0.2000000000	1	8
56.5500000000	0.2000000000	1	8
56.6000000000	0.2000000000	1	8
56.6500000000	0.2000000000	1	8
56.7000000000	0.2000000000	1	8
56.7500000000	0.2000000000	1	8
56.8000000000	0.2000000000	1	8
56.8500000000	0.2000000000	1	8
56.9000000000	0.2000000000	1	8
56.9500000000	0.2000000000	1	8
57.0000000000	0.2000000000	1	8
57.0500000000	0.2000000000	1	8
57.1000000000	0.2000000000	1	8
57.1500000000	0.2000000000	1	8
57.2000000000	0.2000000000	1	8
57.2500000000	0.2000000000	1	8
57.3000000000	0.2000000000	1	8
57.3500000000	0.2000000000	1	8
57.4000000000	0.2000000000	1	8
57.4500000000	0.2000000000	1	8
57.5000000000	0.2000000000	1	8
57.5500000000	0.2000000000	1	8
57.6000000000	0.2000000000	1	8
57.6500000000	0.2000000000	1	8
57.7000000000	0.2000000000	1	8
57.7500000000	0.2000000000	1	8
57.8000000000	0.2000000000	1	8
57.8500000000	0.2000000000	1	8
57.9000000000	0.2000000000	1	8
57.9500000000	0.2000000000	1	8
58.0000000000	0.2000000000	1	8
58.0500000000	0.2000000000	1	8
58.1000000000	0.2000000000	1	8
58.1500000000	0.2000000000	1	8
58.2000000000	0.2000000000	1	8
58.2500000000	0.2000000000	1	8
58.3000000000	0.2000000000	1	8
58.3500000000	0.2000000000	1	8
58.4000000000	0.2000000000	1	8
58.4500000000	0.2000000000	1	8
58.5000000000	0.2000000000	1	8
58.5500000000	0.2000000000	1	8
58.6000000000	0.2000000000	1	8
58.6500000000	0.2000000000	1	8
58.7000000000	0.2000000000	1	8
58.7500000000	0.2000000000	1	8
58.8000000000	0.2000000000	1	8
58.8500000000	0.2000000000	1	8
58.9000000000	0.2000000000	1	8
58.9500000000	0.2000000000	1	8
59.0000000000	0.2000000000	1	8
59.0500000000	0.2000000000	1	8
59.1000000000	0.2000000000	1	8
59.1500000000	0.2000000000	1	8
59.2000000000	0.2000000000	1	8
59.2500000000	0.2000000000	1	8
59.3000000000	0.2000000000	1	8
59.3500000000	0.2000000000	1	8
59.4000000000	0.2000000000	1	8
59.4500000000	0.2000000000	1	8
59.5000000000	0.2000000000	1	8
59.5500000000	0.2000000000	1	8
59.6000000000	0.2000000000	1	8
59.6500000000	0.2000000000	1	8
59.7000000000	0.2000000000	1	8
59.7500000000	0.2000000000	1	8
59.8000000000	0.2000000000	1	8
59.8500000000	0.2000000000	1	8
59.9000000000	0.2000000000	1	8
59.9500000000	0.2000000000	1	8
60.0000000000	0.2000000000	1	8
60.0500000000	0.2000000000	1	8
60.1000000000	0.2000000000	1	8
60.1500000000	0.2000000000	1	8
60.2000000000	0.2000000000	1	8
60.2500000000	0.2000000000	1	8
60.3000000000	0.2000000000	1	8
60.3500000000	0.2000000000	1	8
60.4000000000	0.2000000000	1	8
60.4500000000	0.2000000000	1	8
60.5000000000	0.2000000000	1	8
60.5500000000	0.2000000000	1	8
60.6000000000	0.2000000000	1	8
60.6500000000	0.2000000000	1	8
60.7000000000	0.2000000000	1	8
60.7500000000	0.2000000000	1	8
60.8000000000	0.2000000000	1	8
60.8500000000	0.2000000000	1	8
60.9000000000	0.2000000000	1	8
60.9500000000	0.2000000000	1	8
61.0000000000	0.2000000000	1	8
61.0500000000	0.2000000000	1	8
61.1000000000	0.2000000000	1	8
61.1500000000	0.2000000000	1	8
61.2000000000	0.2000000000	1	8
61.2500000000	0.2000000000	1	8
61.3000000000	0.2000000000	1	8
61.3500000000	0.2000000000	1	8
61.4000000000	0.2000000000	1	8
61.4500000000	0.2000000000	1	8
61.5000000000	0.2000000000	1	8
61.5500000000	0.2000000000	1	8
61.6000000000	0.2000000000	1	8
61.6500000000	0.2000000000	1	8
61.7000000000	0.2000000000	1	8
61.7500000000	0.2000000000	1	8
61.8000000000	0.2000000000	1	8
61.8500000000	0.2000000000	1	8
61.9000000000	0.2000000000	1	8
61.9500000000	0.2000000000	1	8
62.0000000000	0.2000000000	1	8
62.0500000000	0.2000000000	1	8
62.1000000000	0.2000000000	1	8
62.1500000000	0.2000000000	1	8
62.2000000000	0.2000000000	1	8
62.2500000000	0.2000000000	1	8
62.3000000000	0.2000000000	1	8
62.3500000000	0.2000000000	1	8
62.4000000000	0.2000000000	1	8
62.4500000000	0.2000000000	1	8
62.5000000000	0.2000000000	1	8
62.5500000000	0.2000000000	1	8
62.6000000000	0.2000000000	1	8
62.6500000000	0.2000000000	1	8
62.7000000000	0.2000000000	1	8
62.7500000000	0.2000000000	1	8
62.8000000000	0.2000000000	1	8
62.8500000000	0.2000000000	1	8
62.9000000000	0.2000000000	1	8
62.9500000000	0.2000000000	1	8
63.0000000000	0.2000000000	1	8
63.0500000000	0.2000000000	1	8
63.1000000000	0.2000000000	1	8
63.1500000000	0.2000000000	1	8
63.2000000000	0.2000000000	1	8
63.2500000000	0.2000000000	1	8
63.3000000000	0.2000000000	1	8
63.3500000000	0.2000000000	1	8
63.4000000000	0.2000000000	1	8
63.4500000000	0.2000000000	1	8
63.5000000000	0.2000000000	1	8
63.5500000000	0.2000000000	1	8
63.6000000000	0.2000000000	1	8
63.6500000000	0.2000000000	1	8
63.7000000000	0.2000000000	1	8
63.7500000000	0.2000000000	1	8
63.8000000000	0.2000000000	1	8
63.8500000000	0.2000000000	1	8
63.9000000000	0.2000000000	1	8
63.9500000000	0.2000000000	1	8
64.0000000000	0.2000000000	1	8
64.0500000000	0.2000000000	1	8
64.1000000000	0.2000000000	1	8
64.1500000000	0.2000000000	1	8
64.2000000000	0.2000000000	1	8
64.2500000000	0.2000000000	1	8
64.3000000000	0.2000000000	1	8
64.3500000000	0.2000000000	1	8
64.4000000000	0.2000000000	1	8
64.4500000000	0.2000000000	1	8
64.5000000000	0.2000000000	1	8
64.5500000000	0.2000000000	1	8
64.6000000000	0.2000000000	1	8
64.6500000000	0.2000000000	1	8
64.7000000000	0.2000000000	1	8
64.7500000000	0.2000000000	1	8
64.8000000000	0.2000000000	1	8
64.8500000000	0.2000000000	1	8
64.9000000000	0.2000000000	1	8
64.9500000000	0.2000000000	1	8
65.0000000000	0.2000000000	1	8
65.0500000000	0.2000000000	1	8
65.1000000000	0.2000000000	1	8
65.1500000000	0.2000000000	1	8
65.2000000000	0.2000000000	1	8
65.2500000000	0.2000000000	1	8
65.3000000000	0.2000000000	1	8
65.3500000000	0.2000000000	1	8
65.4000000000	0.2000000000	1	8
65.4500000000	0.2000000000	1	8
65.5000000000	0.2000000000	1	8
65.5500000000	0.2000000000	1	8
65.6000000000	0.2000000000	1	8
65.6500000000	0.2000000000	1	8
65.7000000000	0.2000000000	1	8
65.7500000000	0.2000000000	1	8
65.8000000000	0.2000000000	1	8
65.8500000000	0.2000000000	1	8
65.9000000000	0.2000000000	1	8
65.9500000000	0.2000000000	1	8
66.0000000000	0.2000000000	1	8
66.0500000000	0.2000000000	1	8
66.1000000000	0.2000000000	1	8
66.1500000000	0.2000000000	1	8
66.2000000000	0.2000000000	1	8
66.2500000000	0.2000000000	1	8
66.3000000000	0.2000000000	1	8
66.3500000000	0.2000000000	1	8
66.4000000000	0.2000000000	1	8
66.4500000000	0.2000000000	1	8
66.5000000000	0.2000000000	1	8
66.5500000000	0.2000000000	1	8
66.6000000000	0.2000000000	1	8
66.6500000000	0.2000000000	1	8
66.7000000000	0.2000000000	1	8
66.7500000000	0.2000000000	1	8
66.8000000000	0.2000000000	1	8
66.8500000000	0.2000000000	1	8
66.9000000000	0.2000000000	1	8
66.9500000000	0.2000000000	1	8
67.0000000000	0.2000000000	1	8
67.0500000000	0.2000000000	1	8
67.1000000000	0.2000000000	1	8
67.1500000000	0.2000000000	1	8
67.2000000000	0.2000000000	1	8
67.2500000000	0.2000000000	1	8
67.3000000000	0.2000000000	1	8
67.3500000000	0.2000000000	1	8
67.4000000000	0.2000000000	1	8
67.4500000000	0.2000000000	1	8
67.5000000000	0.2000000000	1	8
67.5500000000	0.2000000000	1	8
67.6000000000	0.2000000000	1	8
67.6500000000	0.2000000000	1	8
67.7000000000	0.2000000000	1	8
67.7500000000	0.2000000000	1	8
67.8000000000	0.2000000000	1	8
67.8500000000	0.2000000000	1	8
67.9000000000	0.2000000000	1	8
67.9500000000	0.2000000000	1	8
68.0000000000	0.2000000000	1	8
68.0500000000	0.2000000000	1	8
68.1000000000	0.2000000000	1	8
68.1500000000	0.2000000000	1	8
68.2000000000	0.2000000000	1	8
68.2500000000	0.2000000000	1	8
68.3000000000	0.2000000000	1	8
68.3500000000	0.2000000000	1	8
68.4000000000	0.2000000000	1	8
68.4500000000	0.2000000000	1	8
68.5000000000	0.2000000000	1	8
68.5500000000	0.2000000000	1	8
68.6000000000	0.2000000000	1	8
68.6500000000	0.2000000000	1	8
68.7000000000	0.2000000000	1	8
68.7500000000	0.2000000000	1	8
68.8000000000	0.2000000000	1	8
68.8500000000	0.2000000000	1	8
68.9000000000	0.2000000000	1	8
68.9500000000	0.2000000000	1	8
69.0000000000	0.2000000000	1	8
69.0500000000	0.2000000000	1	8
69.1000000000	0.2000000000	1	8
69.1500000000	0.2000000000	1	8
69.2000000000	0.2000000000	1	8
69.2500000000	0.2000000000	1	8
69.3000000000	0.2000000000	1	8
69.3500000000	0.2000000000	1	8
69.4000000000	0.2000000000	1	8
69.4500000000	0.2000000000	1	8
69.5000000000	0.2000000000	1	8
69.5500000000	0.2000000000	1	8
69.6000000000	0.2000000000	1	8
69.6500000000	0.2000000000	1	8
69.7000000000	0.2000000000	1	8
69.7500000000	0.2000000000	1	8
69.8000000000	0.2000000000	1	8
69.8500000000	0.2000000000	1	8
69.9000000000	0.2000000000	1	8
69.9500000000	0.2000000000	1	8
70.0000000000	0.2000000000	1	8
70.0500000000	0.2000000000	1	8
70.1000000000	0.2000000000	1	8
70.1500000000	0.2000000000	1	8
70.2000000000	0.2000000000	1	8
70.2500000000	0.2000000000	1	8
70.3000000000	0.2000000000	1	8
70.3500000000	0.2000000000	1	8
70.4000000000	0.2000000000	1	8
70.4500000000	0.2000000000	1	8
70.5000000000	0.2000000000	1	8
70.5500000000	0.2000000000	1	8
70.6000000000	0.2000000000	1	8
70.6500000000	0.2000000000	1	8
70.7000000000	0.2000000000	1	8
70.7500000000	0.2000000000	1	8
70.8000000000	0.2000000000	1	8
70.8500000000	0.2000000000	1	8
70.9000000000	0.2000000000	1	8
70.9500000000	0.2000000000	1	8
71.0000000000	0.2000000000	1	8
71.0500000000	0.2000000000	1	8
71.1000000000	0.2000000000	1	8
71.1500000000	0.2000000000	1	8
71.2000000000	0.2000000000	1	8
71.2500000000	0.2000000000	1	8
71.3000000000	0.2000000000	1	8
71.3500000000	0.2000000000	1	8
71.4000000000	0.2000000000	1	8
71.4500000000	0.2000000000	1	8
71.5000000000	0.2000000000	1	8
71.5500000000	0.2000000000	1	8
71.6000000000	0.2000000000	1	8
71.6500000000	0.2000000000	1	8
71.7000000000	0.2000000000	1	8
71.7500000000	0.2000000000	1	8
71.8000000000	0.2000000000	1	8
71.8500000000	0.2000000000	1	8
71.9000000000	0.2000000000	1	8
71.9500000000	0.2000000000	1	8
72.0000000000	0.2000000000	1	8
72.0500000000	0.2000000000	1	8
72.1000000000	0.2000000000	1	8
72.1500000000	0.2000000000	1	8
72.2000000000	0.2000000000	1	8
72.2500000000	0.2000000000	1	8
72.3000000000	0.2000000000	1	8
72.3500000000	0.2000000000	1	8
72.4000000000	0.2000000000	1	8
72.4500000000	0.2000000000	1	8
72.5000000000	0.2000000000	1	8
72.5500000000	0.2000000000	1	8
72.6000000000	0.2000000000	1	8
72.6500000000	0.2000000000	1	8
72.7000000000	0.2000000000	1	8
72.7500000000	0.2000000000	1	8
72.8000000000	0.2000000000	1	8
72.8500000000	0.2000000000	1	8
72.9000000000	0.2000000000	1	8
72.9500000000	0.2000000000	1	8
73.0000000000	0.2000000000	1	8
73.0500000000	0.2000000000	1	8
73.1000000000	0.2000000000	1	8
73.1500000000	0.2000000000	1	8
73.2000000000	0.2000000000	1	8
73.2500000000	0.2000000000	1	8
73.3000000000	0.2000000000	1	8
73.3500000000	0.2000000000	1	8
73.4000000000	0.2000000000	1	8
73.4500000000	0.2000000000	1	8
73.5000000000	0.2000000000	1	8
73.5500000000	0.2000000000	1	8
73.6000000000	0.2000000000	1	8
73.6500000000	0.2000000000	1	8
73.7000000000	0.2000000000	1	8
73.7500000000	0.2000000000	1	8
73.8000000000	0.2000000000	1	8
73.8500000000	0.2000000000	1	8
73.9000000000	0.2000000000	1	8
73.9500000000	0.2000000000	1	8
74.0000000000	0.2000000000	1	8
74.0500000000	0.2000000000	1	8
74.1000000000	0.2000000000	1	8
74.1500000000	0.2000000000	1	8
74.2000000000	0.2000000000	1	8
74.2500000000	0.2000000000	1	8
74.3000000000	0.2000000000	1	8
74.3500000000	0.2000000000	1	8
74.4000000000	0.2000000000	1	8
74.4500000000	0.2000000000	1	8
74.5000000000	0.2000000000	1	8
74.5500000000	0.2000000000	1	8
74.6000000000	0.2000000000	1	8
74.6500000000	0.2000000000	1	8
74.7000000000	0.2000000000	1	8
74.7500000000	0.2000000000	1	8
74.8000000000	0.2000000000	1	8
74.8500000000	0.2000000000	1	8
74.9000000000	0.2000000000	1	8
74.9500000000	0.2000000000	1	8
75.0000000000	0.2000000000	1	8
75.0500000000	0.2000000000	1	8
75.1000000000	0.2000000000	1	8
75.1500000000	0.2000000000	1	8
75.2000000000	0.2000000000	1	8
75.2500000000	0.2000000000	1	8
75.3000000000	0.2000000000	1	8
75.3500000000	0.2000000000	1	8
75.4000000000	0.2000000000	1	8
75.4500000000	0.2000000000	1	8
75.5000000000	0.2000000000	1	8
75.5500000000	0.2000000000	1	8
75.6000000000	0.2000000000	1	8
75.6500000000	0.2000000000	1	8
75.7000000000	0.2000000000	1	8
75.7500000000	0.2000000000	1	8
75.8000000000	0.2000000000	1	8
75.8500000000	0.2000000000	1	8
75.9000000000	0.2000000000	1	8
75.9500000000	0.2000000000	1	8
76.0000000000	0.2000000000	1	8
76.0500000000	0.2000000000	1	8
76.1000000000	0.2000000000	1	8
76.1500000000	0.2000000000	1	8
76.2000000000	0.2000000000	1	8
76.2500000000	0.2000000000	1	8
76.3000000000	0.2000000000	1	8
76.3500000000	0.2000000000	1	8
76.4000000000	0.2000000000	1	8
76.4500000000	0.2000000000	1	8
76.5000000000	0.2000000000	1	8
76.5500000000	0.2000000000	1	8
76.6000000000	0.2000000000	1	8
76.6500000000	0.2000000000	1	8
76.7000000000	0.2000000000	1	8
76.7500000000	0.2000000000	1	8
76.8000000000	0.2000000000	1	8
76.8500000000	0.2000000000	1	8
76.9000000000	0.2000000000	1	8
76.9500000000	0.2000000000	1	8
77.0000000000	0.2000000000	1	8
77.0500000000	0.2000000000	1	8
77.1000000000	0.2000000000	1	8
77.1500000000	0.2000000000	1	8
77.2000000000	0.2000000000	1	8
77.2500000000	0.2000000000	1	8
77.3000000000	0.2000000000	1	8
77.3500000000	0.2000000000	1	8
77.4000000000	0.2000000000	1	8
77.4500000000	0.2000000000	1	8
77.5000000000	0.2000000000	1	8
77.5500000000	0.2000000000	1	8
77.6000000000	0.2000000000	1	8
77.6500000000	0.2000000000	1	8
77.7000000000	0.2000000000	1	8
77.7500000000	0.2000000000	1	8
77.8000000000	0.2000000000	1	8
77.8500000000	0.2000000000	1	8
77.9000000000	0.2000000000	1	8
77.9500000000	0.2000000000	1	8
78.0000000000	0.2000000000	1	8
78.0500000000	0.2000000000	1	8
78.1000000000	0.2000000000	1	8
78.1500000000	0.2000000000	1	8
78.2000000000	0.2000000000	1	8
78.2500000000	0.2000000000	1	8
78.3000000000	0.2000000000	1	8
78.3500000000	0.2000000000	1	8
78.4000000000	0.2000000000	1	8
78.4500000000	0.2000000000	1	8
78.5000000000	0.2000000000	1	8
78.5500000000	0.2000000000	1	8
78.6000000000	0.2000000000	1	8
78.6500000000	0.2000000000	1	8
78.7000000000	0.2000000000	1	8
78.7500000000	0.2000000000	1	8
78.8000000000	0.2000000000	1	8
78.8500000000	0.2000000000	1	8
78.9000000000	0.2000000000	1	8
78.9500000000	0.2000000000	1	8
79.0000000000	0.2000000000	1	8
79.0500000000	0.2000000000	1	8
79.1000000000	0.2000000000	1	8
79.1500000000	0.2000000000	1	8
79.2000000000	0.2000000000	1	8
79.2500000000	0.2000000000	1	8
79.3000000000	0.2000000000	1	8
79.3500000000	0.2000000000	1	8
79.4000000000	0.2000000000	1	8
79.4500000000	0.2000000000	1	8
79.5000000000	0.2000000000	1	8
79.5500000000	0.2000000000	1	8
79.6000000000	0.2000000000	1	8
79.6500000000	0.2000000000	1	8
79.7000000000	0.2000000000	1	8
79.7500000000	0.2000000000	1	8
79.8000000000	0.2000000000	1	8
79.8500000000	0.2000000000	1	8
79.9000000000	0.2000000000	1	8
79.9500000000	0.2000000000	1	8
80.0000000000	0.2000000000	1	8
80.0500000000	0.2000000000	1	8
80.1000000000	0.2000000000	1	8
80.1500000000	0.2000000000	1	8
80.2000000000	0.2000000000	1	8
80.2500000000	0.2000000000	1	8
80.3000000000	0.2000000000	1	8
80.3500000000	0.2000000000	1	8
80.4000000000	0.2000000000	1	8
80.4500000000	0.2000000000	1	8
80.5000000000	0.2000000000	1	8
80.5500000000	0.2000000000	1	8
80.6000000000	0.2000000000	1	8
80.6500000000	0.2000000000	1	8
80.7000000000	0.2000000000	1	8
80.7500000000	0.2000000000	1	8
80.8000000000	0.2000000000	1	8
80.8500000000	0.2000000000	1	8
80.9000000000	0.2000000000	1	8
80.9500000000	0.2000000000	1	8
81.0000000000	0.2000000000	1	8
81.0500000000	0.2000000000	1	8
81.1000000000	0.2000000000	1	8
81.1500000000	0.2000000000	1	8
81.2000000000	0.2000000000	1	8
81.2500000000	0.2000000000	1	8
81.3000000000	0.2000000000	1	8
81.3500000000	0.2000000000	1	8
81.4000000000	0.2000000000	1	8
81.4500000000	0.2000000000	1	8
81.5000000000	0.2000000000	1	8
81.5500000000	0.2000000000	1	8
81.6000000000	0.2000000000	1	8
81.6500000000	0.2000000000	1	8
81.7000000000	0.2000000000	1	8
81.7500000000	0.2000000000	1	8
81.8000000000	0.2000000000	1	8
81.8500000000	0.2000000000	1	8
81.9000000000	0.2000000000	1	8
81.9500000000	0.2000000000	1	8
82.0000000000	0.2000000000	1	8
82.0500000000	0.2000000000	1	8
82.1000000000	0.2000000000	1	8
82.1500000000	0.2000000000	1	8
82.2000000000	0.2000000000	1	8
82.2500000000	0.2000000000	1	8
82.3000000000	0.2000000000	1	8
82.3500000000	0.2000000000	1	8
82.4000000000	0.2000000000	1	8
82.4500000000	0.2000000000	1	8
82.5000000000	0.2000000000	1	8
82.5500000000	0.2000000000	1	8
82.6000000000	0.2000000000	1	8
82.6500000000	0.2000000000	1	8
82.7000000000	0.2000000000	1	8
82.7500000000	0.2000000000	1	8
82.8000000000	0.2000000000	1	8
82.8500000000	0.2000000000	1	8
82.9000000000	0.2000000000	1	8
82.9500000000	0.2000000000	1	8
83.0000000000	0.2000000000	1	8
83.0500000000	0.2000000000	1	8
83.1000000000	0.2000000000	1	8
83.1500000000	0.2000000000	1	8
83.2000000000	0.2000000000	1	8
83.2500000000	0.2000000000	1	8
83.3000000000	0.2000000000	1	8
83.3500000000	0.2000000000	1	8
83.4000000000	0.2000000000	1	8
83.4500000000	0.2000000000	1	8
83.5000000000	0.2000000000	1	8
83.5500000000	0.2000000000	1	8
83.6000000000	0.2000000000	1	8
83.6500000000	0.2000000000	1	8
83.7000000000	0.2000000000	1	8
83.7500000000	0.2000000000	1	8
83.8000000000	0.2000000000	1	8
83.8500000000	0.2000000000	1	8
83.9000000000	0.2000000000	1	8
83.9500000000	0.2000000000	1	8
84.0000000000	0.2000000000	1	8
84.0500000000	0.2000000000	1	8
84.1000000000	0.2000000000	1	8
84.1500000000	0.2000000000	1	8
84.2000000000	0.2000000000	1	8
84.2500000000	0.2000000000	1	8
84.3000000000	0.2000000000	1	8
84.3500000000	0.2000000000	1	8
84.4000000000	0.2000000000	1	8
84.4500000000	0.2000000000	1	8
84.5000000000	0.2000000000	1	8
84.5500000000	0.2000000000	1	8
84.6000000000	0.2000000000	1	8
84.6500000000	0.2000000000	1	8
84.7000000000	0.2000000000	1	8
84.7500000000	0.2000000000	1	8
84.8000000000	0.2000000000	1	8
84.8500000000	0.2000000000	1	8
84.9000000000	0.2000000000	1	8
84.9500000000	0.2000000000	1	8
85.0000000000	0.2000000000	1	8
85.0500000000	0.2000000000	1	8
85.1000000000	0.2000000000	1	8
85.1500000000	0.2000000000	1	8
85.2000000000	0.2000000000	1	8
85.2500000000	0.2000000000	1	8
85.3000000000	0.2000000000	1	8
85.3500000000	0.2000000000	1	8
85.4000000000	0.2000000000	1	8
85.4500000000	0.2000000000	1	8
85.5000000000	0.2000000000	1	8
85.5500000000	0.2000000000	1	8
85.6000000000	0.2000000000	1	8
85.6500000000	0.2000000000	1	8
85.7000000000	0.2000000000	1	8
85.7500000000	0.2000000000	1	8
85.8000000000	0.2000000000	1	8
85.8500000000	0.2000000000	1	8
85.9000000000	0.2000000000	1	8
85.9500000000	0.2000000000	1	8
86.0000000000	0.2000000000	1	8
86.0500000000	0.2000000000	1	8
86.1000000000	0.2000000000	1	8
86.1500000000	0.2000000000	1	8
86.2000000000	0.2000000000	1	8
86.2500000000	0.2000000000	1	8
86.3000000000	0.2000000000	1	8
86.3500000000	0.2000000000	1	8
86.4000000000	0.2000000000	1	8
86.4500000000	0.2000000000	1	8
86.5000000000	0.2000000000	1	8
86.5500000000	0.2000000000	1	8
86.6000000000	0.2000000000	1	8
86.6500000000	0.2000000000	1	8
86.7000000000	0.2000000000	1	8
86.7500000000	0.2000000000	1	8
86.8000000000	0.2000000000	1	8
86.8500000000	0.2000000000	1	8
86.9000000000	0.2000000000	1	8
86.9500000000	0.2000000000	1	8
87.0000000000	0.2000000000	1	8
87.0500000000	0.2000000000	1	8
87.1000000000	0.2000000000	1	8
87.1500000000	0.2000000000	1	8
87.2000000000	0.2000000000	1	8
87.2500000000	0.2000000000	1	8
87.3000000000	0.2000000000	1	8
87.3500000000	0.2000000000	1	8
87.4000000000	0.2000000000	1	8
87.4500000000	0.2000000000	1	8
87.5000000000	0.2000000000	1	8
87.5500000000	0.2000000000	1	8
87.6000000000	0.2000000000	1	8
87.6500000000	0.2000000000	1	8
87.7000000000	0.2000000000	1	8
87.7500000000	0.2000000000	1	8
87.8000000000	0.2000000000	1	8
87.8500000000	0.2000000000	1	8
87.9000000000	0.2000000000	1	8
87.9500000000	0.2000000000	1	8
88.0000000000	0.2000000000	1	8
88.0500000000	0.2000000000	1	8
88.1000000000	0.2000000000	1	8
88.1500000000	0.2000000000	1	8
88.2000000000	0.2000000000	1	8
88.2500000000	0.2000000000	1	8
88.3000000000	0.2000000000	1	8
88.3500000000	0.2000000000	1	8
88.4000000000	0.2000000000	1	8
88.4500000000	0.2000000000	1	8
88.5000000000	0.2000000000	1	8
88.5500000000	0.2000000000	1	8
88.6000000000	0.2000000000	1	8
88.6500000000	0.2000000000	1	8
88.7000000000	0.2000000000	1	8
88.7500000000	0.2000000000	1	8
88.8000000000	0.2000000000	1	8
88.8500000000	0.2000000000	1	8
88.9000000000	0.2000000000	1	8
88.9500000000	0.2000000000	1	8
89.0000000000	0.2000000000	1	8
89.0500000000	0.2000000000	1	8
89.1000000000	0.2000000000	1	8
89.1500000000	0.2000000000	1	8
89.2000000000	0.2000000000	1	8
89.2500000000	0.2000000000	1	8
89.3000000000	0.2000000000	1	8
89.3500000000	0.2000000000	1	8
89.4000000000	0.2000000000	1	8
89.4500000000	0.2000000000	1	8
89.5000000000	0.2000000000	1	8
89.5500000000	0.2000000000	1	8
89.6000000000	0.2000000000	1	8
89.6500000000	0.2000000000	1	8
89.7000000000	0.2000000000	1	8
89.7500000000	0.2000000000	1	8
89.8000000000	0.2000000000	1	8
89.8500000000	0.2000000000	1	8
89.9000000000	0.2000000000	1	8
89.9500000000	0.2000000000	1	8
90.0000000000	0.2000000000	1	8
90.0500000000	0.2000000000	1	8
90.1000000000	0.2000000000	1	8
90.1500000000	0.2000000000	1	8
90.2000000000	0.2000000000	1	8
90.2500000000	0.2000000000	1	8
90.3000000000	0.2000000000	1	8
90.3500000000	0.2000000000	1	8
90.4000000000	0.2000000000	1	8
90.4500000000	0.2000000000	1	8
90.5000000000	0.2000000000	1	8
90.5500000000	0.2000000000	1	8
90.6000000000	0.2000000000	1	8
90.6500000000	0.2000000000	1	8
90.7000000000	0.2000000000	1	8
90.7500000000	0.2000000000	1	8
90.8000000000	0.2000000000	1	8
90.8500000000	0.2000000000	1	8
90.9000000000	0.2000000000	1	8
90.9500000000	0.2000000000	1	8
91.0000000000	0.2000000000	1	8
91.0500000000	0.2000000000	1	8
91.1000000000	0.2000000000	1	8
91.1500000000	0.2000000000	1	8
91.2000000000	0.2000000000	1	8
91.2500000000	0.2000000000	1	8
91.3000000000	0.2000000000	1	8
91.3500000000	0.2000000000	1	8
91.4000000000	0.2000000000	1	8
91.4500000000	0.2000000000	1	8
91.5000000000	0.2000000000	1	8
91.5500000000	0.2000000000	1	8
91.6000000000	0.2000000000	1	8
91.6500000000	0.2000000000	1	8
91.7000000000	0.2000000000	1	8
91.7500000000	0.2000000000	1	8
91.8000000000	0.2000000000	1	8
91.8500000000	0.2000000000	1	8
91.9000000000	0.2000000000	1	8
91.9500000000	0.2000000000	1	8
92.0000000000	0.2000000000	1	8
92.0500000000	0.2000000000	1	8
92.1000000000	0.2000000000	1	8
92.1500000000	0.2000000000	1	8
92.2000000000	0.2000000000	1	8
92.2500000000	0.2000000000	1	8
92.3000000000	0.2000000000	1	8
92.3500000000	0.2000000000	1	8
92.4000000000	0.2000000000	1	8
92.4500000000	0.2000000000	1	8
92.5000000000	0.2000000000	1	8
92.5500000000	0.2000000000	1	8
92.6000000000	0.2000000000	1	8
92.6500000000	0.2000000000	1	8
92.7000000000	0.2000000000	1	8
92.7500000000	0.2000000000	1	8
92.8000000000	0.2000000000	1	8
92.8500000000	0.2000000000	1	8
92.9000000000	0.2000000000	1	8
92.9500000000	0.2000000000	1	8
93.0000000000	0.2000000000	1	8
93.0500000000	0.2000000000	1	8
93.1000000000	0.2000000000	1	8
93.1500000000	0.2000000000	1	8
93.2000000000	0.2000000000	1	8
93.2500000000	0.2000000000	1	8
93.3000000000	0.2000000000	1	8
93.3500000000	0.2000000000	1	8
93.4000000000	0.2000000000	1	8
93.4500000000	0.2000000000	1	8
93.5000000000	0.2000000000	1	8
93.5500000000	0.2000000000	1	8
93.6000000000	0.2000000000	1	8
93.6500000000	0.2000000000	1	8
93.7000000000	0.2000000000	1	8
93.7500000000	0.2000000000	1	8
93.8000000000	0.2000000000	1	8
93.8500000000	0.2000000000	1	8
93.9000000000	0.2000000000	1	8
93.9500000000	0.2000000000	1	8
94.0000000000	0.2000000000	1	8
94.0500000000	0.2000000000	1	8
94.1000000000	0.2000000000	1	8
94.1500000000	0.2000000000	1	8
94.2000000000	0.2000000000	1	8
94.2500000000	0.2000000000	1	8
94.3000000000	0.2000000000	1	8
94.3500000000	0.2000000000	1	8
94.4000000000	0.2000000000	1	8
94.4500000000	0.2000000000	1	8
94.5000000000	0.2000000000	1	8
94.5500000000	0.2000000000	1	8
94.6000000000	0.2000000000	1	8
94.6500000000	0.2000000000	1	8
94.7000000000	0.2000000000	1	8
94.7500000000	0.2000000000	1	8
94.8000000000	0.2000000000	1	8
94.8500000000	0.2000000000	1	8
94.9000000000	0.2000000000	1	8
94.9500000000	0.2000000000	1	8
95.0000000000	0.2000000000	1	8
95.0500000000	0.2000000000	1	8
95.1000000000	0.2000000000	1	8
95.1500000000	0.2000000000	1	8
95.2000000000	0.2000000000	1	8
95.2500000000	0.2000000000	1	8
95.3000000000	0.2000000000	1	8
95.3500000000	0.2000000000	1	8
95.4000000000	0.2000000000	1	8
95.4500000000	0.2000000000	1	8
95.5000000000	0.2000000000	1	8
95.5500000000	0.2000000000	1	8
95.6000000000	0.2000000000	1	8
95.6500000000	0.2000000000	1	8
95.7000000000	0.2000000000	1	8
95.7500000000	0.2000000000	1	8
95.8000000000	0.2000000000	1	8
95.8500000000	0.2000000000	1	8
95.9000000000	0.2000000000	1	8
95.9500000000	0.2000000000	1	8
96.0000000000	0.2000000000	1	8
96.0500000000	0.2000000000	1	8
96.1000000000	0.2000000000	1	8
96.1500000000	0.2000000000	1	8
96.2000000000	0.2000000000	1	7
96.2500000000	0.2000000000	1	7
96.3000000000	0.2000000000	1	7
96.3500000000	0.2000000000	1	7
96.4000000000	0.2000000000	1	7
96.4500000000	0.2000000000	1	7
96.5000000000	0.2000000000	1	7
96.5500000000	0.2000000000	1	7
96.6000000000	0.2000000000	1	7
96.6500000000	0.2000000000	1	7
96.7000000000	0.2000000000	1	7
96.7500000000	0.2000000000	1	7
96.8000000000	0.2000000000	1	7
96.8500000000	0.2000000000	1	7
96.9000000000	0.2000000000	1	7
96.9500000000	0.2000000000	1	7
97.0000000000	0.2000000000	1	7
97.0500000000	0.2000000000	1	7
97.1000000000	0.2000000000	1	7
97.1500000000	0.2000000000	1	7
97.2000000000	0.2000000000	1	7
97.2500000000	0.2000000000	1	7
97.3000000000	0.2000000000	1	7
97.3500000000	0.2000000000	1	7
97.4000000000	0.2000000000	1	7
97.4500000000	0.2000000000	1	7
97.5000000000	0.2000000000	1	7
97.5500000000	0.2000000000	1	7
97.6000000000	0.2000000000	1	7
97.6500000000	0.2000000000	1	7
97.7000000000	0.2000000000	1	7
97.7500000000	0.2000000000	1	7
97.8000000000	0.2000000000	1	7
97.8500000000	0.2000000000	1	7
97.9000000000	0.2000000000	1	7
97.9500000000	0.2000000000	1	7
98.0000000000	0.2000000000	1	7
98.0500000000	0.2000000000	1	7
98.1000000000	0.2000000000	1	7
98.1500000000	0.2000000000	1	7
98.2000000000	0.2000000000	1	7
98.2500000000	0.2000000000	1	7
98.3000000000	0.2000000000	1	7
98.3500000000	0.2000000000	1	7
98.4000000000	0.2000000000	1	7
98.4500000000	0.2000000000	1	7
98.5000000000	0.2000000000	1	7
98.5500000000	0.2000000000	1	7
98.6000000000	0.2000000000	1	7
98.6500000000	0.2000000000	1	7
98.7000000000	0.2000000000	1	7
98.7500000000	0.2000000000	1	7
98.8000000000	0.2000000000	1	7
98.8500000000	0.2000000000	1	7
98.9000000000	0.2000000000	1	7
98.9500000000	0.2000000000	1	7
99.0000000000	0.2000000000	1	7
99.0500000000	0.2000000000	1	7
99.1000000000	0.2000000000	1	7
99.1500000000	0.2000000000	1	7
99.2000000000	0.2000000000	1	7
99.2500000000	0.2000000000	1	7
99.3000000000	0.2000000000	1	7
99.3500000000	0.2000000000	1	7
99.4000000000	0.2000000000	1	7
99.4500000000	0.2000000000	1	7
99.5000000000	0.2000000000	1	7
99.5500000000	0.2000000000	1	7
99.6000000000	0.2000000000	1	7
99.6500000000	0.2000000000	1	7
99.7000000000	0.2000000000	1	7
99.7500000000	0.2000000000	1	7
99.8000000000	0.2000000000	1	7
99.8500000000	0.2000000000	1	7
99.9000000000	0.2000000000	1	7
99.9500000000	0.2000000000	1	7
100.0000000000	0.2000000000	1	7
100.0500000000	0.2000000000	1	7
100.1000000000	0.2000000000	1	7
100.1500000000	0.2000000000	1	7
100.2000000000	0.2000000000	1	7
100.2500000000	0.2000000000	1	7
100.3000000000	0.2000000000	1	7
100.3500000000	0.2000000000	1	7
100.4000000000	0.2000000000	1	7
100.4500000000	0.2000000000	1	7
100.5000000000	0.2000000000	1	7
100.5500000000	0.2000000000	1	7
100.6000000000	0.2000000000	1	7
100.6500000000	0.2000000000	1	7
100.7000000000	0.2000000000	1	7
100.7500000000	0.2000000000	1	7
100.8000000000	0.2000000000	1	7
100.8500000000	0.2000000000	1	7
100.9000000000	0.2000000000	1	7
100.9500000000	0.2000000000	1	7
101.0000000000	0.2000000000	1	7
101.0500000000	0.2000000000	1	7
101.1000000000	0.2000000000	1	7
101.1500000000	0.2000000000	1	7
101.2000000000	0.2000000000	1	7
101.2500000000	0.2000000000	1	7
101.3000000000	0.2000000000	1	7
101.3500000000	0.2000000000	1	7
101.4000000000	0.2000000000	1	7
101.4500000000	0.2000000000	1	7
101.5000000000	0.2000000000	1	7
101.5500000000	0.2000000000	1	7
101.6000000000	0.2000000000	1	7
101.6500000000	0.2000000000	1	7
101.7000000000	0.2000000000	1	7
101.7500000000	0.2000000000	1	7
101.8000000000	0.2000000000	1	7
101.8500000000	0.2000000000	1	7
101.9000000000	0.2000000000	1	7
101.9500000000	0.2000000000	1	7
102.0000000000	0.2000000000	1	7
102.0500000000	0.2000000000	1	7
102.1000000000	0.2000000000	1	7
102.1500000000	0.2000000000	1	7
102.2000000000	0.2000000000	1	7
102.2500000000	0.2000000000	1	7
102.3000000000	0.2000000000	1	7
102.3500000000	0.2000000000	1	7
102.4000000000	0.2000000000	1	7
102.4500000000	0.2000000000	1	7
102.5000000000	0.2000000000	1	7
102.5500000000	0.2000000000	1	7
102.6000000000	0.2000000000	1	7
102.6500000000	0.2000000000	1	7
102.7000000000	0.2000000000	1	7
102.7500000000	0.2000000000	1	7
102.8000000000	0.2000000000	1	7
102.8500000000	0.2000000000	1	7
102.9000000000	0.2000000000	1	7
102.9500000000	0.2000000000	1	7
103.0000000000	0.2000000000	1	7
103.0500000000	0.2000000000	1	7
103.1000000000	0.2000000000	1	7
103.1500000000	0.2000000000	1	7
103.2000000000	0.2000000000	1	7
103.2500000000	0.2000000000	1	7
103.3000000000	0.2000000000	1	7
103.3500000000	0.2000000000	1	7
103.4000000000	0.2000000000	1	7
103.4500000000	0.2000000000	1	7
103.5000000000	0.2000000000	1	7
103.5500000000	0.2000000000	1	7
103.6000000000	0.2000000000	1	7
103.6500000000	0.2000000000	1	7
103.7000000000	0.2000000000	1	7
103.7500000000	0.2000000000	1	7
103.8000000000	0.2000000000	1	7
103.8500000000	0.2000000000	1	7
103.9000000000	0.2000000000	1	7
103.9500000000	0.2000000000	1	7
104.0000000000	0.2000000000	1	7
104.0500000000	0.2000000000	1	7
104.1000000000	0.2000000000	1	7
104.1500000000	0.2000000000	1	7
104.2000000000	0.2000000000	1	7
104.2500000000	0.2000000000	1	7
104.3000000000	0.2000000000	1	7
104.3500000000	0.2000000000	1	7
104.4000000000	0.2000000000	1	7
104.4500000000	0.2000000000	1	7
104.5000000000	0.2000000000	1	7
104.5500000000	0.2000000000	1	7
104.6000000000	0.2000000000	1	7
104.6500000000	0.2000000000	1	7
104.7000000000	0.2000000000	1	7
104.7500000000	0.2000000000	1	7
104.8000000000	0.2000000000	1	7
104.8500000000	0.2000000000	1	7
104.9000000000	0.2000000000	1	7
104.9500000000	0.2000000000	1	7
105.0000000000	0.2000000000	1	7
105.0500000000	0.2000000000	1	7
105.1000000000	0.2000000000	1	7
105.1500000000	0.2000000000	1	7
105.2000000000	0.2000000000	1	7
105.2500000000	0.2000000000	1	7
105.3000000000	0.2000000000	1	7
105.3500000000	0.2000000000	1	7
105.4000000000	0.2000000000	1	7
105.4500000000	0.2000000000	1	7
105.5000000000	0.2000000000	1	7
105.5500000000	0.2000000000	1	7
105.6000000000	0.2000000000	1	7
105.6500000000	0.2000000000	1	7
105.7000000000	0.2000000000	1	7
105.7500000000	0.2000000000	1	7
105.8000000000	0.2000000000	1	7
105.8500000000	0.2000000000	1	7
105.9000000000	0.2000000000	1	7
105.9500000000	0.2000000000	1	7
106.0000000000	0.2000000000	1	7
106.0500000000	0.2000000000	1	7
106.1000000000	0.2000000000	1	7
106.1500000000	0.2000000000	1	7
106.2000000000	0.2000000000	1	7
106.2500000000	0.2000000000	1	7
106.3000000000	0.2000000000	1	7
106.3500000000	0.2000000000	1	7
106.4000000000	0.2000000000	1	7
106.4500000000	0.2000000000	1	7
106.5000000000	0.2000000000	1	7
106.5500000000	0.2000000000	1	7
106.6000000000	0.2000000000	1	7
106.6500000000	0.2000000000	1	7
106.7000000000	0.2000000000	1	7
106.7500000000	0.2000000000	1	7
106.8000000000	0.2000000000	1	9
106.8500000000	0.2000000000	1	9
106.9000000000	0.2000000000	1	9
106.9500000000	0.2000000000	1	9
107.0000000000	0.2000000000	1	9
107.0500000000	0.2000000000	1	9
107.1000000000	0.2000000000	1	9
107.1500000000	0.2000000000	1	9
107.2000000000	0.2000000000	1	9
107.2500000000	0.2000000000	1	9
107.3000000000	0.2000000000	1	9
107.3500000000	0.2000000000	1	9
107.4000000000	0.2000000000	1	9
107.4500000000	0.2000000000	1	9
107.5000000000	0.2000000000	1	9
107.5500000000	0.2000000000	1	9
107.6000000000	0.2000000000	1	9
107.6500000000	0.2000000000	1	9
107.7000000000	0.2000000000	1	9
107.7500000000	0.2000000000	1	9
107.8000000000	0.2000000000	1	9
107.8500000000	0.2000000000	1	9
107.9000000000	0.2000000000	1	9
107.9500000000	0.2000000000	1	9
108.0000000000	0.2000000000	1	9
108.0500000000	0.2000000000	1	9
108.1000000000	0.2000000000	1	9
108.1500000000	0.2000000000	1	9
108.2000000000	0.2000000000	1	9
108.2500000000	0.2000000000	1	9
108.3000000000	0.2000000000	1	9
108.3500000000	0.2000000000	1	9
108.4000000000	0.2000000000	1	9
108.4500000000	0.2000000000	1	9
108.5000000000	0.2000000000	1	9
108.5500000000	0.2000000000	1	9
108.6000000000	0.2000000000	1	9
108.6500000000	0.2000000000	1	9
108.7000000000	0.2000000000	1	9
108.7500000000	0.2000000000	1	9
108.8000000000	0.2000000000	1	9
108.8500000000	0.2000000000	1	9
108.9000000000	0.2000000000	1	9
108.9500000000	0.2000000000	1	9
109.0000000000	0.2000000000	1	9
109.0500000000	0.2000000000	1	9
109.1000000000	0.2000000000	1	9
109.1500000000	0.2000000000	1	9
109.2000000000	0.2000000000	1	9
109.2500000000	0.2000000000	1	9
109.3000000000	0.2000000000	1	9
109.3500000000	0.2000000000	1	9
109.4000000000	0.2000000000	1	9
109.4500000000	0.2000000000	1	9
109.5000000000	0.2000000000	1	9
109.5500000000	0.2000000000	1	9
109.6000000000	0.2000000000	1	9
109.6500000000	0.2000000000	1	9
109.7000000000	0.2000000000	1	9
109.7500000000	0.2000000000	1	9
109.8000000000	0.2000000000	1	9
109.8500000000	0.2000000000	1	9
109.9000000000	0.2000000000	1	9
109.9500000000	0.2000000000	1	9
110.0000000000	0.2000000000	1	9
110.0500000000	0.2000000000	1	9
110.1000000000	0.2000000000	1	9
110.1500000000	0.2000000000	1	9
110.2000000000	0.2000000000	1	9
110.2500000000	0.2000000000	1	9
110.3000000000	0.2000000000	1	9
110.3500000000	0.2000000000	1	9
110.4000000000	0.2000000000	1	9
110.4500000000	0.2000000000	1	9
110.5000000000	0.2000000000	1	9
110.5500000000	0.2000000000	1	9
110.6000000000	0.2000000000	1	9
110.6500000000	0.2000000000	1	9
110.7000000000	0.2000000000	1	9
110.7500000000	0.2000000000	1	9
110.8000000000	0.2000000000	1	9
110.8500000000	0.2000000000	1	9
110.9000000000	0.2000000000	1	9
110.9500000000	0.2000000000	1	9
111.0000000000	0.2000000000	1	9
111.0500000000	0.2000000000	1	9
111.1000000000	0.2000000000	1	9
111.1500000000	0.2000000000	1	9
111.2000000000	0.2000000000	1	9
111.2500000000	0.2000000000	1	9
111.3000000000	0.2000000000	1	9
111.3500000000	0.2000000000	1	9
111.4000000000	0.2000000000	1	9
111.4500000000	0.2000000000	1	9
111.5000000000	0.2000000000	1	9
111.5500000000	0.2000000000	1	9
111.6000000000	0.2000000000	1	9
111.6500000000	0.2000000000	1	9
111.7000000000	0.2000000000	1	9
111.7500000000	0.2000000000	1	9
111.8000000000	0.2000000000	1	9
111.8500000000	0.2000000000	1	9
111.9000000000	0.2000000000	1	9
111.9500000000	0.2000000000	1	9
112.0000000000	0.2000000000	1	9
112.0500000000	0.2000000000	1	9
112.1000000000	0.2000000000	1	9
112.1500000000	0.2000000000	1	9
112.2000000000	0.2000000000	1	9
112.2500000000	0.2000000000	1	9
112.3000000000	0.2000000000	1	9
112.3500000000	0.2000000000	1	9
112.4000000000	0.2000000000	1	9
112.4500000000	0.2000000000	1	9
112.5000000000	0.2000000000	1	9
112.5500000000	0.2000000000	1	9
112.6000000000	0.2000000000	1	9
112.6500000000	0.2000000000	1	9
112.7000000000	0.2000000000	1	9
112.7500000000	0.2000000000	1	9
112.8000000000	0.2000000000	1	9
112.8500000000	0.2000000000	1	9
112.9000000000	0.2000000000	1	9
112.9500000000	0.2000000000	1	9
113.0000000000	0.2000000000	1	9
113.0500000000	0.2000000000	1	9
113.1000000000	0.2000000000	1	9
113.1500000000	0.2000000000	1	9
113.2000000000	0.2000000000	1	9
113.2500000000	0.2000000000	1	9
113.3000000000	0.2000000000	1	9
113.3500000000	0.2000000000	1	9
113.4000000000	0.2000000000	1	9
113.4500000000	0.2000000000	1	9
113.5000000000	0.2000000000	1	9
113.5500000000	0.2000000000	1	9
113.6000000000	0.2000000000	1	9
113.6500000000	0.2000000000	1	9
113.7000000000	0.2000000000	1	9
113.7500000000	0.2000000000	1	9
113.8000000000	0.2000000000	1	9
113.8500000000	0.2000000000	1	9
113.9000000000	0.2000000000	1	9
113.9500000000	0.2000000000	1	9
114.0000000000	0.2000000000	1	9
114.0500000000	0.2000000000	1	9
114.1000000000	0.2000000000	1	9
114.1500000000	0.2000000000	1	9
114.2000000000	0.2000000000	1	9
114.2500000000	0.2000000000	1	9
114.3000000000	0.2000000000	1	9
114.3500000000	0.2000000000	1	9
114.4000000000	0.2000000000	1	9
114.4500000000	0.2000000000	1	9
114.5000000000	0.2000000000	1	9
114.5500000000	0.2000000000	1	9
114.6000000000	0.2000000000	1	9
114.6500000000	0.2000000000	1	9
114.7000000000	0.2000000000	1	9
114.7500000000	0.2000000000	1	9
114.8000000000	0.2000000000	1	9
114.8500000000	0.2000000000	1	9
114.9000000000	0.2000000000	1	9
114.9500000000	0.2000000000	1	9
115.0000000000	0.2000000000	1	9
115.0500000000	0.2000000000	1	9
115.1000000000	0.2000000000	1	9
115.1500000000	0.2000000000	1	9
115.2000000000	0.2000000000	1	9
115.2500000000	0.2000000000	1	9
115.3000000000	0.2000000000	1	9
115.3500000000	0.2000000000	1	9
115.4000000000	0.2000000000	1	9
115.4500000000	0.2000000000	1	9
115.5000000000	0.2000000000	1	9
115.5500000000	0.2000000000	1	9
115.6000000000	0.2000000000	1	9
115.6500000000	0.2000000000	1	9
115.7000000000	0.2000000000	1	9
115.7500000000	0.2000000000	1	9
115.8000000000	0.2000000000	1	9
115.8500000000	0.2000000000	1	9
115.9000000000	0.2000000000	1	9
115.9500000000	0.2000000000	1	9
116.0000000000	0.2000000000	1	9
116.0500000000	0.2000000000	1	9
116.1000000000	0.2000000000	1	9
116.1500000000	0.2000000000	1	9
116.2000000000	0.2000000000	1	9
116.2500000000	0.2000000000	1	9
116.3000000000	0.2000000000	1	9
116.3500000000	0.2000000000	1	9
116.4000000000	0.2000000000	1	9
116.4500000000	0.2000000000	1	9
116.5000000000	0.2000000000	1	9
116.5500000000	0.2000000000	1	9
116.6000000000	0.2000000000	1	9
116.6500000000	0.2000000000	1	9
116.7000000000	0.2000000000	1	9
116.7500000000	0.2000000000	1	9
116.8000000000	0.2000000000	1	9
116.8500000000	0.2000000000	1	9
116.9000000000	0.2000000000	1	9
116.9500000000	0.2000000000	1	9
117.0000000000	0.2000000000	1	9
117.0500000000	0.2000000000	1	9
117.1000000000	0.2000000000	1	9
117.1500000000	0.2000000000	1	9
117.2000000000	0.2000000000	1	9
117.2500000000	0.2000000000	1	9
117.3000000000	0.2000000000	1	9
117.3500000000	0.2000000000	1	9
117.4000000000	0.2000000000	1	9
117.4500000000	0.2000000000	1	9
117.5000000000	0.2000000000	1	9
117.5500000000	0.2000000000	1	9
117.6000000000	0.2000000000	1	9
117.6500000000	0.2000000000	1	9
117.7000000000	0.2000000000	1	9
117.7500000000	0.2000000000	1	9
117.8000000000	0.2000000000	1	9
117.8500000000	0.2000000000	1	9
117.9000000000	0.2000000000	1	9
117.9500000000	0.2000000000	1	9
118.0000000000	0.2000000000	1	9
118.0500000000	0.2000000000	1	9
118.1000000000	0.2000000000	1	9
118.1500000000	0.2000000000	1	9
118.2000000000	0.2000000000	1	9
118.2500000000	0.2000000000	1	9
118.3000000000	0.2000000000	1	9
118.3500000000	0.2000000000	1	9
118.4000000000	0.2000000000	1	9
118.4500000000	0.2000000000	1	9
118.5000000000	0.2000000000	1	9
118.5500000000	0.2000000000	1	9
118.6000000000	0.2000000000	1	9
118.6500000000	0.2000000000	1	9
118.7000000000	0.2000000000	1	9
118.7500000000	0.2000000000	1	9
118.8000000000	0.2000000000	1	9
118.8500000000	0.2000000000	1	9
118.9000000000	0.2000000000	1	9
118.9500000000	0.2000000000	1	9
119.0000000000	0.2000000000	1	9
119.0500000000	0.2000000000	1	9
119.1000000000	0.2000000000	1	9
119.1500000000	0.2000000000	1	9
119.2000000000	0.2000000000	1	9
119.2500000000	0.2000000000	1	9
119.3000000000	0.2000000000	1	9
119.3500000000	0.2000000000	1	9
119.4000000000	0.2000000000	1	9
119.4500000000	0.2000000000	1	9
119.5000000000	0.2000000000	1	9
119.5500000000	0.2000000000	1	9
119.6000000000	0.2000000000	1	9
119.6500000000	0.2000000000	1	9
119.7000000000	0.2000000000	1	9
119.7500000000	0.2000000000	1	9
119.8000000000	0.2000000000	1	9
119.8500000000	0.2000000000	1	9
119.9000000000	0.2000000000	1	9
119.9500000000	0.2000000000	1	9
120.0000000000	0.2000000000	1	9
120.0500000000	0.2000000000	1	9
120.1000000000	0.2000000000	1	9
120.1500000000	0.2000000000	1	9
120.2000000000	0.2000000000	1	9
120.2500000000	0.2000000000	1	9
120.3000000000	0.2000000000	1	9
120.3500000000	0.2000000000	1	9
120.4000000000	0.2000000000	1	9
120.4500000000	0.2000000000	1	9
120.5000000000	0.2000000000	1	9
120.5500000000	0.2000000000	1	9
120.6000000000	0.2000000000	1	9
120.6500000000	0.2000000000	1	9
120.7000000000	0.2000000000	1	9
120.7500000000	0.2000000000	1	9
120.8000000000	0.2000000000	1	9
120.8500000000	0.2000000000	1	9
120.9000000000	0.2000000000	1	9
120.9500000000	0.2000000000	1	9
121.0000000000	0.2000000000	1	9
121.0500000000	0.2000000000	1	9
121.1000000000	0.2000000000	1	9
121.1500000000	0.2000000000	1	9
121.2000000000	0.2000000000	1	9
121.2500000000	0.2000000000	1	9
121.3000000000	0.2000000000	1	9
121.3500000000	0.2000000000	1	9
121.4000000000	0.2000000000	1	9
121.4500000000	0.2000000000	1	9
121.5000000000	0.2000000000	1	9
121.5500000000	0.2000000000	1	9
121.6000000000	0.2000000000	1	9
121.6500000000	0.2000000000	1	9
121.7000000000	0.2000000000	1	9
121.7500000000	0.2000000000	1	9
121.8000000000	0.2000000000	1	9
121.8500000000	0.2000000000	1	9
121.9000000000	0.2000000000	1	9
121.9500000000	0.2000000000	1	9
122.0000000000	0.2000000000	1	9
122.0500000000	0.2000000000	1	9
122.1000000000	0.2000000000	1	9
122.1500000000	0.2000000000	1	9
122.2000000000	0.2000000000	1	9
122.2500000000	0.2000000000	1	9
122.3000000000	0.2000000000	1	9
122.3500000000	0.2000000000	1	9
122.4000000000	0.2000000000	1	9
122.4500000000	0.2000000000	1	9
122.5000000000	0.2000000000	1	9
122.5500000000	0.2000000000	1	9
122.6000000000	0.2000000000	1	9
122.6500000000	0.2000000000	1	9
122.7000000000	0.2000000000	1	9
122.7500000000	0.2000000000	1	9
122.8000000000	0.2000000000	1	9
122.8500000000	0.2000000000	1	9
122.9000000000	0.2000000000	1	9
122.9500000000	0.2000000000	1	9
123.0000000000	0.2000000000	1	9
123.0500000000	0.2000000000	1	9
123.1000000000	0.2000000000	1	9
123.1500000000	0.2000000000	1	9
123.2000000000	0.2000000000	1	9
123.2500000000	0.2000000000	1	9
123.3000000000	0.2000000000	1	9
123.3500000000	0.2000000000	1	9
123.4000000000	0.2000000000	1	9
