z[um]	w[um]	pcm(0:si, 1:cpcm, 2:apcm)
0.0000000000 0.3000000000 2
0.1000000000 0.3000000000 2
0.2000000000 0.3000000000 2
0.3000000000 0.3000000000 2
0.4000000000 0.3000000000 2
0.5000000000 0.3000000000 2
0.6000000000 0.3000000000 2
0.7000000000 0.3000000000 2
0.8000000000 0.3000000000 2
0.9000000000 0.3000000000 2
1.0000000000 0.3000000000 2
1.1000000000 0.3000000000 2
1.2000000000 0.3000000000 2
1.3000000000 0.3000000000 2
1.4000000000 0.3000000000 2
1.5000000000 0.3000000000 2
1.6000000000 0.3000000000 2
1.7000000000 0.3000000000 2
1.8000000000 0.3000000000 2
1.9000000000 0.3000000000 2
2.0000000000 0.3000000000 2
2.1000000000 0.3000000000 2
2.2000000000 0.3000000000 2
2.3000000000 0.3000000000 2
2.4000000000 0.3000000000 2
2.5000000000 0.3000000000 2
2.6000000000 0.3000000000 2
2.7000000000 0.3000000000 2
2.8000000000 0.3000000000 2
2.9000000000 0.3000000000 2
3.0000000000 0.3000000000 2
3.1000000000 0.3000000000 2
3.2000000000 0.3000000000 2
3.3000000000 0.3000000000 2
3.4000000000 0.3000000000 2
3.5000000000 0.3000000000 2
3.6000000000 0.3000000000 2
3.7000000000 0.3000000000 2
3.8000000000 0.3000000000 2
3.9000000000 0.3000000000 2
4.0000000000 0.3000000000 2
4.1000000000 0.3000000000 2
4.2000000000 0.3000000000 2
4.3000000000 0.3000000000 2
4.4000000000 0.3000000000 2
4.5000000000 0.3000000000 2
4.6000000000 0.3000000000 2
4.7000000000 0.3000000000 2
4.8000000000 0.3000000000 2
4.9000000000 0.3000000000 2
5.0000000000 0.3000000000 2
5.1000000000 0.3000000000 2
5.2000000000 0.3000000000 2
5.3000000000 0.3000000000 2
5.4000000000 0.3000000000 2
5.5000000000 0.3000000000 2
5.6000000000 0.3000000000 2
5.7000000000 0.3000000000 2
5.8000000000 0.3000000000 2
5.9000000000 0.3000000000 2
6.0000000000 0.3000000000 2
6.1000000000 0.3000000000 2
6.2000000000 0.3000000000 2
6.3000000000 0.3000000000 2
6.4000000000 0.3000000000 2
6.5000000000 0.3000000000 2
6.6000000000 0.3000000000 2
6.7000000000 0.3000000000 2
6.8000000000 0.3000000000 2
6.9000000000 0.3000000000 2
7.0000000000 0.3000000000 2
7.1000000000 0.3000000000 2
7.2000000000 0.3000000000 2
7.3000000000 0.3000000000 2
7.4000000000 0.3000000000 2
7.5000000000 0.3000000000 2
7.6000000000 0.3000000000 2
7.7000000000 0.3000000000 2
7.8000000000 0.3000000000 2
7.9000000000 0.3000000000 2
8.0000000000 0.3000000000 2
8.1000000000 0.3000000000 2
8.2000000000 0.3000000000 2
8.3000000000 0.3000000000 2
8.4000000000 0.3000000000 2
8.5000000000 0.3000000000 2
8.6000000000 0.3000000000 2
8.7000000000 0.3000000000 2
8.8000000000 0.3000000000 2
8.9000000000 0.3000000000 2
9.0000000000 0.3000000000 2
9.1000000000 0.3000000000 2
9.2000000000 0.3000000000 2
9.3000000000 0.3000000000 2
9.4000000000 0.3000000000 2
9.5000000000 0.3000000000 2
9.6000000000 0.3000000000 2
9.7000000000 0.3000000000 2
9.8000000000 0.3000000000 2
9.9000000000 0.3000000000 2
10.0000000000 0.3000000000 2
10.1000000000 0.3000000000 2
10.2000000000 0.3000000000 2
10.3000000000 0.3000000000 2
10.4000000000 0.3000000000 2
10.5000000000 0.3000000000 2
10.6000000000 0.3000000000 2
10.7000000000 0.3000000000 2
10.8000000000 0.3000000000 2
10.9000000000 0.3000000000 2
11.0000000000 0.3000000000 2
11.1000000000 0.3000000000 2
11.2000000000 0.3000000000 2
11.3000000000 0.3000000000 2
11.4000000000 0.3000000000 2
11.5000000000 0.3000000000 2
11.6000000000 0.3000000000 2
11.7000000000 0.3000000000 2
11.8000000000 0.3000000000 2
11.9000000000 0.3000000000 2
12.0000000000 0.3000000000 2
12.1000000000 0.3000000000 2
12.2000000000 0.3000000000 2
12.3000000000 0.3000000000 2
12.4000000000 0.3000000000 2
12.5000000000 0.3000000000 2
12.6000000000 0.3000000000 2
12.7000000000 0.3000000000 2
12.8000000000 0.3000000000 2
12.9000000000 0.3000000000 2
13.0000000000 0.3000000000 2
13.1000000000 0.3000000000 2
13.2000000000 0.3000000000 2
13.3000000000 0.3000000000 2
13.4000000000 0.3000000000 2
13.5000000000 0.3000000000 2
13.6000000000 0.3000000000 2
13.7000000000 0.3000000000 2
13.8000000000 0.3000000000 2
13.9000000000 0.3000000000 2
14.0000000000 0.3000000000 2
14.1000000000 0.3000000000 2
14.2000000000 0.3000000000 2
14.3000000000 0.3000000000 2
14.4000000000 0.3000000000 2
14.5000000000 0.3000000000 2
14.6000000000 0.3000000000 2
14.7000000000 0.3000000000 2
14.8000000000 0.3000000000 2
14.9000000000 0.3000000000 2
15.0000000000 0.3000000000 2
15.1000000000 0.3000000000 2
15.2000000000 0.3000000000 2
15.3000000000 0.3000000000 2
15.4000000000 0.3000000000 2
15.5000000000 0.3000000000 2
15.6000000000 0.3000000000 2
15.7000000000 0.3000000000 2
15.8000000000 0.3000000000 2
15.9000000000 0.3000000000 2
16.0000000000 0.3000000000 2
16.1000000000 0.3000000000 2
16.2000000000 0.3000000000 2
16.3000000000 0.3000000000 2
16.4000000000 0.3000000000 2
16.5000000000 0.3000000000 2
16.6000000000 0.3000000000 2
16.7000000000 0.3000000000 2
16.8000000000 0.3000000000 2
16.9000000000 0.3000000000 2
17.0000000000 0.3000000000 2
17.1000000000 0.3000000000 2
17.2000000000 0.3000000000 2
17.3000000000 0.3000000000 2
17.4000000000 0.3000000000 2
17.5000000000 0.3000000000 2
17.6000000000 0.3000000000 2
17.7000000000 0.3000000000 2
17.8000000000 0.3000000000 2
17.9000000000 0.3000000000 2
18.0000000000 0.3000000000 2
18.1000000000 0.3000000000 2
18.2000000000 0.3000000000 2
18.3000000000 0.3000000000 2
18.4000000000 0.3000000000 2
18.5000000000 0.3000000000 2
18.6000000000 0.3000000000 2
18.7000000000 0.3000000000 2
18.8000000000 0.3000000000 2
18.9000000000 0.3000000000 2
19.0000000000 0.3000000000 2
19.1000000000 0.3000000000 2
19.2000000000 0.3000000000 2
19.3000000000 0.3000000000 2
19.4000000000 0.3000000000 2
19.5000000000 0.3000000000 2
19.6000000000 0.3000000000 2
19.7000000000 0.3000000000 2
19.8000000000 0.3000000000 2
19.9000000000 0.3000000000 2
20.0000000000 0.3000000000 2
20.1000000000 0.3000000000 2
20.2000000000 0.3000000000 2
20.3000000000 0.3000000000 2
20.4000000000 0.3000000000 2
20.5000000000 0.3000000000 2
20.6000000000 0.3000000000 2
20.7000000000 0.3000000000 2
20.8000000000 0.3000000000 2
20.9000000000 0.3000000000 2
21.0000000000 0.3000000000 2
21.1000000000 0.3000000000 2
21.2000000000 0.3000000000 2
21.3000000000 0.3000000000 2
21.4000000000 0.3000000000 2
21.5000000000 0.3000000000 2
21.6000000000 0.3000000000 2
21.7000000000 0.3000000000 2
21.8000000000 0.3000000000 2
21.9000000000 0.3000000000 2
22.0000000000 0.3000000000 2
22.1000000000 0.3000000000 2
22.2000000000 0.3000000000 2
22.3000000000 0.3000000000 2
22.4000000000 0.3000000000 2
22.5000000000 0.3000000000 2
22.6000000000 0.3000000000 2
22.7000000000 0.3000000000 2
22.8000000000 0.3000000000 2
22.9000000000 0.3000000000 2
23.0000000000 0.3000000000 2
23.1000000000 0.3000000000 2
23.2000000000 0.3000000000 2
23.3000000000 0.3000000000 2
23.4000000000 0.3000000000 2
23.5000000000 0.3000000000 2
23.6000000000 0.3000000000 2
23.7000000000 0.3000000000 2
23.8000000000 0.3000000000 2
23.9000000000 0.3000000000 2
24.0000000000 0.3000000000 2
24.1000000000 0.3000000000 2
24.2000000000 0.3000000000 2
24.3000000000 0.3000000000 2
24.4000000000 0.3000000000 2
24.5000000000 0.3000000000 2
24.6000000000 0.3000000000 2
24.7000000000 0.3000000000 2
24.8000000000 0.3000000000 2
24.9000000000 0.3000000000 2
25.0000000000 0.3000000000 2
25.1000000000 0.3000000000 2
25.2000000000 0.3000000000 2
25.3000000000 0.3000000000 2
25.4000000000 0.3000000000 2
25.5000000000 0.3000000000 2
25.6000000000 0.3000000000 2
25.7000000000 0.3000000000 2
25.8000000000 0.3000000000 2
25.9000000000 0.3000000000 2
26.0000000000 0.3000000000 2
26.1000000000 0.3000000000 2
26.2000000000 0.3000000000 2
26.3000000000 0.3000000000 2
26.4000000000 0.3000000000 2
26.5000000000 0.3000000000 2
26.6000000000 0.3000000000 2
26.7000000000 0.3000000000 2
26.8000000000 0.3000000000 2
26.9000000000 0.3000000000 2
27.0000000000 0.3000000000 2
27.1000000000 0.3000000000 2
27.2000000000 0.3000000000 2
27.3000000000 0.3000000000 2
27.4000000000 0.3000000000 2
27.5000000000 0.3000000000 2
27.6000000000 0.3000000000 2
27.7000000000 0.3000000000 2
27.8000000000 0.3000000000 2
27.9000000000 0.3000000000 2
28.0000000000 0.3000000000 2
28.1000000000 0.3000000000 2
28.2000000000 0.3000000000 2
28.3000000000 0.3000000000 2
28.4000000000 0.3000000000 2
28.5000000000 0.3000000000 2
28.6000000000 0.3000000000 2
28.7000000000 0.3000000000 2
28.8000000000 0.3000000000 2
28.9000000000 0.3000000000 2
29.0000000000 0.3000000000 2
29.1000000000 0.3000000000 2
29.2000000000 0.3000000000 2
29.3000000000 0.3000000000 2
29.4000000000 0.3000000000 2
29.5000000000 0.3000000000 2
29.6000000000 0.3000000000 2
29.7000000000 0.3000000000 2
29.8000000000 0.3000000000 2
29.9000000000 0.3000000000 2
30.0000000000 0.3000000000 2
30.1000000000 0.3000000000 2
30.2000000000 0.3000000000 2
30.3000000000 0.3000000000 2
30.4000000000 0.3000000000 2
30.5000000000 0.3000000000 2
30.6000000000 0.3000000000 2
30.7000000000 0.3000000000 2
30.8000000000 0.3000000000 2
30.9000000000 0.3000000000 2
31.0000000000 0.3000000000 2
31.1000000000 0.3000000000 2
31.2000000000 0.3000000000 2
31.3000000000 0.3000000000 2
31.4000000000 0.3000000000 2
31.5000000000 0.3000000000 2
31.6000000000 0.3000000000 2
31.7000000000 0.3000000000 2
31.8000000000 0.3000000000 2
31.9000000000 0.3000000000 2
32.0000000000 0.3000000000 2
32.1000000000 0.3000000000 2
32.2000000000 0.3000000000 2
32.3000000000 0.3000000000 2
32.4000000000 0.3000000000 2
32.5000000000 0.3000000000 2
32.6000000000 0.3000000000 2
32.7000000000 0.3000000000 2
32.8000000000 0.3000000000 2
32.9000000000 0.3000000000 2
33.0000000000 0.3000000000 2
33.1000000000 0.3000000000 2
33.2000000000 0.3000000000 2
33.3000000000 0.3000000000 2
33.4000000000 0.3000000000 2
33.5000000000 0.3000000000 2
33.6000000000 0.3000000000 2
33.7000000000 0.3000000000 2
33.8000000000 0.3000000000 2
33.9000000000 0.3000000000 2
34.0000000000 0.3000000000 2
34.1000000000 0.3000000000 2
34.2000000000 0.3000000000 2
34.3000000000 0.3000000000 2
34.4000000000 0.3000000000 2
34.5000000000 0.3000000000 2
34.6000000000 0.3000000000 2
34.7000000000 0.3000000000 2
34.8000000000 0.3000000000 2
34.9000000000 0.3000000000 2
35.0000000000 0.3000000000 2
35.1000000000 0.3000000000 2
35.2000000000 0.3000000000 2
35.3000000000 0.3000000000 2
35.4000000000 0.3000000000 2
35.5000000000 0.3000000000 2
35.6000000000 0.3000000000 2
35.7000000000 0.3000000000 2
35.8000000000 0.3000000000 2
35.9000000000 0.3000000000 2
36.0000000000 0.3000000000 2
36.1000000000 0.3000000000 2
36.2000000000 0.3000000000 2
36.3000000000 0.3000000000 2
36.4000000000 0.3000000000 2
36.5000000000 0.3000000000 2
36.6000000000 0.3000000000 2
36.7000000000 0.3000000000 2
36.8000000000 0.3000000000 2
36.9000000000 0.3000000000 2
37.0000000000 0.3000000000 2
37.1000000000 0.3000000000 2
37.2000000000 0.3000000000 2
37.3000000000 0.3000000000 2
37.4000000000 0.3000000000 2
37.5000000000 0.3000000000 2
37.6000000000 0.3000000000 2
37.7000000000 0.3000000000 2
37.8000000000 0.3000000000 2
37.9000000000 0.3000000000 2
38.0000000000 0.3000000000 2
38.1000000000 0.3000000000 2
38.2000000000 0.3000000000 2
38.3000000000 0.3000000000 2
38.4000000000 0.3000000000 2
38.5000000000 0.3000000000 2
38.6000000000 0.3000000000 2
38.7000000000 0.3000000000 2
38.8000000000 0.3000000000 2
38.9000000000 0.3000000000 2
39.0000000000 0.3000000000 2
39.1000000000 0.3000000000 2
39.2000000000 0.3000000000 2
39.3000000000 0.3000000000 2
39.4000000000 0.3000000000 2
39.5000000000 0.3000000000 2
39.6000000000 0.3000000000 2
39.7000000000 0.3000000000 2
39.8000000000 0.3000000000 2
39.9000000000 0.3000000000 2
40.0000000000 0.3000000000 2
40.1000000000 0.3000000000 4
40.2000000000 0.3000000000 4
40.3000000000 0.3000000000 4
40.4000000000 0.3000000000 4
40.5000000000 0.3000000000 4
40.6000000000 0.3000000000 4
40.7000000000 0.3000000000 4
40.8000000000 0.3000000000 4
40.9000000000 0.3000000000 4
41.0000000000 0.3000000000 4
41.1000000000 0.3000000000 4
41.2000000000 0.3000000000 4
41.3000000000 0.3000000000 4
41.4000000000 0.3000000000 4
41.5000000000 0.3000000000 4
41.6000000000 0.3000000000 4
41.7000000000 0.3000000000 4
41.8000000000 0.3000000000 4
41.9000000000 0.3000000000 4
42.0000000000 0.3000000000 4
42.1000000000 0.3000000000 4
42.2000000000 0.3000000000 4
42.3000000000 0.3000000000 4
42.4000000000 0.3000000000 4
42.5000000000 0.3000000000 4
42.6000000000 0.3000000000 4
42.7000000000 0.3000000000 4
42.8000000000 0.3000000000 4
42.9000000000 0.3000000000 4
43.0000000000 0.3000000000 4
43.1000000000 0.3000000000 4
43.2000000000 0.3000000000 4
43.3000000000 0.3000000000 4
43.4000000000 0.3000000000 4
43.5000000000 0.3000000000 4
43.6000000000 0.3000000000 4
43.7000000000 0.3000000000 4
43.8000000000 0.3000000000 4
43.9000000000 0.3000000000 4
44.0000000000 0.3000000000 4
44.1000000000 0.3000000000 4
44.2000000000 0.3000000000 4
44.3000000000 0.3000000000 4
44.4000000000 0.3000000000 4
44.5000000000 0.3000000000 4
44.6000000000 0.3000000000 4
44.7000000000 0.3000000000 4
44.8000000000 0.3000000000 4
44.9000000000 0.3000000000 4
45.0000000000 0.3000000000 4
45.1000000000 0.3000000000 4
45.2000000000 0.3000000000 4
45.3000000000 0.3000000000 4
45.4000000000 0.3000000000 4
45.5000000000 0.3000000000 4
45.6000000000 0.3000000000 4
45.7000000000 0.3000000000 4
45.8000000000 0.3000000000 4
45.9000000000 0.3000000000 4
46.0000000000 0.3000000000 4
46.1000000000 0.3000000000 4
46.2000000000 0.3000000000 4
46.3000000000 0.3000000000 4
46.4000000000 0.3000000000 4
46.5000000000 0.3000000000 4
46.6000000000 0.3000000000 4
46.7000000000 0.3000000000 4
46.8000000000 0.3000000000 4
46.9000000000 0.3000000000 4
47.0000000000 0.3000000000 4
47.1000000000 0.3000000000 4
47.2000000000 0.3000000000 4
47.3000000000 0.3000000000 4
47.4000000000 0.3000000000 4
47.5000000000 0.3000000000 4
47.6000000000 0.3000000000 4
47.7000000000 0.3000000000 4
47.8000000000 0.3000000000 4
47.9000000000 0.3000000000 4
48.0000000000 0.3000000000 4
48.1000000000 0.3000000000 4
48.2000000000 0.3000000000 4
48.3000000000 0.3000000000 4
48.4000000000 0.3000000000 4
48.5000000000 0.3000000000 4
48.6000000000 0.3000000000 4
48.7000000000 0.3000000000 4
48.8000000000 0.3000000000 4
48.9000000000 0.3000000000 4
49.0000000000 0.3000000000 4
49.1000000000 0.3000000000 4
49.2000000000 0.3000000000 4
49.3000000000 0.3000000000 4
49.4000000000 0.3000000000 4
49.5000000000 0.3000000000 4
49.6000000000 0.3000000000 4
49.7000000000 0.3000000000 4
49.8000000000 0.3000000000 4
49.9000000000 0.3000000000 4
50.0000000000 0.3000000000 4
50.1000000000 0.3000000000 4
50.2000000000 0.3000000000 4
50.3000000000 0.3000000000 4
50.4000000000 0.3000000000 4
50.5000000000 0.3000000000 4
50.6000000000 0.3000000000 4
50.7000000000 0.3000000000 4
50.8000000000 0.3000000000 4
50.9000000000 0.3000000000 4
51.0000000000 0.3000000000 4
51.1000000000 0.3000000000 4
51.2000000000 0.3000000000 4
51.3000000000 0.3000000000 4
51.4000000000 0.3000000000 4
51.5000000000 0.3000000000 4
51.6000000000 0.3000000000 4
51.7000000000 0.3000000000 4
51.8000000000 0.3000000000 4
51.9000000000 0.3000000000 4
52.0000000000 0.3000000000 4
52.1000000000 0.3000000000 4
52.2000000000 0.3000000000 4
52.3000000000 0.3000000000 4
52.4000000000 0.3000000000 4
52.5000000000 0.3000000000 4
52.6000000000 0.3000000000 4
52.7000000000 0.3000000000 4
52.8000000000 0.3000000000 4
52.9000000000 0.3000000000 4
53.0000000000 0.3000000000 4
53.1000000000 0.3000000000 4
53.2000000000 0.3000000000 4
53.3000000000 0.3000000000 4
53.4000000000 0.3000000000 4
53.5000000000 0.3000000000 4
53.6000000000 0.3000000000 4
53.7000000000 0.3000000000 4
53.8000000000 0.3000000000 4
53.9000000000 0.3000000000 4
54.0000000000 0.3000000000 4
54.1000000000 0.3000000000 4
54.2000000000 0.3000000000 4
54.3000000000 0.3000000000 4
54.4000000000 0.3000000000 4
54.5000000000 0.3000000000 4
54.6000000000 0.3000000000 4
54.7000000000 0.3000000000 4
54.8000000000 0.3000000000 4
54.9000000000 0.3000000000 4
55.0000000000 0.3000000000 4
55.1000000000 0.3000000000 4
55.2000000000 0.3000000000 4
55.3000000000 0.3000000000 4
55.4000000000 0.3000000000 4
55.5000000000 0.3000000000 4
55.6000000000 0.3000000000 4
55.7000000000 0.3000000000 4
55.8000000000 0.3000000000 4
55.9000000000 0.3000000000 4
56.0000000000 0.3000000000 4
56.1000000000 0.3000000000 4
56.2000000000 0.3000000000 4
56.3000000000 0.3000000000 4
56.4000000000 0.3000000000 4
56.5000000000 0.3000000000 4
56.6000000000 0.3000000000 4
56.7000000000 0.3000000000 4
56.8000000000 0.3000000000 4
56.9000000000 0.3000000000 4
57.0000000000 0.3000000000 4
57.1000000000 0.3000000000 4
57.2000000000 0.3000000000 4
57.3000000000 0.3000000000 4
57.4000000000 0.3000000000 4
57.5000000000 0.3000000000 4
57.6000000000 0.3000000000 4
57.7000000000 0.3000000000 4
57.8000000000 0.3000000000 4
57.9000000000 0.3000000000 4
58.0000000000 0.3000000000 4
58.1000000000 0.3000000000 4
58.2000000000 0.3000000000 4
58.3000000000 0.3000000000 4
58.4000000000 0.3000000000 4
58.5000000000 0.3000000000 4
58.6000000000 0.3000000000 4
58.7000000000 0.3000000000 4
58.8000000000 0.3000000000 4
58.9000000000 0.3000000000 4
59.0000000000 0.3000000000 4
59.1000000000 0.3000000000 4
59.2000000000 0.3000000000 4
59.3000000000 0.3000000000 4
59.4000000000 0.3000000000 4
59.5000000000 0.3000000000 4
59.6000000000 0.3000000000 4
59.7000000000 0.3000000000 4
59.8000000000 0.3000000000 4
59.9000000000 0.3000000000 4
60.0000000000 0.3000000000 4
60.1000000000 0.3000000000 4
60.2000000000 0.3000000000 4
60.3000000000 0.3000000000 4
60.4000000000 0.3000000000 4
60.5000000000 0.3000000000 4
60.6000000000 0.3000000000 4
60.7000000000 0.3000000000 4
60.8000000000 0.3000000000 4
60.9000000000 0.3000000000 4
61.0000000000 0.3000000000 4
61.1000000000 0.3000000000 4
61.2000000000 0.3000000000 4
61.3000000000 0.3000000000 4
61.4000000000 0.3000000000 4
61.5000000000 0.3000000000 4
61.6000000000 0.3000000000 4
61.7000000000 0.3000000000 4
61.8000000000 0.3000000000 4
61.9000000000 0.3000000000 4
62.0000000000 0.3000000000 4
62.1000000000 0.3000000000 4
62.2000000000 0.3000000000 4
62.3000000000 0.3000000000 4
62.4000000000 0.3000000000 4
62.5000000000 0.3000000000 4
62.6000000000 0.3000000000 4
62.7000000000 0.3000000000 4
62.8000000000 0.3000000000 4
62.9000000000 0.3000000000 4
63.0000000000 0.3000000000 4
63.1000000000 0.3000000000 4
63.2000000000 0.3000000000 4
63.3000000000 0.3000000000 4
63.4000000000 0.3000000000 4
63.5000000000 0.3000000000 4
63.6000000000 0.3000000000 4
63.7000000000 0.3000000000 4
63.8000000000 0.3000000000 4
63.9000000000 0.3000000000 4
64.0000000000 0.3000000000 4
64.1000000000 0.3000000000 4
64.2000000000 0.3000000000 4
64.3000000000 0.3000000000 4
64.4000000000 0.3000000000 4
64.5000000000 0.3000000000 4
64.6000000000 0.3000000000 4
64.7000000000 0.3000000000 4
64.8000000000 0.3000000000 4
64.9000000000 0.3000000000 4
65.0000000000 0.3000000000 4
65.1000000000 0.3000000000 4
65.2000000000 0.3000000000 4
65.3000000000 0.3000000000 4
65.4000000000 0.3000000000 4
65.5000000000 0.3000000000 4
65.6000000000 0.3000000000 4
65.7000000000 0.3000000000 4
65.8000000000 0.3000000000 4
65.9000000000 0.3000000000 4
66.0000000000 0.3000000000 4
66.1000000000 0.3000000000 4
66.2000000000 0.3000000000 4
66.3000000000 0.3000000000 4
66.4000000000 0.3000000000 4
66.5000000000 0.3000000000 4
66.6000000000 0.3000000000 4
66.7000000000 0.3000000000 4
66.8000000000 0.3000000000 4
66.9000000000 0.3000000000 4
67.0000000000 0.3000000000 4
67.1000000000 0.3000000000 4
67.2000000000 0.3000000000 4
67.3000000000 0.3000000000 4
67.4000000000 0.3000000000 4
67.5000000000 0.3000000000 4
67.6000000000 0.3000000000 4
67.7000000000 0.3000000000 4
67.8000000000 0.3000000000 4
67.9000000000 0.3000000000 4
68.0000000000 0.3000000000 4
68.1000000000 0.3000000000 4
68.2000000000 0.3000000000 4
68.3000000000 0.3000000000 4
68.4000000000 0.3000000000 4
68.5000000000 0.3000000000 4
68.6000000000 0.3000000000 4
68.7000000000 0.3000000000 4
68.8000000000 0.3000000000 4
68.9000000000 0.3000000000 4
69.0000000000 0.3000000000 4
69.1000000000 0.3000000000 4
69.2000000000 0.3000000000 4
69.3000000000 0.3000000000 4
69.4000000000 0.3000000000 4
69.5000000000 0.3000000000 4
69.6000000000 0.3000000000 4
69.7000000000 0.3000000000 4
69.8000000000 0.3000000000 4
69.9000000000 0.3000000000 4
70.0000000000 0.3000000000 4
70.1000000000 0.3000000000 4
70.2000000000 0.3000000000 4
70.3000000000 0.3000000000 4
70.4000000000 0.3000000000 4
70.5000000000 0.3000000000 4
70.6000000000 0.3000000000 4
70.7000000000 0.3000000000 4
70.8000000000 0.3000000000 4
70.9000000000 0.3000000000 4
71.0000000000 0.3000000000 4
71.1000000000 0.3000000000 4
71.2000000000 0.3000000000 4
71.3000000000 0.3000000000 4
71.4000000000 0.3000000000 4
71.5000000000 0.3000000000 4
71.6000000000 0.3000000000 4
71.7000000000 0.3000000000 4
71.8000000000 0.3000000000 4
71.9000000000 0.3000000000 4
72.0000000000 0.3000000000 4
72.1000000000 0.3000000000 4
72.2000000000 0.3000000000 4
72.3000000000 0.3000000000 4
72.4000000000 0.3000000000 4
72.5000000000 0.3000000000 4
72.6000000000 0.3000000000 4
72.7000000000 0.3000000000 4
72.8000000000 0.3000000000 4
72.9000000000 0.3000000000 4
73.0000000000 0.3000000000 4
73.1000000000 0.3000000000 4
73.2000000000 0.3000000000 4
73.3000000000 0.3000000000 4
73.4000000000 0.3000000000 4
73.5000000000 0.3000000000 4
73.6000000000 0.3000000000 4
73.7000000000 0.3000000000 4
73.8000000000 0.3000000000 4
73.9000000000 0.3000000000 4
74.0000000000 0.3000000000 4
74.1000000000 0.3000000000 4
74.2000000000 0.3000000000 4
74.3000000000 0.3000000000 4
74.4000000000 0.3000000000 4
74.5000000000 0.3000000000 4
74.6000000000 0.3000000000 4
74.7000000000 0.3000000000 4
74.8000000000 0.3000000000 4
74.9000000000 0.3000000000 4
75.0000000000 0.3000000000 4
75.1000000000 0.3000000000 4
75.2000000000 0.3000000000 4
75.3000000000 0.3000000000 4
75.4000000000 0.3000000000 4
75.5000000000 0.3000000000 4
75.6000000000 0.3000000000 4
75.7000000000 0.3000000000 4
75.8000000000 0.3000000000 4
75.9000000000 0.3000000000 4
76.0000000000 0.3000000000 4
76.1000000000 0.3000000000 4
76.2000000000 0.3000000000 4
76.3000000000 0.3000000000 4
76.4000000000 0.3000000000 4
76.5000000000 0.3000000000 4
76.6000000000 0.3000000000 4
76.7000000000 0.3000000000 4
76.8000000000 0.3000000000 4
76.9000000000 0.3000000000 4
77.0000000000 0.3000000000 4
77.1000000000 0.3000000000 4
77.2000000000 0.3000000000 4
77.3000000000 0.3000000000 4
77.4000000000 0.3000000000 4
77.5000000000 0.3000000000 4
77.6000000000 0.3000000000 4
77.7000000000 0.3000000000 4
77.8000000000 0.3000000000 4
77.9000000000 0.3000000000 4
78.0000000000 0.3000000000 4
78.1000000000 0.3000000000 4
78.2000000000 0.3000000000 4
78.3000000000 0.3000000000 4
78.4000000000 0.3000000000 4
78.5000000000 0.3000000000 4
78.6000000000 0.3000000000 4
78.7000000000 0.3000000000 4
78.8000000000 0.3000000000 4
78.9000000000 0.3000000000 4
79.0000000000 0.3000000000 4
79.1000000000 0.3000000000 4
79.2000000000 0.3000000000 4
79.3000000000 0.3000000000 4
79.4000000000 0.3000000000 4
79.5000000000 0.3000000000 4
79.6000000000 0.3000000000 4
79.7000000000 0.3000000000 4
79.8000000000 0.3000000000 4
79.9000000000 0.3000000000 4
80.0000000000 0.3000000000 4
80.1000000000 0.3000000000 2
80.2000000000 0.3000000000 2
80.3000000000 0.3000000000 2
80.4000000000 0.3000000000 2
80.5000000000 0.3000000000 2
80.6000000000 0.3000000000 2
80.7000000000 0.3000000000 2
80.8000000000 0.3000000000 2
80.9000000000 0.3000000000 2
81.0000000000 0.3000000000 2
81.1000000000 0.3000000000 2
81.2000000000 0.3000000000 2
81.3000000000 0.3000000000 2
81.4000000000 0.3000000000 2
81.5000000000 0.3000000000 2
81.6000000000 0.3000000000 2
81.7000000000 0.3000000000 2
81.8000000000 0.3000000000 2
81.9000000000 0.3000000000 2
82.0000000000 0.3000000000 2
82.1000000000 0.3000000000 2
82.2000000000 0.3000000000 2
82.3000000000 0.3000000000 2
82.4000000000 0.3000000000 2
82.5000000000 0.3000000000 2
82.6000000000 0.3000000000 2
82.7000000000 0.3000000000 2
82.8000000000 0.3000000000 2
82.9000000000 0.3000000000 2
83.0000000000 0.3000000000 2
83.1000000000 0.3000000000 2
83.2000000000 0.3000000000 2
83.3000000000 0.3000000000 2
83.4000000000 0.3000000000 2
83.5000000000 0.3000000000 2
83.6000000000 0.3000000000 2
83.7000000000 0.3000000000 2
83.8000000000 0.3000000000 2
83.9000000000 0.3000000000 2
84.0000000000 0.3000000000 2
84.1000000000 0.3000000000 2
84.2000000000 0.3000000000 2
84.3000000000 0.3000000000 2
84.4000000000 0.3000000000 2
84.5000000000 0.3000000000 2
84.6000000000 0.3000000000 2
84.7000000000 0.3000000000 2
84.8000000000 0.3000000000 2
84.9000000000 0.3000000000 2
85.0000000000 0.3000000000 2
85.1000000000 0.3000000000 2
85.2000000000 0.3000000000 2
85.3000000000 0.3000000000 2
85.4000000000 0.3000000000 2
85.5000000000 0.3000000000 2
85.6000000000 0.3000000000 2
85.7000000000 0.3000000000 2
85.8000000000 0.3000000000 2
85.9000000000 0.3000000000 2
86.0000000000 0.3000000000 2
86.1000000000 0.3000000000 2
86.2000000000 0.3000000000 2
86.3000000000 0.3000000000 2
86.4000000000 0.3000000000 2
86.5000000000 0.3000000000 2
86.6000000000 0.3000000000 2
86.7000000000 0.3000000000 2
86.8000000000 0.3000000000 2
86.9000000000 0.3000000000 2
87.0000000000 0.3000000000 2
87.1000000000 0.3000000000 2
87.2000000000 0.3000000000 2
87.3000000000 0.3000000000 2
87.4000000000 0.3000000000 2
87.5000000000 0.3000000000 2
87.6000000000 0.3000000000 2
87.7000000000 0.3000000000 2
87.8000000000 0.3000000000 2
87.9000000000 0.3000000000 2
88.0000000000 0.3000000000 2
88.1000000000 0.3000000000 2
88.2000000000 0.3000000000 2
88.3000000000 0.3000000000 2
88.4000000000 0.3000000000 2
88.5000000000 0.3000000000 2
88.6000000000 0.3000000000 2
88.7000000000 0.3000000000 2
88.8000000000 0.3000000000 2
88.9000000000 0.3000000000 2
89.0000000000 0.3000000000 2
89.1000000000 0.3000000000 2
89.2000000000 0.3000000000 2
89.3000000000 0.3000000000 2
89.4000000000 0.3000000000 2
89.5000000000 0.3000000000 2
89.6000000000 0.3000000000 2
89.7000000000 0.3000000000 2
89.8000000000 0.3000000000 2
89.9000000000 0.3000000000 2
90.0000000000 0.3000000000 2
90.1000000000 0.3000000000 2
90.2000000000 0.3000000000 2
90.3000000000 0.3000000000 2
90.4000000000 0.3000000000 2
90.5000000000 0.3000000000 2
90.6000000000 0.3000000000 2
90.7000000000 0.3000000000 2
90.8000000000 0.3000000000 2
90.9000000000 0.3000000000 2
91.0000000000 0.3000000000 2
91.1000000000 0.3000000000 2
91.2000000000 0.3000000000 2
91.3000000000 0.3000000000 2
91.4000000000 0.3000000000 2
91.5000000000 0.3000000000 2
91.6000000000 0.3000000000 2
91.7000000000 0.3000000000 2
91.8000000000 0.3000000000 2
91.9000000000 0.3000000000 2
92.0000000000 0.3000000000 2
92.1000000000 0.3000000000 2
92.2000000000 0.3000000000 2
92.3000000000 0.3000000000 2
92.4000000000 0.3000000000 2
92.5000000000 0.3000000000 2
92.6000000000 0.3000000000 2
92.7000000000 0.3000000000 2
92.8000000000 0.3000000000 2
92.9000000000 0.3000000000 2
93.0000000000 0.3000000000 2
93.1000000000 0.3000000000 2
93.2000000000 0.3000000000 2
93.3000000000 0.3000000000 2
93.4000000000 0.3000000000 2
93.5000000000 0.3000000000 2
93.6000000000 0.3000000000 2
93.7000000000 0.3000000000 2
93.8000000000 0.3000000000 2
93.9000000000 0.3000000000 2
94.0000000000 0.3000000000 2
94.1000000000 0.3000000000 2
94.2000000000 0.3000000000 2
94.3000000000 0.3000000000 2
94.4000000000 0.3000000000 2
94.5000000000 0.3000000000 2
94.6000000000 0.3000000000 2
94.7000000000 0.3000000000 2
94.8000000000 0.3000000000 2
94.9000000000 0.3000000000 2
95.0000000000 0.3000000000 2
95.1000000000 0.3000000000 2
95.2000000000 0.3000000000 2
95.3000000000 0.3000000000 2
95.4000000000 0.3000000000 2
95.5000000000 0.3000000000 2
95.6000000000 0.3000000000 2
95.7000000000 0.3000000000 2
95.8000000000 0.3000000000 2
95.9000000000 0.3000000000 2
96.0000000000 0.3000000000 2
96.1000000000 0.3000000000 2
96.2000000000 0.3000000000 2
96.3000000000 0.3000000000 2
96.4000000000 0.3000000000 2
96.5000000000 0.3000000000 2
96.6000000000 0.3000000000 2
96.7000000000 0.3000000000 2
96.8000000000 0.3000000000 2
96.9000000000 0.3000000000 2
97.0000000000 0.3000000000 2
97.1000000000 0.3000000000 2
97.2000000000 0.3000000000 2
97.3000000000 0.3000000000 2
97.4000000000 0.3000000000 2
97.5000000000 0.3000000000 2
97.6000000000 0.3000000000 2
97.7000000000 0.3000000000 2
97.8000000000 0.3000000000 2
97.9000000000 0.3000000000 2
98.0000000000 0.3000000000 2
98.1000000000 0.3000000000 2
98.2000000000 0.3000000000 2
98.3000000000 0.3000000000 2
98.4000000000 0.3000000000 2
98.5000000000 0.3000000000 2
98.6000000000 0.3000000000 2
98.7000000000 0.3000000000 2
98.8000000000 0.3000000000 2
98.9000000000 0.3000000000 2
99.0000000000 0.3000000000 2
99.1000000000 0.3000000000 2
99.2000000000 0.3000000000 2
99.3000000000 0.3000000000 2
99.4000000000 0.3000000000 2
99.5000000000 0.3000000000 2
99.6000000000 0.3000000000 2
99.7000000000 0.3000000000 2
99.8000000000 0.3000000000 2
99.9000000000 0.3000000000 2
100.0000000000 0.3000000000 2
100.1000000000 0.3000000000 2
100.2000000000 0.3000000000 2
100.3000000000 0.3000000000 2
100.4000000000 0.3000000000 2
100.5000000000 0.3000000000 2
100.6000000000 0.3000000000 2
100.7000000000 0.3000000000 2
100.8000000000 0.3000000000 2
100.9000000000 0.3000000000 2
101.0000000000 0.3000000000 2
101.1000000000 0.3000000000 2
101.2000000000 0.3000000000 2
101.3000000000 0.3000000000 2
101.4000000000 0.3000000000 2
101.5000000000 0.3000000000 2
101.6000000000 0.3000000000 2
101.7000000000 0.3000000000 2
101.8000000000 0.3000000000 2
101.9000000000 0.3000000000 2
102.0000000000 0.3000000000 2
102.1000000000 0.3000000000 2
102.2000000000 0.3000000000 2
102.3000000000 0.3000000000 2
102.4000000000 0.3000000000 2
102.5000000000 0.3000000000 2
102.6000000000 0.3000000000 2
102.7000000000 0.3000000000 2
102.8000000000 0.3000000000 2
102.9000000000 0.3000000000 2
103.0000000000 0.3000000000 2
103.1000000000 0.3000000000 2
103.2000000000 0.3000000000 2
103.3000000000 0.3000000000 2
103.4000000000 0.3000000000 2
103.5000000000 0.3000000000 2
103.6000000000 0.3000000000 2
103.7000000000 0.3000000000 2
103.8000000000 0.3000000000 2
103.9000000000 0.3000000000 2
104.0000000000 0.3000000000 2
104.1000000000 0.3000000000 2
104.2000000000 0.3000000000 2
104.3000000000 0.3000000000 2
104.4000000000 0.3000000000 2
104.5000000000 0.3000000000 2
104.6000000000 0.3000000000 2
104.7000000000 0.3000000000 2
104.8000000000 0.3000000000 2
104.9000000000 0.3000000000 2
105.0000000000 0.3000000000 2
105.1000000000 0.3000000000 2
105.2000000000 0.3000000000 2
105.3000000000 0.3000000000 2
105.4000000000 0.3000000000 2
105.5000000000 0.3000000000 2
105.6000000000 0.3000000000 2
105.7000000000 0.3000000000 2
105.8000000000 0.3000000000 2
105.9000000000 0.3000000000 2
106.0000000000 0.3000000000 2
106.1000000000 0.3000000000 2
106.2000000000 0.3000000000 2
106.3000000000 0.3000000000 2
106.4000000000 0.3000000000 2
106.5000000000 0.3000000000 2
106.6000000000 0.3000000000 2
106.7000000000 0.3000000000 2
106.8000000000 0.3000000000 2
106.9000000000 0.3000000000 2
107.0000000000 0.3000000000 2
107.1000000000 0.3000000000 2
107.2000000000 0.3000000000 2
107.3000000000 0.3000000000 2
107.4000000000 0.3000000000 2
107.5000000000 0.3000000000 2
107.6000000000 0.3000000000 2
107.7000000000 0.3000000000 2
107.8000000000 0.3000000000 2
107.9000000000 0.3000000000 2
108.0000000000 0.3000000000 2
108.1000000000 0.3000000000 2
108.2000000000 0.3000000000 2
108.3000000000 0.3000000000 2
108.4000000000 0.3000000000 2
108.5000000000 0.3000000000 2
108.6000000000 0.3000000000 2
108.7000000000 0.3000000000 2
108.8000000000 0.3000000000 2
108.9000000000 0.3000000000 2
109.0000000000 0.3000000000 2
109.1000000000 0.3000000000 2
109.2000000000 0.3000000000 2
109.3000000000 0.3000000000 2
109.4000000000 0.3000000000 2
109.5000000000 0.3000000000 2
109.6000000000 0.3000000000 2
109.7000000000 0.3000000000 2
109.8000000000 0.3000000000 2
109.9000000000 0.3000000000 2
110.0000000000 0.3000000000 2
110.1000000000 0.3000000000 2
110.2000000000 0.3000000000 2
110.3000000000 0.3000000000 2
110.4000000000 0.3000000000 2
110.5000000000 0.3000000000 2
110.6000000000 0.3000000000 2
110.7000000000 0.3000000000 2
110.8000000000 0.3000000000 2
110.9000000000 0.3000000000 2
111.0000000000 0.3000000000 2
111.1000000000 0.3000000000 2
111.2000000000 0.3000000000 2
111.3000000000 0.3000000000 2
111.4000000000 0.3000000000 2
111.5000000000 0.3000000000 2
111.6000000000 0.3000000000 2
111.7000000000 0.3000000000 2
111.8000000000 0.3000000000 2
111.9000000000 0.3000000000 2
112.0000000000 0.3000000000 2
112.1000000000 0.3000000000 2
112.2000000000 0.3000000000 2
112.3000000000 0.3000000000 2
112.4000000000 0.3000000000 2
112.5000000000 0.3000000000 2
112.6000000000 0.3000000000 2
112.7000000000 0.3000000000 2
112.8000000000 0.3000000000 2
112.9000000000 0.3000000000 2
113.0000000000 0.3000000000 2
113.1000000000 0.3000000000 2
113.2000000000 0.3000000000 2
113.3000000000 0.3000000000 2
113.4000000000 0.3000000000 2
113.5000000000 0.3000000000 2
113.6000000000 0.3000000000 2
113.7000000000 0.3000000000 2
113.8000000000 0.3000000000 2
113.9000000000 0.3000000000 2
114.0000000000 0.3000000000 2
114.1000000000 0.3000000000 2
114.2000000000 0.3000000000 2
114.3000000000 0.3000000000 2
114.4000000000 0.3000000000 2
114.5000000000 0.3000000000 2
114.6000000000 0.3000000000 2
114.7000000000 0.3000000000 2
114.8000000000 0.3000000000 2
114.9000000000 0.3000000000 2
115.0000000000 0.3000000000 2
115.1000000000 0.3000000000 2
115.2000000000 0.3000000000 2
115.3000000000 0.3000000000 2
115.4000000000 0.3000000000 2
115.5000000000 0.3000000000 2
115.6000000000 0.3000000000 2
115.7000000000 0.3000000000 2
115.8000000000 0.3000000000 2
115.9000000000 0.3000000000 2
116.0000000000 0.3000000000 2
116.1000000000 0.3000000000 2
116.2000000000 0.3000000000 2
116.3000000000 0.3000000000 2
116.4000000000 0.3000000000 2
116.5000000000 0.3000000000 2
116.6000000000 0.3000000000 2
116.7000000000 0.3000000000 2
116.8000000000 0.3000000000 2
116.9000000000 0.3000000000 2
117.0000000000 0.3000000000 2
117.1000000000 0.3000000000 2
117.2000000000 0.3000000000 2
117.3000000000 0.3000000000 2
117.4000000000 0.3000000000 2
117.5000000000 0.3000000000 2
117.6000000000 0.3000000000 2
117.7000000000 0.3000000000 2
117.8000000000 0.3000000000 2
117.9000000000 0.3000000000 2
118.0000000000 0.3000000000 2
118.1000000000 0.3000000000 2
118.2000000000 0.3000000000 2
118.3000000000 0.3000000000 2
118.4000000000 0.3000000000 2
118.5000000000 0.3000000000 2
118.6000000000 0.3000000000 2
118.7000000000 0.3000000000 2
118.8000000000 0.3000000000 2
118.9000000000 0.3000000000 2
119.0000000000 0.3000000000 2
119.1000000000 0.3000000000 2
119.2000000000 0.3000000000 2
119.3000000000 0.3000000000 2
119.4000000000 0.3000000000 2
119.5000000000 0.3000000000 2
119.6000000000 0.3000000000 2
119.7000000000 0.3000000000 2
119.8000000000 0.3000000000 2
119.9000000000 0.3000000000 2
120.0000000000 0.3000000000 2
