30.0	40.0	0.0747559912	30.800
30.0	41.0	0.0716359555	30.600
30.0	42.0	0.0719132429	30.500
30.0	43.0	0.0686953035	30.300
30.0	44.0	0.0687242071	30.100
30.0	45.0	0.0692846211	29.900
30.0	46.0	0.0689130551	29.800
30.0	47.0	0.0689808657	29.500
30.0	48.0	0.0680436113	29.300
30.0	49.0	0.0692766438	29.100
30.0	50.0	0.0703614872	28.800
30.0	51.0	0.0732101393	28.500
30.0	52.0	0.0755729562	28.200
30.0	53.0	0.0809710497	27.900
30.0	54.0	0.0856317688	27.400
30.0	55.0	0.0904320941	27.000
30.0	56.0	0.1065629808	27.000
30.0	57.0	0.1223602098	27.000
30.0	58.0	0.1377743185	27.000
30.0	59.0	0.1527570440	27.000
30.0	60.0	0.1654192569	28.900
31.0	40.0	0.0682675774	30.800
31.0	41.0	0.0680665955	30.700
31.0	42.0	0.0647043158	30.500
31.0	43.0	0.0634514687	30.400
31.0	44.0	0.0620398393	30.200
31.0	45.0	0.0613718372	30.100
31.0	46.0	0.0592166984	29.900
31.0	47.0	0.0588253869	29.700
31.0	48.0	0.0590356999	29.500
31.0	49.0	0.0591077293	29.300
31.0	50.0	0.0612900615	29.100
31.0	51.0	0.0620810515	28.800
31.0	52.0	0.0654104291	28.500
31.0	53.0	0.0677707776	28.200
31.0	54.0	0.0733396155	27.900
31.0	55.0	0.0787216100	27.500
31.0	56.0	0.0845036667	27.000
31.0	57.0	0.0997067950	27.000
31.0	58.0	0.1145977328	27.000
31.0	59.0	0.1291298553	27.000
31.0	60.0	0.1413118863	28.600
32.0	40.0	0.0628026249	30.800
32.0	41.0	0.0599817182	30.700
32.0	42.0	0.0587224329	30.600
32.0	43.0	0.0578212433	30.500
32.0	44.0	0.0550473103	30.300
32.0	45.0	0.0527265258	30.200
32.0	46.0	0.0530039158	30.000
32.0	47.0	0.0505905124	29.900
32.0	48.0	0.0494768935	29.700
32.0	49.0	0.0502781241	29.500
32.0	50.0	0.0504893438	29.300
32.0	51.0	0.0507846583	29.100
32.0	52.0	0.0537844555	28.900
32.0	53.0	0.0558503732	28.600
32.0	54.0	0.0596860791	28.300
32.0	55.0	0.0636368836	27.900
32.0	56.0	0.0697661881	27.500
32.0	57.0	0.0767411897	27.000
32.0	58.0	0.0910623318	27.000
32.0	59.0	0.1050983499	27.000
32.0	60.0	0.1167867921	28.400
33.0	40.0	0.0591783310	30.800
33.0	41.0	0.0566072320	30.700
33.0	42.0	0.0538635913	30.600
33.0	43.0	0.0509296533	30.500
33.0	44.0	0.0477883146	30.400
33.0	45.0	0.0444232045	30.300
33.0	46.0	0.0428247397	30.200
33.0	47.0	0.0424542077	30.100
33.0	48.0	0.0394536016	29.900
33.0	49.0	0.0401794433	29.800
33.0	50.0	0.0389417365	29.600
33.0	51.0	0.0389256036	29.400
33.0	52.0	0.0401495345	29.200
33.0	53.0	0.0426230074	29.000
33.0	54.0	0.0447076282	28.700
33.0	55.0	0.0486124198	28.400
33.0	56.0	0.0531652104	28.000
33.0	57.0	0.0599332892	27.600
33.0	58.0	0.0680514047	27.100
33.0	59.0	0.0807377727	27.000
33.0	60.0	0.0922909414	28.200
34.0	40.0	0.0531340868	30.900
34.0	41.0	0.0485740207	30.800
34.0	42.0	0.0445785467	30.700
34.0	43.0	0.0425399984	30.600
34.0	44.0	0.0403055170	30.500
34.0	45.0	0.0378568242	30.400
34.0	46.0	0.0351764238	30.300
34.0	47.0	0.0322476815	30.200
34.0	48.0	0.0326304933	30.100
34.0	49.0	0.0321455326	29.900
34.0	50.0	0.0308516383	29.800
34.0	51.0	0.0303071052	29.600
34.0	52.0	0.0317249399	29.400
34.0	53.0	0.0324671609	29.200
34.0	54.0	0.0325037245	29.000
34.0	55.0	0.0338727060	28.800
34.0	56.0	0.0357133132	28.500
34.0	57.0	0.0405944885	28.200
34.0	58.0	0.0478995827	27.800
34.0	59.0	0.0571198531	27.300
34.0	60.0	0.0673481732	27.900
35.0	40.0	0.0457704749	30.900
35.0	41.0	0.0434019432	30.800
35.0	42.0	0.0392040473	30.800
35.0	43.0	0.0339654830	30.700
35.0	44.0	0.0326423931	30.600
35.0	45.0	0.0311152928	30.500
35.0	46.0	0.0293647916	30.400
35.0	47.0	0.0273723349	30.300
35.0	48.0	0.0251202840	30.200
35.0	49.0	0.0241464839	30.100
35.0	50.0	0.0242436011	30.000
35.0	51.0	0.0229781741	29.800
35.0	52.0	0.0226439853	29.700
35.0	53.0	0.0215560562	29.500
35.0	54.0	0.0228140729	29.300
35.0	55.0	0.0234514348	29.100
35.0	56.0	0.0253546480	28.900
35.0	57.0	0.0276681620	28.600
35.0	58.0	0.0307865256	28.300
35.0	59.0	0.0353368677	28.000
35.0	60.0	0.0421718344	27.700
36.0	40.0	0.0403260288	30.900
36.0	41.0	0.0359783948	30.900
36.0	42.0	0.0327985766	30.800
36.0	43.0	0.0321500504	30.800
36.0	44.0	0.0281181487	30.700
36.0	45.0	0.0244765639	30.600
36.0	46.0	0.0234239472	30.500
36.0	47.0	0.0223722480	30.400
36.0	48.0	0.0206466324	30.400
36.0	49.0	0.0194869545	30.200
36.0	50.0	0.0176172813	30.100
36.0	51.0	0.0154407000	30.000
36.0	52.0	0.0164129640	29.900
36.0	53.0	0.0161545900	29.700
36.0	54.0	0.0159523260	29.600
36.0	55.0	0.0149724373	29.400
36.0	56.0	0.0159762125	29.200
36.0	57.0	0.0164032274	29.000
36.0	58.0	0.0184510747	28.800
36.0	59.0	0.0208320206	28.500
36.0	60.0	0.0258494023	28.200
37.0	40.0	0.0363064170	30.900
37.0	41.0	0.0304691076	30.900
37.0	42.0	0.0304344585	30.800
37.0	43.0	0.0248893779	30.800
37.0	44.0	0.0241474621	30.700
37.0	45.0	0.0199365319	30.700
37.0	46.0	0.0173944392	30.600
37.0	47.0	0.0172858513	30.500
37.0	48.0	0.0169286242	30.400
37.0	49.0	0.0171876376	30.400
37.0	50.0	0.0195001236	30.400
37.0	51.0	0.0225904609	30.400
37.0	52.0	0.0253514827	30.300
37.0	53.0	0.0270903591	30.300
37.0	54.0	0.0294583597	30.200
37.0	55.0	0.0310258176	30.100
37.0	56.0	0.0317842313	30.000
37.0	57.0	0.0307623997	29.200
37.0	58.0	0.0267222411	28.800
37.0	59.0	0.0217179602	28.700
37.0	60.0	0.0159472829	28.600
38.0	40.0	0.0322226134	30.900
38.0	41.0	0.0264805715	30.900
38.0	42.0	0.0243047378	30.900
38.0	43.0	0.0221344432	30.800
38.0	44.0	0.0168952659	30.800
38.0	45.0	0.0173785084	30.700
38.0	46.0	0.0154146434	30.700
38.0	47.0	0.0201025687	30.700
38.0	48.0	0.0240491973	30.800
38.0	49.0	0.0270756499	30.800
38.0	50.0	0.0318764207	30.800
38.0	51.0	0.0365773838	30.800
38.0	52.0	0.0411638200	30.800
38.0	53.0	0.0456213687	30.800
38.0	54.0	0.0499360731	30.800
38.0	55.0	0.0540944233	30.800
38.0	56.0	0.0567694843	30.000
38.0	57.0	0.0557982676	29.000
38.0	58.0	0.0517313906	28.600
38.0	59.0	0.0466284457	28.500
38.0	60.0	0.0406997042	28.400
39.0	40.0	0.0280818383	30.900
39.0	41.0	0.0231791932	30.900
39.0	42.0	0.0182355658	30.900
39.0	43.0	0.0175901019	30.900
39.0	44.0	0.0154456362	30.800
39.0	45.0	0.0186732799	30.900
39.0	46.0	0.0247464789	31.000
39.0	47.0	0.0290354406	31.000
39.0	48.0	0.0342138678	31.100
39.0	49.0	0.0405357886	31.100
39.0	50.0	0.0458393353	31.200
39.0	51.0	0.0526723163	31.300
39.0	52.0	0.0589399387	31.300
39.0	53.0	0.0659829395	31.300
39.0	54.0	0.0727103477	31.400
39.0	55.0	0.0788012249	30.700
39.0	56.0	0.0814836480	29.800
39.0	57.0	0.0805198179	28.800
39.0	58.0	0.0762836263	28.300
39.0	59.0	0.0708197488	28.200
39.0	60.0	0.0644758630	28.100
40.0	40.0	0.0238914130	30.900
40.0	41.0	0.0198368326	30.900
40.0	42.0	0.0157471796	30.900
40.0	43.0	0.0171316815	30.900
40.0	44.0	0.0218603597	31.000
40.0	45.0	0.0271203683	31.100
40.0	46.0	0.0329161102	31.200
40.0	47.0	0.0392475676	31.300
40.0	48.0	0.0463246113	31.400
40.0	49.0	0.0534950497	31.500
40.0	50.0	0.0622977907	31.600
40.0	51.0	0.0706644785	31.600
40.0	52.0	0.0791513694	31.700
40.0	53.0	0.0880798627	31.800
40.0	54.0	0.0969946186	31.400
40.0	55.0	0.1031331649	30.500
40.0	56.0	0.1057922512	29.600
40.0	57.0	0.1048360617	28.600
40.0	58.0	0.1005076202	28.000
40.0	59.0	0.0947557888	27.900
40.0	60.0	0.0880718306	27.800
