	1.530	1.540	1.550	1.560	1.570
0.0	0.9965824440	0.9994706936	0.9999970120	0.9998330113	0.9999333177
0.1	0.9965242173	0.9994130885	0.9999402306	0.9997772054	0.9998786564
0.2	0.9963622904	0.9992528052	0.9997820381	0.9996213253	0.9997252316
0.3	0.9960966968	0.9989898767	0.9995224668	0.9993654023	0.9994730737
0.4	0.9957274920	0.9986243570	0.9991615692	0.9990094875	0.9991222324
0.5	0.9952547527	0.9981563213	0.9986994186	0.9985536523	0.9986727771
0.6	0.9946785773	0.9975858657	0.9981361086	0.9979979879	0.9981247965
0.7	0.9939990858	0.9969131075	0.9974717537	0.9973426055	0.9974783990
0.8	0.9932164196	0.9961381849	0.9967064884	0.9965876364	0.9967337122
0.9	0.9923307416	0.9952612571	0.9958404681	0.9957332316	0.9958908832
1.0	0.9913422362	0.9942825043	0.9948738685	0.9947795624	0.9949500786
1.1	0.9902511091	0.9932021277	0.9938068855	0.9937268195	0.9939114842
1.2	0.9890575874	0.9920203493	0.9926397357	0.9925752137	0.9927753052
1.3	0.9877619195	0.9907374119	0.9913726558	0.9913249756	0.9915417661
1.4	0.9863643752	0.9893535791	0.9900059027	0.9899763556	0.9902111106
1.5	0.9848652453	0.9878691354	0.9885397538	0.9885296235	0.9887836015
1.6	0.9832648419	0.9862843857	0.9869745065	0.9869850691	0.9872595209
1.7	0.9815634980	0.9845996558	0.9853104782	0.9853430015	0.9856391699
1.8	0.9797615678	0.9828152917	0.9835480065	0.9836037495	0.9839228686
1.9	0.9778594263	0.9809316602	0.9816874489	0.9817676614	0.9821109560
2.0	0.9758574694	0.9789491484	0.9797291828	0.9798351046	0.9802037902
2.1	0.9737561139	0.9768681635	0.9776736054	0.9778064662	0.9782017480
2.2	0.9715557970	0.9746891334	0.9755211338	0.9756821522	0.9761052247
2.3	0.9692569768	0.9724125056	0.9732722044	0.9734625880	0.9739146348
2.4	0.9668601318	0.9700387481	0.9709272736	0.9711482179	0.9716304108
2.5	0.9643657608	0.9675683486	0.9684868169	0.9687395052	0.9692530041
2.6	0.9617743830	0.9650018148	0.9659513294	0.9662369323	0.9667828844
2.7	0.9590865378	0.9623396740	0.9633213254	0.9636410000	0.9642205397
2.8	0.9563027845	0.9595824734	0.9605973384	0.9609522282	0.9615664762
2.9	0.9534237027	0.9567307794	0.9577799210	0.9581711551	0.9588212182
3.0	0.9504498915	0.9537851781	0.9548696446	0.9552983376	0.9559853081
3.1	0.9473819700	0.9507462748	0.9518670996	0.9523343507	0.9530593062
3.2	0.9442205766	0.9476146939	0.9487728950	0.9492797878	0.9500437905
3.3	0.9409663695	0.9443910789	0.9455876585	0.9461352606	0.9469393568
3.4	0.9376200258	0.9410760923	0.9423120362	0.9429013985	0.9437466184
3.5	0.9341822421	0.9376704153	0.9389466926	0.9395788491	0.9404662061
3.6	0.9306537340	0.9341747476	0.9354923102	0.9361682773	0.9370987679
3.7	0.9270352358	0.9305898077	0.9319495899	0.9326703662	0.9336449692
3.8	0.9233275008	0.9269163321	0.9283192501	0.9290858159	0.9301054922
3.9	0.9195313005	0.9231550757	0.9246020274	0.9254153442	0.9264810362
4.0	0.9156474253	0.9193068115	0.9207986757	0.9216596858	0.9227723173
4.1	0.9116766833	0.9153723302	0.9169099665	0.9178195927	0.9189800683
4.2	0.9076199011	0.9113524403	0.9129366887	0.9138958336	0.9151050382
4.3	0.9034779232	0.9072479678	0.9088796482	0.9098891941	0.9111479926
4.4	0.8992516114	0.9030597563	0.9047396679	0.9058004764	0.9071097133
4.5	0.8949418456	0.8987886662	0.9005175877	0.9016304991	0.9029909982
4.6	0.8905495227	0.8944355753	0.8962142640	0.8973800969	0.8987926609
4.7	0.8860755570	0.8900013780	0.8918305696	0.8930501208	0.8945155308
4.8	0.8815208796	0.8854869857	0.8873673938	0.8886414378	0.8901604530
4.9	0.8768864386	0.8808933258	0.8828256420	0.8841549304	0.8857282879
5.0	0.8721731985	0.8762213424	0.8782062353	0.8795914969	0.8812199110
5.1	0.8673821403	0.8714719956	0.8735101109	0.8749520508	0.8766362130
5.2	0.8625142613	0.8666462611	0.8687382213	0.8702375211	0.8719780996
5.3	0.8575705746	0.8617451308	0.8638915345	0.8654488515	0.8672464910
5.4	0.8525521092	0.8567696117	0.8589710336	0.8605870009	0.8624423219
5.5	0.8474599096	0.8517207262	0.8539777167	0.8556529425	0.8575665415
5.6	0.8422950357	0.8465995118	0.8489125966	0.8506476642	0.8526201131
5.7	0.8370585625	0.8414070209	0.8437767009	0.8455721680	0.8476040138
5.8	0.8317515799	0.8361443205	0.8385710713	0.8404274702	0.8425192348
5.9	0.8263751925	0.8308124919	0.8332967638	0.8352146006	0.8373667804
6.0	0.8209305192	0.8254126309	0.8279548482	0.8299346029	0.8321476688
6.1	0.8154186934	0.8199458471	0.8225464081	0.8245885343	0.8268629309
6.2	0.8098408622	0.8144132637	0.8170725406	0.8191774649	0.8215136108
6.3	0.8041981866	0.8088160178	0.8115343560	0.8137024782	0.8161007653
6.4	0.7984918411	0.8031552594	0.8059329778	0.8081646702	0.8106254639
6.5	0.7927230133	0.7974321518	0.8002695421	0.8025651496	0.8050887882
6.6	0.7868929040	0.7916478711	0.7945451978	0.7969050376	0.7994918320
6.7	0.7810027265	0.7858036057	0.7887611060	0.7911854671	0.7938357012
6.8	0.7750537069	0.7799005567	0.7829184400	0.7854075834	0.7881215131
6.9	0.7690470834	0.7739399371	0.7770183849	0.7795725432	0.7823503967
7.0	0.7629841062	0.7679229718	0.7710621376	0.7736815147	0.7765234920
7.1	0.7568660372	0.7618508970	0.7650509063	0.7677356773	0.7706419503
7.2	0.7506941497	0.7557249606	0.7589859103	0.7617362214	0.7647069336
7.3	0.7444697284	0.7495464214	0.7528683798	0.7556843481	0.7587196144
7.4	0.7381940689	0.7433165491	0.7466995558	0.7495812690	0.7526811755
7.5	0.7318684772	0.7370366237	0.7404806896	0.7434282060	0.7465928099
7.6	0.7254942701	0.7307079357	0.7342130427	0.7372263909	0.7404557204
7.7	0.7190727741	0.7243317857	0.7278978865	0.7309770654	0.7342711196
7.8	0.7126053259	0.7179094838	0.7215365019	0.7246814806	0.7280402292
7.9	0.7060932715	0.7114423497	0.7151301793	0.7183408969	0.7217642802
8.0	0.6995379663	0.7049317124	0.7086802182	0.7119565838	0.7154445125
8.1	0.6929407748	0.6983789098	0.7021879270	0.7055298194	0.7090821747
8.2	0.6863030701	0.6917852883	0.6956546225	0.6990618903	0.7026785237
8.3	0.6796262336	0.6851522028	0.6890816302	0.6925540915	0.6962348246
8.4	0.6729116551	0.6784810165	0.6824702832	0.6860077259	0.6897523504
8.5	0.6661607322	0.6717731002	0.6758219226	0.6794241040	0.6832323820
8.6	0.6593748699	0.6650298321	0.6691378971	0.6728045440	0.6766762072
8.7	0.6525554806	0.6582525982	0.6624195624	0.6661503711	0.6700851215
8.8	0.6457039837	0.6514427908	0.6556682813	0.6594629174	0.6634604269
8.9	0.6388218052	0.6446018095	0.6488854234	0.6527435220	0.6568034323
9.0	0.6319103776	0.6377310600	0.6420723645	0.6459935299	0.6501154527
9.1	0.6249711394	0.6308319540	0.6352304865	0.6392142926	0.6433978096
9.2	0.6180055348	0.6239059093	0.6283611774	0.6324071674	0.6366518300
9.3	0.6110150137	0.6169543492	0.6214658305	0.6255735170	0.6298788467
9.4	0.6040010310	0.6099787021	0.6145458446	0.6187147095	0.6230801977
9.5	0.5969650467	0.6029804013	0.6076026233	0.6118321182	0.6162572263
9.6	0.5899085251	0.5959608851	0.6006375750	0.6049271209	0.6094112804
9.7	0.5828329349	0.5889215957	0.5936521125	0.5980011001	0.6025437125
9.8	0.5757397489	0.5818639797	0.5866476529	0.5910554424	0.5956558793
9.9	0.5686304433	0.5747894874	0.5796256170	0.5840915383	0.5887491417
10.0	0.5615064980	0.5676995725	0.5725874291	0.5771107820	0.5818248641
10.1	0.5543693955	0.5605956919	0.5655345169	0.5701145712	0.5748844145
10.2	0.5472206215	0.5534793053	0.5584683111	0.5631043064	0.5679291641
10.3	0.5400616638	0.5463518751	0.5513902450	0.5560813912	0.5609604870
10.4	0.5328940125	0.5392148659	0.5443017544	0.5490472316	0.5539797599
10.5	0.5257191594	0.5320697443	0.5372042771	0.5420032359	0.5469883619
10.6	0.5185385978	0.5249179784	0.5300992528	0.5349508143	0.5399876744
10.7	0.5113538223	0.5177610380	0.5229881229	0.5278913786	0.5329790803
10.8	0.5041663283	0.5106003937	0.5158723296	0.5208263424	0.5259639643
10.9	0.4969776117	0.5034375168	0.5087533165	0.5137571199	0.5189437122
11.0	0.4897891688	0.4962738794	0.5016325275	0.5066851266	0.5119197112
11.1	0.4826024958	0.4891109534	0.4945114072	0.4996117782	0.5048933487
11.2	0.4754190884	0.4819502107	0.4873914000	0.4925384908	0.4978660130
11.3	0.4682404417	0.4747931229	0.4802739501	0.4854666806	0.4908390924
11.4	0.4610680500	0.4676411605	0.4731605014	0.4783977634	0.4838139752
11.5	0.4539034060	0.4604957933	0.4660524967	0.4713331544	0.4767920491
11.6	0.4467480009	0.4533584894	0.4589513779	0.4642742679	0.4697747016
11.7	0.4396033241	0.4462307157	0.4518585854	0.4572225172	0.4627633190
11.8	0.4324708625	0.4391139367	0.4447755579	0.4501793141	0.4557592864
11.9	0.4253521007	0.4320096148	0.4377037323	0.4431460687	0.4487639876
12.0	0.4182485204	0.4249192099	0.4306445430	0.4361241890	0.4417788046
12.1	0.4111616001	0.4178441790	0.4235994219	0.4291150808	0.4348051174
12.2	0.4040928148	0.4107859760	0.4165697981	0.4221201475	0.4278443037
12.3	0.3970436357	0.4037460512	0.4095570975	0.4151407894	0.4208977387
12.4	0.3900155301	0.3967258512	0.4025627427	0.4081784038	0.4139667949
12.5	0.3830099607	0.3897268186	0.3955881524	0.4012343847	0.4070528414
12.6	0.3760283857	0.3827503916	0.3886347413	0.3943101222	0.4001572443
12.7	0.3690722581	0.3757980038	0.3817039200	0.3874070026	0.3932813657
12.8	0.3621430258	0.3688710839	0.3747970943	0.3805264080	0.3864265643
12.9	0.3552421309	0.3619710552	0.3679156653	0.3736697159	0.3795941941
13.0	0.3483710099	0.3550993356	0.3610610288	0.3668382990	0.3727856051
13.1	0.3415310927	0.3482573372	0.3542345752	0.3600335250	0.3660021423
13.2	0.3347238031	0.3414464658	0.3474376893	0.3532567562	0.3592451458
13.3	0.3279505579	0.3346681212	0.3406717498	0.3465093495	0.3525159507
13.4	0.3212127668	0.3279236961	0.3339381292	0.3397926556	0.3458158864
13.5	0.3145118321	0.3212145764	0.3272381933	0.3331080193	0.3391462764
13.6	0.3078491486	0.3145421408	0.3205733011	0.3264567788	0.3325084386
13.7	0.3012261031	0.3079077604	0.3139448047	0.3198402658	0.3259036842
13.8	0.2946440739	0.3013127984	0.3073540485	0.3132598049	0.3193333181
13.9	0.2881044311	0.2947586101	0.3008023696	0.3067167136	0.3127986384
14.0	0.2816085357	0.2882465423	0.2942910968	0.3002123018	0.3063009361
14.1	0.2751577398	0.2817779331	0.2878215509	0.2937478718	0.2998414949
14.2	0.2687533861	0.2753541118	0.2813950444	0.2873247177	0.2934215909
14.3	0.2623968074	0.2689763983	0.2750128807	0.2809441255	0.2870424925
14.4	0.2560893268	0.2626461032	0.2686763545	0.2746073726	0.2807054598
14.5	0.2498322571	0.2563645273	0.2623867510	0.2683157276	0.2744117450
14.6	0.2436269006	0.2501329614	0.2561453462	0.2620704503	0.2681625913
14.7	0.2374745489	0.2439526860	0.2499534061	0.2558727908	0.2619592334
14.8	0.2313764825	0.2378249711	0.2438121866	0.2497239901	0.2558028969
14.9	0.2253339705	0.2317510758	0.2377229335	0.2436252791	0.2496947979
15.0	0.2193482707	0.2257322483	0.2316868820	0.2375778788	0.2436361432
15.1	0.2134206288	0.2197697253	0.2257052565	0.2315830000	0.2376281297
15.2	0.2075522786	0.2138647321	0.2197792702	0.2256418428	0.2316719445
15.3	0.2017444416	0.2080184821	0.2139101254	0.2197555967	0.2257687643
15.4	0.1959983264	0.2022321766	0.2080990124	0.2139254401	0.2199197552
15.5	0.1903151291	0.1965070046	0.2023471101	0.2081525403	0.2141260729
15.6	0.1846960326	0.1908441427	0.1966555852	0.2024380530	0.2083888619
15.7	0.1791422063	0.1852447543	0.1910255922	0.1967831224	0.2027092557
15.8	0.1736548062	0.1797099902	0.1854582732	0.1911888805	0.1970883764
15.9	0.1682349744	0.1742409877	0.1799547574	0.1856564473	0.1915273344
16.0	0.1628838390	0.1688388705	0.1745161612	0.1801869305	0.1860272284
16.1	0.1576025137	0.1635047488	0.1691435878	0.1747814250	0.1805891451
16.2	0.1523920977	0.1582397186	0.1638381270	0.1694410132	0.1752141587
16.3	0.1472536754	0.1530448619	0.1586008550	0.1641667641	0.1699033311
16.4	0.1421883165	0.1479212461	0.1534328342	0.1589597337	0.1646577117
16.5	0.1371970750	0.1428699240	0.1483351128	0.1538209645	0.1594783366
16.6	0.1322809899	0.1378919337	0.1433087250	0.1487514852	0.1543662293
16.7	0.1274410844	0.1329882981	0.1383546902	0.1437523109	0.1493223995
16.8	0.1226783658	0.1281600247	0.1334740135	0.1388244423	0.1443478439
16.9	0.1179938253	0.1234081058	0.1286676848	0.1339688661	0.1394435451
17.0	0.1133884381	0.1187335178	0.1239366791	0.1291865543	0.1346104721
17.1	0.1088631625	0.1141372212	0.1192819560	0.1244784645	0.1298495798
17.2	0.1044189406	0.1096201606	0.1147044598	0.1198455391	0.1251618086
17.3	0.1000566972	0.1051832641	0.1102051189	0.1152887058	0.1205480848
17.4	0.0957773403	0.1008274435	0.1057848460	0.1108088768	0.1160093197
17.5	0.0915817605	0.0965535939	0.1014445378	0.1064069490	0.1115464102
17.6	0.0874708311	0.0923625934	0.0971850747	0.1020838036	0.1071602379
17.7	0.0834454077	0.0882553033	0.0930073207	0.0978403063	0.1028516693
17.8	0.0795063282	0.0842325675	0.0889121232	0.0936773066	0.0986215556
17.9	0.0756544123	0.0802952127	0.0849003130	0.0895956379	0.0944707327
18.0	0.0718904618	0.0764440479	0.0809727037	0.0855961174	0.0904000205
18.1	0.0682152600	0.0726798645	0.0771300922	0.0816795459	0.0864102231
18.2	0.0646295719	0.0690034361	0.0733732578	0.0778467074	0.0825021290
18.3	0.0611341438	0.0654155180	0.0697029627	0.0740983693	0.0786765101
18.4	0.0577297032	0.0619168475	0.0661199513	0.0704352820	0.0749341223
18.5	0.0544169587	0.0585081436	0.0626249504	0.0668581790	0.0712757049
18.6	0.0511965997	0.0551901067	0.0592186690	0.0633677763	0.0677019807
18.7	0.0480692965	0.0519634186	0.0559017980	0.0599647727	0.0642136557
18.8	0.0450357000	0.0488287423	0.0526750102	0.0566498496	0.0608114190
18.9	0.0420964415	0.0457867220	0.0495389603	0.0534236707	0.0574959429
19.0	0.0392521328	0.0428379828	0.0464942842	0.0502868818	0.0542678824
19.1	0.0365033659	0.0399831306	0.0435415997	0.0472401109	0.0511278751
19.2	0.0338507130	0.0372227521	0.0406815056	0.0442839680	0.0480765415
19.3	0.0312947259	0.0345574144	0.0379145821	0.0414190449	0.0451144843
19.4	0.0288359369	0.0319876652	0.0352413905	0.0386459152	0.0422422887
19.5	0.0264748575	0.0295140327	0.0326624730	0.0359651342	0.0394605223
19.6	0.0242119793	0.0271370250	0.0301783528	0.0333772385	0.0367697345
19.7	0.0220477731	0.0248571306	0.0277895337	0.0308827462	0.0341704570
19.8	0.0199826894	0.0226748181	0.0254965003	0.0284821568	0.0316632033
19.9	0.0180171580	0.0205905358	0.0232997177	0.0261759508	0.0292484687
20.0	0.0161515880	0.0186047120	0.0211996315	0.0239645900	0.0269267303
20.1	0.0143863677	0.0167177548	0.0191966678	0.0218485170	0.0246984467
20.2	0.0127218643	0.0149300520	0.0172912329	0.0198281557	0.0225640583
20.3	0.0111584244	0.0132419708	0.0154837131	0.0179039103	0.0205239866
20.4	0.0096963734	0.0116538582	0.0137744753	0.0160761663	0.0185786348
20.5	0.0083360155	0.0101660404	0.0121638660	0.0143452894	0.0167283871
20.6	0.0070776338	0.0087788233	0.0106522120	0.0127116263	0.0149736091
20.7	0.0059214903	0.0074924917	0.0092398200	0.0111755040	0.0133146474
20.8	0.0048678256	0.0063073102	0.0079269764	0.0097372301	0.0117518299
20.9	0.0039168588	0.0052235222	0.0067139476	0.0083970924	0.0102854652
21.0	0.0030687881	0.0042413503	0.0056009795	0.0071553594	0.0089158431
21.1	0.0023237897	0.0033609965	0.0045882980	0.0060122796	0.0076432342
21.2	0.0016820189	0.0025826416	0.0036761085	0.0049680818	0.0064678898
21.3	0.0011436091	0.0019064455	0.0028645960	0.0040229752	0.0053900422
21.4	0.0007086723	0.0013325473	0.0021539251	0.0031771489	0.0044099044
21.5	0.0003772992	0.0008610647	0.0015442400	0.0024307724	0.0035276699
21.6	0.0001495585	0.0004920947	0.0010356644	0.0017839949	0.0027435130
21.7	0.0000254978	0.0002257131	0.0006283014	0.0012369460	0.0020575888
21.8	0.0000051428	0.0000619747	0.0003222336	0.0007897353	0.0014700327
21.9	0.0000884978	0.0000009130	0.0001175232	0.0004424522	0.0009809607
22.0	0.0002755453	0.0000425406	0.0000142116	0.0001951664	0.0005904695
22.1	0.0005662464	0.0001868489	0.0000123198	0.0000479272	0.0002986363
22.2	0.0009605405	0.0004338083	0.0001118483	0.0000007643	0.0001055187
22.3	0.0014583457	0.0007833681	0.0003127767	0.0000536870	0.0000111549
22.4	0.0020595582	0.0012354563	0.0006150644	0.0002066847	0.0000155635
22.5	0.0027640529	0.0017899801	0.0010186501	0.0004597269	0.0001187436
22.6	0.0035716832	0.0024468255	0.0015234518	0.0008127628	0.0003206748
22.7	0.0044822809	0.0032058576	0.0021293672	0.0012657219	0.0006213174
22.8	0.0054956565	0.0040669203	0.0028362734	0.0018185133	0.0010206118
22.9	0.0066115990	0.0050298367	0.0036440269	0.0024710265	0.0015184792
23.0	0.0078298762	0.0060944089	0.0045524640	0.0032231308	0.0021148212
23.1	0.0091502344	0.0072604182	0.0055614003	0.0040746756	0.0028095200
23.2	0.0105723989	0.0085276250	0.0066706312	0.0050254905	0.0036024384
23.3	0.0120960736	0.0098957688	0.0078799318	0.0060753851	0.0044934197
23.4	0.0137209413	0.0113645685	0.0091890566	0.0072241493	0.0054822880
23.5	0.0154466639	0.0129337223	0.0105977402	0.0084715529	0.0065688477
23.6	0.0172728820	0.0146029077	0.0121056967	0.0098173464	0.0077528844
23.7	0.0191992157	0.0163717817	0.0137126204	0.0112612603	0.0090341640
23.8	0.0212252640	0.0182399808	0.0154181853	0.0128030054	0.0104124334
23.9	0.0233506050	0.0202071212	0.0172220453	0.0144422732	0.0118874204
24.0	0.0255747965	0.0222727985	0.0191238347	0.0161787354	0.0134588335
24.1	0.0278973755	0.0244365883	0.0211231675	0.0180120445	0.0151263623
24.2	0.0303178586	0.0266980460	0.0232196384	0.0199418333	0.0168896773
24.3	0.0328357419	0.0290567069	0.0254128219	0.0219677156	0.0187484302
24.4	0.0354505014	0.0315120862	0.0277022733	0.0240892857	0.0207022539
24.5	0.0381615928	0.0340636794	0.0300875281	0.0263061189	0.0227507621
24.6	0.0409684518	0.0367109621	0.0325681024	0.0286177714	0.0248935504
24.7	0.0438704942	0.0394533905	0.0351434932	0.0310237804	0.0271301952
24.8	0.0468671159	0.0422904008	0.0378131780	0.0335236642	0.0294602549
24.9	0.0499576933	0.0452214102	0.0405766153	0.0361169223	0.0318832690
25.0	0.0531415831	0.0482458164	0.0434332444	0.0388030356	0.0343987588
