z[um]	w[um]	pcm(0:si, 1:cpcm, 2:apcm)
0.0000000000 0.4000000000 1
0.1000000000 0.4000625000 1
0.2000000000 0.4001250000 1
0.3000000000 0.4001875000 1
0.4000000000 0.4002500000 1
0.5000000000 0.4003125000 1
0.6000000000 0.4003750000 1
0.7000000000 0.4004375000 1
0.8000000000 0.4005000000 1
0.9000000000 0.4005625000 1
1.0000000000 0.4006250000 1
1.1000000000 0.4006875000 1
1.2000000000 0.4007500000 1
1.3000000000 0.4008125000 1
1.4000000000 0.4008750000 1
1.5000000000 0.4009375000 1
1.6000000000 0.4010000000 1
1.7000000000 0.4010625000 1
1.8000000000 0.4011250000 1
1.9000000000 0.4011875000 1
2.0000000000 0.4012500000 1
2.1000000000 0.4013125000 1
2.2000000000 0.4013750000 1
2.3000000000 0.4014375000 1
2.4000000000 0.4015000000 1
2.5000000000 0.4015625000 1
2.6000000000 0.4016250000 1
2.7000000000 0.4016875000 1
2.8000000000 0.4017500000 1
2.9000000000 0.4018125000 1
3.0000000000 0.4018750000 1
3.1000000000 0.4019375000 1
3.2000000000 0.4020000000 1
3.3000000000 0.4020625000 1
3.4000000000 0.4021250000 1
3.5000000000 0.4021875000 1
3.6000000000 0.4022500000 1
3.7000000000 0.4023125000 1
3.8000000000 0.4023750000 1
3.9000000000 0.4024375000 1
4.0000000000 0.4025000000 1
4.1000000000 0.4025625000 1
4.2000000000 0.4026250000 1
4.3000000000 0.4026875000 1
4.4000000000 0.4027500000 1
4.5000000000 0.4028125000 1
4.6000000000 0.4028750000 1
4.7000000000 0.4029375000 1
4.8000000000 0.4030000000 1
4.9000000000 0.4030625000 1
5.0000000000 0.4031250000 1
5.1000000000 0.4031875000 2
5.2000000000 0.4032500000 2
5.3000000000 0.4033125000 2
5.4000000000 0.4033750000 2
5.5000000000 0.4034375000 2
5.6000000000 0.4035000000 2
5.7000000000 0.4035625000 2
5.8000000000 0.4036250000 2
5.9000000000 0.4036875000 2
6.0000000000 0.4037500000 2
6.1000000000 0.4038125000 2
6.2000000000 0.4038750000 2
6.3000000000 0.4039375000 2
6.4000000000 0.4040000000 2
6.5000000000 0.4040625000 2
6.6000000000 0.4041250000 2
6.7000000000 0.4041875000 2
6.8000000000 0.4042500000 2
6.9000000000 0.4043125000 2
7.0000000000 0.4043750000 2
7.1000000000 0.4044375000 2
7.2000000000 0.4045000000 2
7.3000000000 0.4045625000 2
7.4000000000 0.4046250000 2
7.5000000000 0.4046875000 2
7.6000000000 0.4047500000 2
7.7000000000 0.4048125000 2
7.8000000000 0.4048750000 2
7.9000000000 0.4049375000 2
8.0000000000 0.4050000000 2
8.1000000000 0.4050625000 2
8.2000000000 0.4051250000 2
8.3000000000 0.4051875000 2
8.4000000000 0.4052500000 2
8.5000000000 0.4053125000 2
8.6000000000 0.4053750000 2
8.7000000000 0.4054375000 2
8.8000000000 0.4055000000 2
8.9000000000 0.4055625000 2
9.0000000000 0.4056250000 2
9.1000000000 0.4056875000 2
9.2000000000 0.4057500000 2
9.3000000000 0.4058125000 2
9.4000000000 0.4058750000 2
9.5000000000 0.4059375000 2
9.6000000000 0.4060000000 2
9.7000000000 0.4060625000 2
9.8000000000 0.4061250000 2
9.9000000000 0.4061875000 2
10.0000000000 0.4062500000 2
10.1000000000 0.4063125000 2
10.2000000000 0.4063750000 2
10.3000000000 0.4064375000 2
10.4000000000 0.4065000000 2
10.5000000000 0.4065625000 2
10.6000000000 0.4066250000 2
10.7000000000 0.4066875000 2
10.8000000000 0.4067500000 2
10.9000000000 0.4068125000 2
11.0000000000 0.4068750000 2
11.1000000000 0.4069375000 2
11.2000000000 0.4070000000 2
11.3000000000 0.4070625000 2
11.4000000000 0.4071250000 2
11.5000000000 0.4071875000 2
11.6000000000 0.4072500000 2
11.7000000000 0.4073125000 2
11.8000000000 0.4073750000 2
11.9000000000 0.4074375000 2
12.0000000000 0.4075000000 2
12.1000000000 0.4075625000 2
12.2000000000 0.4076250000 2
12.3000000000 0.4076875000 2
12.4000000000 0.4077500000 2
12.5000000000 0.4078125000 2
12.6000000000 0.4078750000 2
12.7000000000 0.4079375000 2
12.8000000000 0.4080000000 2
12.9000000000 0.4080625000 2
13.0000000000 0.4081250000 2
13.1000000000 0.4081875000 2
13.2000000000 0.4082500000 2
13.3000000000 0.4083125000 2
13.4000000000 0.4083750000 2
13.5000000000 0.4084375000 2
13.6000000000 0.4085000000 2
13.7000000000 0.4085625000 2
13.8000000000 0.4086250000 2
13.9000000000 0.4086875000 2
14.0000000000 0.4087500000 2
14.1000000000 0.4088125000 2
14.2000000000 0.4088750000 2
14.3000000000 0.4089375000 2
14.4000000000 0.4090000000 2
14.5000000000 0.4090625000 2
14.6000000000 0.4091250000 2
14.7000000000 0.4091875000 2
14.8000000000 0.4092500000 2
14.9000000000 0.4093125000 2
15.0000000000 0.4093750000 2
15.1000000000 0.4094375000 2
15.2000000000 0.4095000000 2
15.3000000000 0.4095625000 2
15.4000000000 0.4096250000 2
15.5000000000 0.4096875000 2
15.6000000000 0.4097500000 2
15.7000000000 0.4098125000 2
15.8000000000 0.4098750000 2
15.9000000000 0.4099375000 2
16.0000000000 0.4100000000 2
16.1000000000 0.4100625000 2
16.2000000000 0.4101250000 2
16.3000000000 0.4101875000 2
16.4000000000 0.4102500000 2
16.5000000000 0.4103125000 2
16.6000000000 0.4103750000 2
16.7000000000 0.4104375000 2
16.8000000000 0.4105000000 2
16.9000000000 0.4105625000 2
17.0000000000 0.4106250000 2
17.1000000000 0.4106875000 2
17.2000000000 0.4107500000 2
17.3000000000 0.4108125000 2
17.4000000000 0.4108750000 2
17.5000000000 0.4109375000 2
17.6000000000 0.4110000000 2
17.7000000000 0.4110625000 2
17.8000000000 0.4111250000 2
17.9000000000 0.4111875000 2
18.0000000000 0.4112500000 2
18.1000000000 0.4113125000 2
18.2000000000 0.4113750000 2
18.3000000000 0.4114375000 2
18.4000000000 0.4115000000 2
18.5000000000 0.4115625000 2
18.6000000000 0.4116250000 2
18.7000000000 0.4116875000 2
18.8000000000 0.4117500000 2
18.9000000000 0.4118125000 2
19.0000000000 0.4118750000 2
19.1000000000 0.4119375000 2
19.2000000000 0.4120000000 2
19.3000000000 0.4120625000 2
19.4000000000 0.4121250000 2
19.5000000000 0.4121875000 2
19.6000000000 0.4122500000 2
19.7000000000 0.4123125000 2
19.8000000000 0.4123750000 2
19.9000000000 0.4124375000 2
20.0000000000 0.4125000000 2
20.1000000000 0.4125625000 2
20.2000000000 0.4126250000 2
20.3000000000 0.4126875000 2
20.4000000000 0.4127500000 2
20.5000000000 0.4128125000 2
20.6000000000 0.4128750000 2
20.7000000000 0.4129375000 2
20.8000000000 0.4130000000 2
20.9000000000 0.4130625000 2
21.0000000000 0.4131250000 2
21.1000000000 0.4131875000 2
21.2000000000 0.4132500000 2
21.3000000000 0.4133125000 2
21.4000000000 0.4133750000 2
21.5000000000 0.4134375000 2
21.6000000000 0.4135000000 2
21.7000000000 0.4135625000 2
21.8000000000 0.4136250000 2
21.9000000000 0.4136875000 2
22.0000000000 0.4137500000 2
22.1000000000 0.4138125000 2
22.2000000000 0.4138750000 2
22.3000000000 0.4139375000 2
22.4000000000 0.4140000000 2
22.5000000000 0.4140625000 2
22.6000000000 0.4141250000 2
22.7000000000 0.4141875000 2
22.8000000000 0.4142500000 2
22.9000000000 0.4143125000 2
23.0000000000 0.4143750000 2
23.1000000000 0.4144375000 2
23.2000000000 0.4145000000 2
23.3000000000 0.4145625000 2
23.4000000000 0.4146250000 2
23.5000000000 0.4146875000 2
23.6000000000 0.4147500000 2
23.7000000000 0.4148125000 2
23.8000000000 0.4148750000 2
23.9000000000 0.4149375000 2
24.0000000000 0.4150000000 2
24.1000000000 0.4150625000 2
24.2000000000 0.4151250000 2
24.3000000000 0.4151875000 2
24.4000000000 0.4152500000 2
24.5000000000 0.4153125000 2
24.6000000000 0.4153750000 2
24.7000000000 0.4154375000 2
24.8000000000 0.4155000000 2
24.9000000000 0.4155625000 2
25.0000000000 0.4156250000 2
25.1000000000 0.4156875000 2
25.2000000000 0.4157500000 2
25.3000000000 0.4158125000 2
25.4000000000 0.4158750000 2
25.5000000000 0.4159375000 2
25.6000000000 0.4160000000 2
25.7000000000 0.4160625000 2
25.8000000000 0.4161250000 2
25.9000000000 0.4161875000 2
26.0000000000 0.4162500000 2
26.1000000000 0.4163125000 2
26.2000000000 0.4163750000 2
26.3000000000 0.4164375000 2
26.4000000000 0.4165000000 2
26.5000000000 0.4165625000 2
26.6000000000 0.4166250000 2
26.7000000000 0.4166875000 2
26.8000000000 0.4167500000 2
26.9000000000 0.4168125000 2
27.0000000000 0.4168750000 2
27.1000000000 0.4169375000 2
27.2000000000 0.4170000000 2
27.3000000000 0.4170625000 2
27.4000000000 0.4171250000 2
27.5000000000 0.4171875000 2
27.6000000000 0.4172500000 2
27.7000000000 0.4173125000 2
27.8000000000 0.4173750000 2
27.9000000000 0.4174375000 2
28.0000000000 0.4175000000 2
28.1000000000 0.4175625000 2
28.2000000000 0.4176250000 2
28.3000000000 0.4176875000 2
28.4000000000 0.4177500000 2
28.5000000000 0.4178125000 2
28.6000000000 0.4178750000 2
28.7000000000 0.4179375000 2
28.8000000000 0.4180000000 2
28.9000000000 0.4180625000 2
29.0000000000 0.4181250000 2
29.1000000000 0.4181875000 2
29.2000000000 0.4182500000 2
29.3000000000 0.4183125000 2
29.4000000000 0.4183750000 2
29.5000000000 0.4184375000 2
29.6000000000 0.4185000000 2
29.7000000000 0.4185625000 2
29.8000000000 0.4186250000 2
29.9000000000 0.4186875000 2
30.0000000000 0.4187500000 2
30.1000000000 0.4188125000 2
30.2000000000 0.4188750000 2
30.3000000000 0.4189375000 2
30.4000000000 0.4190000000 2
30.5000000000 0.4190625000 2
30.6000000000 0.4191250000 2
30.7000000000 0.4191875000 2
30.8000000000 0.4192500000 2
30.9000000000 0.4193125000 2
31.0000000000 0.4193750000 2
31.1000000000 0.4194375000 2
31.2000000000 0.4195000000 2
31.3000000000 0.4195625000 2
31.4000000000 0.4196250000 2
31.5000000000 0.4196875000 2
31.6000000000 0.4197500000 2
31.7000000000 0.4198125000 2
31.8000000000 0.4198750000 2
31.9000000000 0.4199375000 2
32.0000000000 0.4200000000 2
32.1000000000 0.4200625000 2
32.2000000000 0.4201250000 2
32.3000000000 0.4201875000 2
32.4000000000 0.4202500000 2
32.5000000000 0.4203125000 2
32.6000000000 0.4203750000 2
32.7000000000 0.4204375000 2
32.8000000000 0.4205000000 2
32.9000000000 0.4205625000 2
33.0000000000 0.4206250000 2
33.1000000000 0.4206875000 2
33.2000000000 0.4207500000 2
33.3000000000 0.4208125000 2
33.4000000000 0.4208750000 2
33.5000000000 0.4209375000 2
33.6000000000 0.4210000000 2
33.7000000000 0.4210625000 2
33.8000000000 0.4211250000 2
33.9000000000 0.4211875000 2
34.0000000000 0.4212500000 2
34.1000000000 0.4213125000 2
34.2000000000 0.4213750000 2
34.3000000000 0.4214375000 2
34.4000000000 0.4215000000 2
34.5000000000 0.4215625000 2
34.6000000000 0.4216250000 2
34.7000000000 0.4216875000 2
34.8000000000 0.4217500000 2
34.9000000000 0.4218125000 2
35.0000000000 0.4218750000 2
35.1000000000 0.4219375000 2
35.2000000000 0.4220000000 2
35.3000000000 0.4220625000 2
35.4000000000 0.4221250000 2
35.5000000000 0.4221875000 2
35.6000000000 0.4222500000 2
35.7000000000 0.4223125000 2
35.8000000000 0.4223750000 2
35.9000000000 0.4224375000 2
36.0000000000 0.4225000000 2
36.1000000000 0.4225625000 2
36.2000000000 0.4226250000 2
36.3000000000 0.4226875000 2
36.4000000000 0.4227500000 2
36.5000000000 0.4228125000 2
36.6000000000 0.4228750000 2
36.7000000000 0.4229375000 2
36.8000000000 0.4230000000 2
36.9000000000 0.4230625000 2
37.0000000000 0.4231250000 2
37.1000000000 0.4231875000 2
37.2000000000 0.4232500000 2
37.3000000000 0.4233125000 2
37.4000000000 0.4233750000 2
37.5000000000 0.4234375000 2
37.6000000000 0.4235000000 2
37.7000000000 0.4235625000 2
37.8000000000 0.4236250000 2
37.9000000000 0.4236875000 2
38.0000000000 0.4237500000 2
38.1000000000 0.4238125000 2
38.2000000000 0.4238750000 2
38.3000000000 0.4239375000 2
38.4000000000 0.4240000000 2
38.5000000000 0.4240625000 2
38.6000000000 0.4241250000 2
38.7000000000 0.4241875000 2
38.8000000000 0.4242500000 2
38.9000000000 0.4243125000 2
39.0000000000 0.4243750000 2
39.1000000000 0.4244375000 2
39.2000000000 0.4245000000 2
39.3000000000 0.4245625000 2
39.4000000000 0.4246250000 2
39.5000000000 0.4246875000 2
39.6000000000 0.4247500000 2
39.7000000000 0.4248125000 2
39.8000000000 0.4248750000 2
39.9000000000 0.4249375000 2
40.0000000000 0.4250000000 2
40.1000000000 0.4250625000 2
40.2000000000 0.4251250000 2
40.3000000000 0.4251875000 2
40.4000000000 0.4252500000 2
40.5000000000 0.4253125000 2
40.6000000000 0.4253750000 2
40.7000000000 0.4254375000 2
40.8000000000 0.4255000000 2
40.9000000000 0.4255625000 2
41.0000000000 0.4256250000 2
41.1000000000 0.4256875000 2
41.2000000000 0.4257500000 2
41.3000000000 0.4258125000 2
41.4000000000 0.4258750000 2
41.5000000000 0.4259375000 2
41.6000000000 0.4260000000 2
41.7000000000 0.4260625000 2
41.8000000000 0.4261250000 2
41.9000000000 0.4261875000 2
42.0000000000 0.4262500000 2
42.1000000000 0.4263125000 2
42.2000000000 0.4263750000 2
42.3000000000 0.4264375000 2
42.4000000000 0.4265000000 2
42.5000000000 0.4265625000 2
42.6000000000 0.4266250000 2
42.7000000000 0.4266875000 2
42.8000000000 0.4267500000 2
42.9000000000 0.4268125000 2
43.0000000000 0.4268750000 2
43.1000000000 0.4269375000 2
43.2000000000 0.4270000000 2
43.3000000000 0.4270625000 2
43.4000000000 0.4271250000 2
43.5000000000 0.4271875000 2
43.6000000000 0.4272500000 2
43.7000000000 0.4273125000 2
43.8000000000 0.4273750000 2
43.9000000000 0.4274375000 2
44.0000000000 0.4275000000 2
44.1000000000 0.4275625000 2
44.2000000000 0.4276250000 2
44.3000000000 0.4276875000 2
44.4000000000 0.4277500000 2
44.5000000000 0.4278125000 2
44.6000000000 0.4278750000 2
44.7000000000 0.4279375000 2
44.8000000000 0.4280000000 2
44.9000000000 0.4280625000 2
45.0000000000 0.4281250000 2
45.1000000000 0.4281875000 2
45.2000000000 0.4282500000 2
45.3000000000 0.4283125000 2
45.4000000000 0.4283750000 2
45.5000000000 0.4284375000 2
45.6000000000 0.4285000000 2
45.7000000000 0.4285625000 2
45.8000000000 0.4286250000 2
45.9000000000 0.4286875000 2
46.0000000000 0.4287500000 2
46.1000000000 0.4288125000 2
46.2000000000 0.4288750000 2
46.3000000000 0.4289375000 2
46.4000000000 0.4290000000 2
46.5000000000 0.4290625000 2
46.6000000000 0.4291250000 2
46.7000000000 0.4291875000 2
46.8000000000 0.4292500000 2
46.9000000000 0.4293125000 2
47.0000000000 0.4293750000 2
47.1000000000 0.4294375000 2
47.2000000000 0.4295000000 2
47.3000000000 0.4295625000 2
47.4000000000 0.4296250000 2
47.5000000000 0.4296875000 2
47.6000000000 0.4297500000 2
47.7000000000 0.4298125000 2
47.8000000000 0.4298750000 2
47.9000000000 0.4299375000 2
48.0000000000 0.4300000000 2
48.1000000000 0.4300625000 2
48.2000000000 0.4301250000 2
48.3000000000 0.4301875000 2
48.4000000000 0.4302500000 2
48.5000000000 0.4303125000 2
48.6000000000 0.4303750000 2
48.7000000000 0.4304375000 2
48.8000000000 0.4305000000 2
48.9000000000 0.4305625000 2
49.0000000000 0.4306250000 2
49.1000000000 0.4306875000 2
49.2000000000 0.4307500000 2
49.3000000000 0.4308125000 2
49.4000000000 0.4308750000 2
49.5000000000 0.4309375000 2
49.6000000000 0.4310000000 2
49.7000000000 0.4310625000 2
49.8000000000 0.4311250000 2
49.9000000000 0.4311875000 2
50.0000000000 0.4312500000 2
50.1000000000 0.4313125000 2
50.2000000000 0.4313750000 2
50.3000000000 0.4314375000 2
50.4000000000 0.4315000000 2
50.5000000000 0.4315625000 2
50.6000000000 0.4316250000 2
50.7000000000 0.4316875000 2
50.8000000000 0.4317500000 2
50.9000000000 0.4318125000 2
51.0000000000 0.4318750000 2
51.1000000000 0.4319375000 2
51.2000000000 0.4320000000 2
51.3000000000 0.4320625000 2
51.4000000000 0.4321250000 2
51.5000000000 0.4321875000 2
51.6000000000 0.4322500000 2
51.7000000000 0.4323125000 2
51.8000000000 0.4323750000 2
51.9000000000 0.4324375000 2
52.0000000000 0.4325000000 2
52.1000000000 0.4325625000 2
52.2000000000 0.4326250000 2
52.3000000000 0.4326875000 2
52.4000000000 0.4327500000 2
52.5000000000 0.4328125000 2
52.6000000000 0.4328750000 2
52.7000000000 0.4329375000 2
52.8000000000 0.4330000000 2
52.9000000000 0.4330625000 2
53.0000000000 0.4331250000 2
53.1000000000 0.4331875000 2
53.2000000000 0.4332500000 2
53.3000000000 0.4333125000 2
53.4000000000 0.4333750000 2
53.5000000000 0.4334375000 2
53.6000000000 0.4335000000 2
53.7000000000 0.4335625000 2
53.8000000000 0.4336250000 2
53.9000000000 0.4336875000 2
54.0000000000 0.4337500000 2
54.1000000000 0.4338125000 2
54.2000000000 0.4338750000 2
54.3000000000 0.4339375000 2
54.4000000000 0.4340000000 2
54.5000000000 0.4340625000 2
54.6000000000 0.4341250000 2
54.7000000000 0.4341875000 2
54.8000000000 0.4342500000 2
54.9000000000 0.4343125000 2
55.0000000000 0.4343750000 2
55.1000000000 0.4344375000 2
55.2000000000 0.4345000000 2
55.3000000000 0.4345625000 2
55.4000000000 0.4346250000 2
55.5000000000 0.4346875000 2
55.6000000000 0.4347500000 2
55.7000000000 0.4348125000 2
55.8000000000 0.4348750000 2
55.9000000000 0.4349375000 2
56.0000000000 0.4350000000 2
56.1000000000 0.4350625000 2
56.2000000000 0.4351250000 2
56.3000000000 0.4351875000 2
56.4000000000 0.4352500000 2
56.5000000000 0.4353125000 2
56.6000000000 0.4353750000 2
56.7000000000 0.4354375000 2
56.8000000000 0.4355000000 2
56.9000000000 0.4355625000 2
57.0000000000 0.4356250000 2
57.1000000000 0.4356875000 2
57.2000000000 0.4357500000 2
57.3000000000 0.4358125000 2
57.4000000000 0.4358750000 2
57.5000000000 0.4359375000 2
57.6000000000 0.4360000000 2
57.7000000000 0.4360625000 2
57.8000000000 0.4361250000 2
57.9000000000 0.4361875000 2
58.0000000000 0.4362500000 2
58.1000000000 0.4363125000 2
58.2000000000 0.4363750000 2
58.3000000000 0.4364375000 2
58.4000000000 0.4365000000 2
58.5000000000 0.4365625000 2
58.6000000000 0.4366250000 2
58.7000000000 0.4366875000 2
58.8000000000 0.4367500000 2
58.9000000000 0.4368125000 2
59.0000000000 0.4368750000 2
59.1000000000 0.4369375000 2
59.2000000000 0.4370000000 2
59.3000000000 0.4370625000 2
59.4000000000 0.4371250000 2
59.5000000000 0.4371875000 2
59.6000000000 0.4372500000 2
59.7000000000 0.4373125000 2
59.8000000000 0.4373750000 2
59.9000000000 0.4374375000 2
60.0000000000 0.4375000000 2
60.1000000000 0.4375625000 2
60.2000000000 0.4376250000 2
60.3000000000 0.4376875000 2
60.4000000000 0.4377500000 2
60.5000000000 0.4378125000 2
60.6000000000 0.4378750000 2
60.7000000000 0.4379375000 2
60.8000000000 0.4380000000 2
60.9000000000 0.4380625000 2
61.0000000000 0.4381250000 2
61.1000000000 0.4381875000 2
61.2000000000 0.4382500000 2
61.3000000000 0.4383125000 2
61.4000000000 0.4383750000 2
61.5000000000 0.4384375000 2
61.6000000000 0.4385000000 2
61.7000000000 0.4385625000 2
61.8000000000 0.4386250000 2
61.9000000000 0.4386875000 2
62.0000000000 0.4387500000 2
62.1000000000 0.4388125000 2
62.2000000000 0.4388750000 2
62.3000000000 0.4389375000 2
62.4000000000 0.4390000000 2
62.5000000000 0.4390625000 2
62.6000000000 0.4391250000 2
62.7000000000 0.4391875000 2
62.8000000000 0.4392500000 2
62.9000000000 0.4393125000 2
63.0000000000 0.4393750000 2
63.1000000000 0.4394375000 2
63.2000000000 0.4395000000 2
63.3000000000 0.4395625000 2
63.4000000000 0.4396250000 2
63.5000000000 0.4396875000 2
63.6000000000 0.4397500000 2
63.7000000000 0.4398125000 2
63.8000000000 0.4398750000 2
63.9000000000 0.4399375000 2
64.0000000000 0.4400000000 2
64.1000000000 0.4400625000 2
64.2000000000 0.4401250000 2
64.3000000000 0.4401875000 2
64.4000000000 0.4402500000 2
64.5000000000 0.4403125000 2
64.6000000000 0.4403750000 2
64.7000000000 0.4404375000 2
64.8000000000 0.4405000000 2
64.9000000000 0.4405625000 2
65.0000000000 0.4406250000 2
65.1000000000 0.4406875000 2
65.2000000000 0.4407500000 2
65.3000000000 0.4408125000 2
65.4000000000 0.4408750000 2
65.5000000000 0.4409375000 2
65.6000000000 0.4410000000 2
65.7000000000 0.4410625000 2
65.8000000000 0.4411250000 2
65.9000000000 0.4411875000 2
66.0000000000 0.4412500000 2
66.1000000000 0.4413125000 2
66.2000000000 0.4413750000 2
66.3000000000 0.4414375000 2
66.4000000000 0.4415000000 2
66.5000000000 0.4415625000 2
66.6000000000 0.4416250000 2
66.7000000000 0.4416875000 2
66.8000000000 0.4417500000 2
66.9000000000 0.4418125000 2
67.0000000000 0.4418750000 2
67.1000000000 0.4419375000 2
67.2000000000 0.4420000000 2
67.3000000000 0.4420625000 2
67.4000000000 0.4421250000 2
67.5000000000 0.4421875000 2
67.6000000000 0.4422500000 2
67.7000000000 0.4423125000 2
67.8000000000 0.4423750000 2
67.9000000000 0.4424375000 2
68.0000000000 0.4425000000 2
68.1000000000 0.4425625000 2
68.2000000000 0.4426250000 2
68.3000000000 0.4426875000 2
68.4000000000 0.4427500000 2
68.5000000000 0.4428125000 2
68.6000000000 0.4428750000 2
68.7000000000 0.4429375000 2
68.8000000000 0.4430000000 2
68.9000000000 0.4430625000 2
69.0000000000 0.4431250000 2
69.1000000000 0.4431875000 2
69.2000000000 0.4432500000 2
69.3000000000 0.4433125000 2
69.4000000000 0.4433750000 2
69.5000000000 0.4434375000 2
69.6000000000 0.4435000000 2
69.7000000000 0.4435625000 2
69.8000000000 0.4436250000 2
69.9000000000 0.4436875000 2
70.0000000000 0.4437500000 2
70.1000000000 0.4438125000 2
70.2000000000 0.4438750000 2
70.3000000000 0.4439375000 2
70.4000000000 0.4440000000 2
70.5000000000 0.4440625000 2
70.6000000000 0.4441250000 2
70.7000000000 0.4441875000 2
70.8000000000 0.4442500000 2
70.9000000000 0.4443125000 2
71.0000000000 0.4443750000 2
71.1000000000 0.4444375000 2
71.2000000000 0.4445000000 2
71.3000000000 0.4445625000 2
71.4000000000 0.4446250000 2
71.5000000000 0.4446875000 2
71.6000000000 0.4447500000 2
71.7000000000 0.4448125000 2
71.8000000000 0.4448750000 2
71.9000000000 0.4449375000 2
72.0000000000 0.4450000000 2
72.1000000000 0.4450625000 2
72.2000000000 0.4451250000 2
72.3000000000 0.4451875000 2
72.4000000000 0.4452500000 2
72.5000000000 0.4453125000 2
72.6000000000 0.4453750000 2
72.7000000000 0.4454375000 2
72.8000000000 0.4455000000 2
72.9000000000 0.4455625000 2
73.0000000000 0.4456250000 2
73.1000000000 0.4456875000 2
73.2000000000 0.4457500000 2
73.3000000000 0.4458125000 2
73.4000000000 0.4458750000 2
73.5000000000 0.4459375000 2
73.6000000000 0.4460000000 2
73.7000000000 0.4460625000 2
73.8000000000 0.4461250000 2
73.9000000000 0.4461875000 2
74.0000000000 0.4462500000 2
74.1000000000 0.4463125000 2
74.2000000000 0.4463750000 2
74.3000000000 0.4464375000 2
74.4000000000 0.4465000000 2
74.5000000000 0.4465625000 2
74.6000000000 0.4466250000 2
74.7000000000 0.4466875000 2
74.8000000000 0.4467500000 2
74.9000000000 0.4468125000 2
75.0000000000 0.4468750000 2
75.1000000000 0.4469375000 2
75.2000000000 0.4470000000 2
75.3000000000 0.4470625000 2
75.4000000000 0.4471250000 2
75.5000000000 0.4471875000 2
75.6000000000 0.4472500000 2
75.7000000000 0.4473125000 2
75.8000000000 0.4473750000 2
75.9000000000 0.4474375000 2
76.0000000000 0.4475000000 2
76.1000000000 0.4475625000 2
76.2000000000 0.4476250000 2
76.3000000000 0.4476875000 2
76.4000000000 0.4477500000 2
76.5000000000 0.4478125000 2
76.6000000000 0.4478750000 2
76.7000000000 0.4479375000 2
76.8000000000 0.4480000000 2
76.9000000000 0.4480625000 2
77.0000000000 0.4481250000 2
77.1000000000 0.4481875000 2
77.2000000000 0.4482500000 2
77.3000000000 0.4483125000 2
77.4000000000 0.4483750000 2
77.5000000000 0.4484375000 2
77.6000000000 0.4485000000 2
77.7000000000 0.4485625000 2
77.8000000000 0.4486250000 2
77.9000000000 0.4486875000 2
78.0000000000 0.4487500000 2
78.1000000000 0.4488125000 2
78.2000000000 0.4488750000 2
78.3000000000 0.4489375000 2
78.4000000000 0.4490000000 2
78.5000000000 0.4490625000 2
78.6000000000 0.4491250000 2
78.7000000000 0.4491875000 2
78.8000000000 0.4492500000 2
78.9000000000 0.4493125000 2
79.0000000000 0.4493750000 2
79.1000000000 0.4494375000 2
79.2000000000 0.4495000000 2
79.3000000000 0.4495625000 2
79.4000000000 0.4496250000 2
79.5000000000 0.4496875000 2
79.6000000000 0.4497500000 2
79.7000000000 0.4498125000 2
79.8000000000 0.4498750000 2
79.9000000000 0.4499375000 2
80.0000000000 0.4500000000 2
80.1000000000 0.4500625000 2
80.2000000000 0.4501250000 2
80.3000000000 0.4501875000 2
80.4000000000 0.4502500000 2
80.5000000000 0.4503125000 2
80.6000000000 0.4503750000 2
80.7000000000 0.4504375000 2
80.8000000000 0.4505000000 2
80.9000000000 0.4505625000 2
81.0000000000 0.4506250000 2
81.1000000000 0.4506875000 2
81.2000000000 0.4507500000 2
81.3000000000 0.4508125000 2
81.4000000000 0.4508750000 2
81.5000000000 0.4509375000 2
81.6000000000 0.4510000000 2
81.7000000000 0.4510625000 2
81.8000000000 0.4511250000 2
81.9000000000 0.4511875000 2
82.0000000000 0.4512500000 2
82.1000000000 0.4513125000 2
82.2000000000 0.4513750000 2
82.3000000000 0.4514375000 2
82.4000000000 0.4515000000 2
82.5000000000 0.4515625000 2
82.6000000000 0.4516250000 2
82.7000000000 0.4516875000 2
82.8000000000 0.4517500000 2
82.9000000000 0.4518125000 2
83.0000000000 0.4518750000 2
83.1000000000 0.4519375000 2
83.2000000000 0.4520000000 2
83.3000000000 0.4520625000 2
83.4000000000 0.4521250000 2
83.5000000000 0.4521875000 2
83.6000000000 0.4522500000 2
83.7000000000 0.4523125000 2
83.8000000000 0.4523750000 2
83.9000000000 0.4524375000 2
84.0000000000 0.4525000000 2
84.1000000000 0.4525625000 2
84.2000000000 0.4526250000 2
84.3000000000 0.4526875000 2
84.4000000000 0.4527500000 2
84.5000000000 0.4528125000 2
84.6000000000 0.4528750000 2
84.7000000000 0.4529375000 2
84.8000000000 0.4530000000 2
84.9000000000 0.4530625000 2
85.0000000000 0.4531250000 2
85.1000000000 0.4531875000 2
85.2000000000 0.4532500000 2
85.3000000000 0.4533125000 2
85.4000000000 0.4533750000 2
85.5000000000 0.4534375000 2
85.6000000000 0.4535000000 2
85.7000000000 0.4535625000 2
85.8000000000 0.4536250000 2
85.9000000000 0.4536875000 2
86.0000000000 0.4537500000 2
86.1000000000 0.4538125000 2
86.2000000000 0.4538750000 2
86.3000000000 0.4539375000 2
86.4000000000 0.4540000000 2
86.5000000000 0.4540625000 2
86.6000000000 0.4541250000 2
86.7000000000 0.4541875000 2
86.8000000000 0.4542500000 2
86.9000000000 0.4543125000 2
87.0000000000 0.4543750000 2
87.1000000000 0.4544375000 2
87.2000000000 0.4545000000 2
87.3000000000 0.4545625000 2
87.4000000000 0.4546250000 2
87.5000000000 0.4546875000 2
87.6000000000 0.4547500000 2
87.7000000000 0.4548125000 2
87.8000000000 0.4548750000 2
87.9000000000 0.4549375000 2
88.0000000000 0.4550000000 2
88.1000000000 0.4550625000 2
88.2000000000 0.4551250000 2
88.3000000000 0.4551875000 2
88.4000000000 0.4552500000 2
88.5000000000 0.4553125000 2
88.6000000000 0.4553750000 2
88.7000000000 0.4554375000 2
88.8000000000 0.4555000000 2
88.9000000000 0.4555625000 2
89.0000000000 0.4556250000 2
89.1000000000 0.4556875000 2
89.2000000000 0.4557500000 2
89.3000000000 0.4558125000 2
89.4000000000 0.4558750000 2
89.5000000000 0.4559375000 2
89.6000000000 0.4560000000 2
89.7000000000 0.4560625000 2
89.8000000000 0.4561250000 2
89.9000000000 0.4561875000 2
90.0000000000 0.4562500000 2
90.1000000000 0.4563125000 2
90.2000000000 0.4563750000 2
90.3000000000 0.4564375000 2
90.4000000000 0.4565000000 2
90.5000000000 0.4565625000 2
90.6000000000 0.4566250000 2
90.7000000000 0.4566875000 2
90.8000000000 0.4567500000 2
90.9000000000 0.4568125000 2
91.0000000000 0.4568750000 2
91.1000000000 0.4569375000 2
91.2000000000 0.4570000000 2
91.3000000000 0.4570625000 2
91.4000000000 0.4571250000 2
91.5000000000 0.4571875000 2
91.6000000000 0.4572500000 2
91.7000000000 0.4573125000 2
91.8000000000 0.4573750000 2
91.9000000000 0.4574375000 2
92.0000000000 0.4575000000 2
92.1000000000 0.4575625000 2
92.2000000000 0.4576250000 2
92.3000000000 0.4576875000 2
92.4000000000 0.4577500000 2
92.5000000000 0.4578125000 2
92.6000000000 0.4578750000 2
92.7000000000 0.4579375000 2
92.8000000000 0.4580000000 2
92.9000000000 0.4580625000 2
93.0000000000 0.4581250000 2
93.1000000000 0.4581875000 2
93.2000000000 0.4582500000 2
93.3000000000 0.4583125000 2
93.4000000000 0.4583750000 2
93.5000000000 0.4584375000 2
93.6000000000 0.4585000000 2
93.7000000000 0.4585625000 2
93.8000000000 0.4586250000 2
93.9000000000 0.4586875000 2
94.0000000000 0.4587500000 2
94.1000000000 0.4588125000 2
94.2000000000 0.4588750000 2
94.3000000000 0.4589375000 2
94.4000000000 0.4590000000 2
94.5000000000 0.4590625000 2
94.6000000000 0.4591250000 2
94.7000000000 0.4591875000 2
94.8000000000 0.4592500000 2
94.9000000000 0.4593125000 2
95.0000000000 0.4593750000 2
95.1000000000 0.4594375000 2
95.2000000000 0.4595000000 2
95.3000000000 0.4595625000 2
95.4000000000 0.4596250000 2
95.5000000000 0.4596875000 2
95.6000000000 0.4597500000 2
95.7000000000 0.4598125000 2
95.8000000000 0.4598750000 2
95.9000000000 0.4599375000 2
96.0000000000 0.4600000000 2
96.1000000000 0.4600625000 2
96.2000000000 0.4601250000 2
96.3000000000 0.4601875000 2
96.4000000000 0.4602500000 2
96.5000000000 0.4603125000 2
96.6000000000 0.4603750000 2
96.7000000000 0.4604375000 2
96.8000000000 0.4605000000 2
96.9000000000 0.4605625000 2
97.0000000000 0.4606250000 2
97.1000000000 0.4606875000 2
97.2000000000 0.4607500000 2
97.3000000000 0.4608125000 2
97.4000000000 0.4608750000 2
97.5000000000 0.4609375000 2
97.6000000000 0.4610000000 2
97.7000000000 0.4610625000 2
97.8000000000 0.4611250000 2
97.9000000000 0.4611875000 2
98.0000000000 0.4612500000 2
98.1000000000 0.4613125000 2
98.2000000000 0.4613750000 2
98.3000000000 0.4614375000 2
98.4000000000 0.4615000000 2
98.5000000000 0.4615625000 2
98.6000000000 0.4616250000 2
98.7000000000 0.4616875000 2
98.8000000000 0.4617500000 2
98.9000000000 0.4618125000 2
99.0000000000 0.4618750000 2
99.1000000000 0.4619375000 2
99.2000000000 0.4620000000 2
99.3000000000 0.4620625000 2
99.4000000000 0.4621250000 2
99.5000000000 0.4621875000 2
99.6000000000 0.4622500000 2
99.7000000000 0.4623125000 2
99.8000000000 0.4623750000 2
99.9000000000 0.4624375000 2
100.0000000000 0.4625000000 2
100.1000000000 0.4625625000 2
100.2000000000 0.4626250000 2
100.3000000000 0.4626875000 2
100.4000000000 0.4627500000 2
100.5000000000 0.4628125000 2
100.6000000000 0.4628750000 2
100.7000000000 0.4629375000 2
100.8000000000 0.4630000000 2
100.9000000000 0.4630625000 2
101.0000000000 0.4631250000 2
101.1000000000 0.4631875000 2
101.2000000000 0.4632500000 2
101.3000000000 0.4633125000 2
101.4000000000 0.4633750000 2
101.5000000000 0.4634375000 2
101.6000000000 0.4635000000 2
101.7000000000 0.4635625000 2
101.8000000000 0.4636250000 2
101.9000000000 0.4636875000 2
102.0000000000 0.4637500000 2
102.1000000000 0.4638125000 2
102.2000000000 0.4638750000 2
102.3000000000 0.4639375000 2
102.4000000000 0.4640000000 2
102.5000000000 0.4640625000 2
102.6000000000 0.4641250000 2
102.7000000000 0.4641875000 2
102.8000000000 0.4642500000 2
102.9000000000 0.4643125000 2
103.0000000000 0.4643750000 2
103.1000000000 0.4644375000 2
103.2000000000 0.4645000000 2
103.3000000000 0.4645625000 2
103.4000000000 0.4646250000 2
103.5000000000 0.4646875000 2
103.6000000000 0.4647500000 2
103.7000000000 0.4648125000 2
103.8000000000 0.4648750000 2
103.9000000000 0.4649375000 2
104.0000000000 0.4650000000 2
104.1000000000 0.4650625000 2
104.2000000000 0.4651250000 2
104.3000000000 0.4651875000 2
104.4000000000 0.4652500000 2
104.5000000000 0.4653125000 2
104.6000000000 0.4653750000 2
104.7000000000 0.4654375000 2
104.8000000000 0.4655000000 2
104.9000000000 0.4655625000 2
105.0000000000 0.4656250000 2
105.1000000000 0.4656875000 2
105.2000000000 0.4657500000 2
105.3000000000 0.4658125000 2
105.4000000000 0.4658750000 2
105.5000000000 0.4659375000 2
105.6000000000 0.4660000000 2
105.7000000000 0.4660625000 2
105.8000000000 0.4661250000 2
105.9000000000 0.4661875000 2
106.0000000000 0.4662500000 2
106.1000000000 0.4663125000 2
106.2000000000 0.4663750000 2
106.3000000000 0.4664375000 2
106.4000000000 0.4665000000 2
106.5000000000 0.4665625000 2
106.6000000000 0.4666250000 2
106.7000000000 0.4666875000 2
106.8000000000 0.4667500000 2
106.9000000000 0.4668125000 2
107.0000000000 0.4668750000 2
107.1000000000 0.4669375000 2
107.2000000000 0.4670000000 2
107.3000000000 0.4670625000 2
107.4000000000 0.4671250000 2
107.5000000000 0.4671875000 2
107.6000000000 0.4672500000 2
107.7000000000 0.4673125000 2
107.8000000000 0.4673750000 2
107.9000000000 0.4674375000 2
108.0000000000 0.4675000000 2
108.1000000000 0.4675625000 2
108.2000000000 0.4676250000 2
108.3000000000 0.4676875000 2
108.4000000000 0.4677500000 2
108.5000000000 0.4678125000 2
108.6000000000 0.4678750000 2
108.7000000000 0.4679375000 2
108.8000000000 0.4680000000 2
108.9000000000 0.4680625000 2
109.0000000000 0.4681250000 2
109.1000000000 0.4681875000 2
109.2000000000 0.4682500000 2
109.3000000000 0.4683125000 2
109.4000000000 0.4683750000 2
109.5000000000 0.4684375000 2
109.6000000000 0.4685000000 2
109.7000000000 0.4685625000 2
109.8000000000 0.4686250000 2
109.9000000000 0.4686875000 2
110.0000000000 0.4687500000 2
110.1000000000 0.4688125000 2
110.2000000000 0.4688750000 2
110.3000000000 0.4689375000 2
110.4000000000 0.4690000000 2
110.5000000000 0.4690625000 2
110.6000000000 0.4691250000 2
110.7000000000 0.4691875000 2
110.8000000000 0.4692500000 2
110.9000000000 0.4693125000 2
111.0000000000 0.4693750000 2
111.1000000000 0.4694375000 2
111.2000000000 0.4695000000 2
111.3000000000 0.4695625000 2
111.4000000000 0.4696250000 2
111.5000000000 0.4696875000 2
111.6000000000 0.4697500000 2
111.7000000000 0.4698125000 2
111.8000000000 0.4698750000 2
111.9000000000 0.4699375000 2
112.0000000000 0.4700000000 2
112.1000000000 0.4700625000 2
112.2000000000 0.4701250000 2
112.3000000000 0.4701875000 2
112.4000000000 0.4702500000 2
112.5000000000 0.4703125000 2
112.6000000000 0.4703750000 2
112.7000000000 0.4704375000 2
112.8000000000 0.4705000000 2
112.9000000000 0.4705625000 2
113.0000000000 0.4706250000 2
113.1000000000 0.4706875000 2
113.2000000000 0.4707500000 2
113.3000000000 0.4708125000 2
113.4000000000 0.4708750000 2
113.5000000000 0.4709375000 2
113.6000000000 0.4710000000 2
113.7000000000 0.4710625000 2
113.8000000000 0.4711250000 2
113.9000000000 0.4711875000 2
114.0000000000 0.4712500000 2
114.1000000000 0.4713125000 2
114.2000000000 0.4713750000 2
114.3000000000 0.4714375000 2
114.4000000000 0.4715000000 2
114.5000000000 0.4715625000 2
114.6000000000 0.4716250000 2
114.7000000000 0.4716875000 2
114.8000000000 0.4717500000 2
114.9000000000 0.4718125000 2
115.0000000000 0.4718750000 2
115.1000000000 0.4719375000 2
115.2000000000 0.4720000000 2
115.3000000000 0.4720625000 2
115.4000000000 0.4721250000 2
115.5000000000 0.4721875000 2
115.6000000000 0.4722500000 2
115.7000000000 0.4723125000 2
115.8000000000 0.4723750000 2
115.9000000000 0.4724375000 2
116.0000000000 0.4725000000 2
116.1000000000 0.4725625000 2
116.2000000000 0.4726250000 2
116.3000000000 0.4726875000 2
116.4000000000 0.4727500000 2
116.5000000000 0.4728125000 2
116.6000000000 0.4728750000 2
116.7000000000 0.4729375000 2
116.8000000000 0.4730000000 2
116.9000000000 0.4730625000 2
117.0000000000 0.4731250000 2
117.1000000000 0.4731875000 2
117.2000000000 0.4732500000 2
117.3000000000 0.4733125000 2
117.4000000000 0.4733750000 2
117.5000000000 0.4734375000 2
117.6000000000 0.4735000000 2
117.7000000000 0.4735625000 2
117.8000000000 0.4736250000 2
117.9000000000 0.4736875000 2
118.0000000000 0.4737500000 2
118.1000000000 0.4738125000 2
118.2000000000 0.4738750000 2
118.3000000000 0.4739375000 2
118.4000000000 0.4740000000 2
118.5000000000 0.4740625000 2
118.6000000000 0.4741250000 2
118.7000000000 0.4741875000 2
118.8000000000 0.4742500000 2
118.9000000000 0.4743125000 2
119.0000000000 0.4743750000 2
119.1000000000 0.4744375000 2
119.2000000000 0.4745000000 2
119.3000000000 0.4745625000 2
119.4000000000 0.4746250000 2
119.5000000000 0.4746875000 2
119.6000000000 0.4747500000 2
119.7000000000 0.4748125000 2
119.8000000000 0.4748750000 2
119.9000000000 0.4749375000 2
120.0000000000 0.4750000000 2
120.1000000000 0.4750625000 2
120.2000000000 0.4751250000 2
120.3000000000 0.4751875000 2
120.4000000000 0.4752500000 2
120.5000000000 0.4753125000 2
120.6000000000 0.4753750000 2
120.7000000000 0.4754375000 2
120.8000000000 0.4755000000 2
120.9000000000 0.4755625000 2
121.0000000000 0.4756250000 2
121.1000000000 0.4756875000 2
121.2000000000 0.4757500000 2
121.3000000000 0.4758125000 2
121.4000000000 0.4758750000 2
121.5000000000 0.4759375000 2
121.6000000000 0.4760000000 2
121.7000000000 0.4760625000 2
121.8000000000 0.4761250000 2
121.9000000000 0.4761875000 2
122.0000000000 0.4762500000 2
122.1000000000 0.4763125000 2
122.2000000000 0.4763750000 2
122.3000000000 0.4764375000 2
122.4000000000 0.4765000000 2
122.5000000000 0.4765625000 2
122.6000000000 0.4766250000 2
122.7000000000 0.4766875000 2
122.8000000000 0.4767500000 2
122.9000000000 0.4768125000 2
123.0000000000 0.4768750000 2
123.1000000000 0.4769375000 2
123.2000000000 0.4770000000 2
123.3000000000 0.4770625000 2
123.4000000000 0.4771250000 2
123.5000000000 0.4771875000 2
123.6000000000 0.4772500000 2
123.7000000000 0.4773125000 2
123.8000000000 0.4773750000 2
123.9000000000 0.4774375000 2
124.0000000000 0.4775000000 2
124.1000000000 0.4775625000 2
124.2000000000 0.4776250000 2
124.3000000000 0.4776875000 2
124.4000000000 0.4777500000 2
124.5000000000 0.4778125000 2
124.6000000000 0.4778750000 2
124.7000000000 0.4779375000 2
124.8000000000 0.4780000000 2
124.9000000000 0.4780625000 2
125.0000000000 0.4781250000 2
125.1000000000 0.4781875000 2
125.2000000000 0.4782500000 2
125.3000000000 0.4783125000 2
125.4000000000 0.4783750000 2
125.5000000000 0.4784375000 2
125.6000000000 0.4785000000 2
125.7000000000 0.4785625000 2
125.8000000000 0.4786250000 2
125.9000000000 0.4786875000 2
126.0000000000 0.4787500000 2
126.1000000000 0.4788125000 2
126.2000000000 0.4788750000 2
126.3000000000 0.4789375000 2
126.4000000000 0.4790000000 2
126.5000000000 0.4790625000 2
126.6000000000 0.4791250000 2
126.7000000000 0.4791875000 2
126.8000000000 0.4792500000 2
126.9000000000 0.4793125000 2
127.0000000000 0.4793750000 2
127.1000000000 0.4794375000 2
127.2000000000 0.4795000000 2
127.3000000000 0.4795625000 2
127.4000000000 0.4796250000 2
127.5000000000 0.4796875000 2
127.6000000000 0.4797500000 2
127.7000000000 0.4798125000 2
127.8000000000 0.4798750000 2
127.9000000000 0.4799375000 2
128.0000000000 0.4800000000 2
128.1000000000 0.4800625000 2
128.2000000000 0.4801250000 2
128.3000000000 0.4801875000 2
128.4000000000 0.4802500000 2
128.5000000000 0.4803125000 2
128.6000000000 0.4803750000 2
128.7000000000 0.4804375000 2
128.8000000000 0.4805000000 2
128.9000000000 0.4805625000 2
129.0000000000 0.4806250000 2
129.1000000000 0.4806875000 2
129.2000000000 0.4807500000 2
129.3000000000 0.4808125000 2
129.4000000000 0.4808750000 2
129.5000000000 0.4809375000 2
129.6000000000 0.4810000000 2
129.7000000000 0.4810625000 2
129.8000000000 0.4811250000 2
129.9000000000 0.4811875000 2
130.0000000000 0.4812500000 2
130.1000000000 0.4813125000 2
130.2000000000 0.4813750000 2
130.3000000000 0.4814375000 2
130.4000000000 0.4815000000 2
130.5000000000 0.4815625000 2
130.6000000000 0.4816250000 2
130.7000000000 0.4816875000 2
130.8000000000 0.4817500000 2
130.9000000000 0.4818125000 2
131.0000000000 0.4818750000 2
131.1000000000 0.4819375000 2
131.2000000000 0.4820000000 2
131.3000000000 0.4820625000 2
131.4000000000 0.4821250000 2
131.5000000000 0.4821875000 2
131.6000000000 0.4822500000 2
131.7000000000 0.4823125000 2
131.8000000000 0.4823750000 2
131.9000000000 0.4824375000 2
132.0000000000 0.4825000000 2
132.1000000000 0.4825625000 2
132.2000000000 0.4826250000 2
132.3000000000 0.4826875000 2
132.4000000000 0.4827500000 2
132.5000000000 0.4828125000 2
132.6000000000 0.4828750000 2
132.7000000000 0.4829375000 2
132.8000000000 0.4830000000 2
132.9000000000 0.4830625000 2
133.0000000000 0.4831250000 2
133.1000000000 0.4831875000 2
133.2000000000 0.4832500000 2
133.3000000000 0.4833125000 2
133.4000000000 0.4833750000 2
133.5000000000 0.4834375000 2
133.6000000000 0.4835000000 2
133.7000000000 0.4835625000 2
133.8000000000 0.4836250000 2
133.9000000000 0.4836875000 2
134.0000000000 0.4837500000 2
134.1000000000 0.4838125000 2
134.2000000000 0.4838750000 2
134.3000000000 0.4839375000 2
134.4000000000 0.4840000000 2
134.5000000000 0.4840625000 2
134.6000000000 0.4841250000 2
134.7000000000 0.4841875000 2
134.8000000000 0.4842500000 2
134.9000000000 0.4843125000 2
135.0000000000 0.4843750000 2
135.1000000000 0.4844375000 2
135.2000000000 0.4845000000 2
135.3000000000 0.4845625000 2
135.4000000000 0.4846250000 2
135.5000000000 0.4846875000 2
135.6000000000 0.4847500000 2
135.7000000000 0.4848125000 2
135.8000000000 0.4848750000 2
135.9000000000 0.4849375000 2
136.0000000000 0.4850000000 2
136.1000000000 0.4850625000 2
136.2000000000 0.4851250000 2
136.3000000000 0.4851875000 2
136.4000000000 0.4852500000 2
136.5000000000 0.4853125000 2
136.6000000000 0.4853750000 2
136.7000000000 0.4854375000 2
136.8000000000 0.4855000000 2
136.9000000000 0.4855625000 2
137.0000000000 0.4856250000 2
137.1000000000 0.4856875000 2
137.2000000000 0.4857500000 2
137.3000000000 0.4858125000 2
137.4000000000 0.4858750000 2
137.5000000000 0.4859375000 2
137.6000000000 0.4860000000 2
137.7000000000 0.4860625000 2
137.8000000000 0.4861250000 2
137.9000000000 0.4861875000 2
138.0000000000 0.4862500000 2
138.1000000000 0.4863125000 2
138.2000000000 0.4863750000 2
138.3000000000 0.4864375000 2
138.4000000000 0.4865000000 2
138.5000000000 0.4865625000 2
138.6000000000 0.4866250000 2
138.7000000000 0.4866875000 2
138.8000000000 0.4867500000 2
138.9000000000 0.4868125000 2
139.0000000000 0.4868750000 2
139.1000000000 0.4869375000 2
139.2000000000 0.4870000000 2
139.3000000000 0.4870625000 2
139.4000000000 0.4871250000 2
139.5000000000 0.4871875000 2
139.6000000000 0.4872500000 2
139.7000000000 0.4873125000 2
139.8000000000 0.4873750000 2
139.9000000000 0.4874375000 2
140.0000000000 0.4875000000 2
140.1000000000 0.4875625000 2
140.2000000000 0.4876250000 2
140.3000000000 0.4876875000 2
140.4000000000 0.4877500000 2
140.5000000000 0.4878125000 2
140.6000000000 0.4878750000 2
140.7000000000 0.4879375000 2
140.8000000000 0.4880000000 2
140.9000000000 0.4880625000 2
141.0000000000 0.4881250000 2
141.1000000000 0.4881875000 2
141.2000000000 0.4882500000 2
141.3000000000 0.4883125000 2
141.4000000000 0.4883750000 2
141.5000000000 0.4884375000 2
141.6000000000 0.4885000000 2
141.7000000000 0.4885625000 2
141.8000000000 0.4886250000 2
141.9000000000 0.4886875000 2
142.0000000000 0.4887500000 2
142.1000000000 0.4888125000 2
142.2000000000 0.4888750000 2
142.3000000000 0.4889375000 2
142.4000000000 0.4890000000 2
142.5000000000 0.4890625000 2
142.6000000000 0.4891250000 2
142.7000000000 0.4891875000 2
142.8000000000 0.4892500000 2
142.9000000000 0.4893125000 2
143.0000000000 0.4893750000 2
143.1000000000 0.4894375000 2
143.2000000000 0.4895000000 2
143.3000000000 0.4895625000 2
143.4000000000 0.4896250000 2
143.5000000000 0.4896875000 2
143.6000000000 0.4897500000 2
143.7000000000 0.4898125000 2
143.8000000000 0.4898750000 2
143.9000000000 0.4899375000 2
144.0000000000 0.4900000000 2
144.1000000000 0.4900625000 2
144.2000000000 0.4901250000 2
144.3000000000 0.4901875000 2
144.4000000000 0.4902500000 2
144.5000000000 0.4903125000 2
144.6000000000 0.4903750000 2
144.7000000000 0.4904375000 2
144.8000000000 0.4905000000 2
144.9000000000 0.4905625000 2
145.0000000000 0.4906250000 2
145.1000000000 0.4906875000 2
145.2000000000 0.4907500000 2
145.3000000000 0.4908125000 2
145.4000000000 0.4908750000 2
145.5000000000 0.4909375000 2
145.6000000000 0.4910000000 2
145.7000000000 0.4910625000 2
145.8000000000 0.4911250000 2
145.9000000000 0.4911875000 2
146.0000000000 0.4912500000 2
146.1000000000 0.4913125000 2
146.2000000000 0.4913750000 2
146.3000000000 0.4914375000 2
146.4000000000 0.4915000000 2
146.5000000000 0.4915625000 2
146.6000000000 0.4916250000 2
146.7000000000 0.4916875000 2
146.8000000000 0.4917500000 2
146.9000000000 0.4918125000 2
147.0000000000 0.4918750000 2
147.1000000000 0.4919375000 2
147.2000000000 0.4920000000 2
147.3000000000 0.4920625000 2
147.4000000000 0.4921250000 2
147.5000000000 0.4921875000 2
147.6000000000 0.4922500000 2
147.7000000000 0.4923125000 2
147.8000000000 0.4923750000 2
147.9000000000 0.4924375000 2
148.0000000000 0.4925000000 2
148.1000000000 0.4925625000 2
148.2000000000 0.4926250000 2
148.3000000000 0.4926875000 2
148.4000000000 0.4927500000 2
148.5000000000 0.4928125000 2
148.6000000000 0.4928750000 2
148.7000000000 0.4929375000 2
148.8000000000 0.4930000000 2
148.9000000000 0.4930625000 2
149.0000000000 0.4931250000 2
149.1000000000 0.4931875000 2
149.2000000000 0.4932500000 2
149.3000000000 0.4933125000 2
149.4000000000 0.4933750000 2
149.5000000000 0.4934375000 2
149.6000000000 0.4935000000 2
149.7000000000 0.4935625000 2
149.8000000000 0.4936250000 2
149.9000000000 0.4936875000 2
150.0000000000 0.4937500000 2
150.1000000000 0.4938125000 2
150.2000000000 0.4938750000 2
150.3000000000 0.4939375000 2
150.4000000000 0.4940000000 2
150.5000000000 0.4940625000 2
150.6000000000 0.4941250000 2
150.7000000000 0.4941875000 2
150.8000000000 0.4942500000 2
150.9000000000 0.4943125000 2
151.0000000000 0.4943750000 2
151.1000000000 0.4944375000 2
151.2000000000 0.4945000000 2
151.3000000000 0.4945625000 2
151.4000000000 0.4946250000 2
151.5000000000 0.4946875000 2
151.6000000000 0.4947500000 2
151.7000000000 0.4948125000 2
151.8000000000 0.4948750000 2
151.9000000000 0.4949375000 2
152.0000000000 0.4950000000 2
152.1000000000 0.4950625000 2
152.2000000000 0.4951250000 2
152.3000000000 0.4951875000 2
152.4000000000 0.4952500000 2
152.5000000000 0.4953125000 2
152.6000000000 0.4953750000 2
152.7000000000 0.4954375000 2
152.8000000000 0.4955000000 2
152.9000000000 0.4955625000 2
153.0000000000 0.4956250000 2
153.1000000000 0.4956875000 2
153.2000000000 0.4957500000 2
153.3000000000 0.4958125000 2
153.4000000000 0.4958750000 2
153.5000000000 0.4959375000 2
153.6000000000 0.4960000000 2
153.7000000000 0.4960625000 2
153.8000000000 0.4961250000 2
153.9000000000 0.4961875000 2
154.0000000000 0.4962500000 2
154.1000000000 0.4963125000 2
154.2000000000 0.4963750000 2
154.3000000000 0.4964375000 2
154.4000000000 0.4965000000 2
154.5000000000 0.4965625000 2
154.6000000000 0.4966250000 2
154.7000000000 0.4966875000 2
154.8000000000 0.4967500000 2
154.9000000000 0.4968125000 2
155.0000000000 0.4968750000 2
155.1000000000 0.4969375000 1
155.2000000000 0.4970000000 1
155.3000000000 0.4970625000 1
155.4000000000 0.4971250000 1
155.5000000000 0.4971875000 1
155.6000000000 0.4972500000 1
155.7000000000 0.4973125000 1
155.8000000000 0.4973750000 1
155.9000000000 0.4974375000 1
156.0000000000 0.4975000000 1
156.1000000000 0.4975625000 1
156.2000000000 0.4976250000 1
156.3000000000 0.4976875000 1
156.4000000000 0.4977500000 1
156.5000000000 0.4978125000 1
156.6000000000 0.4978750000 1
156.7000000000 0.4979375000 1
156.8000000000 0.4980000000 1
156.9000000000 0.4980625000 1
157.0000000000 0.4981250000 1
157.1000000000 0.4981875000 1
157.2000000000 0.4982500000 1
157.3000000000 0.4983125000 1
157.4000000000 0.4983750000 1
157.5000000000 0.4984375000 1
157.6000000000 0.4985000000 1
157.7000000000 0.4985625000 1
157.8000000000 0.4986250000 1
157.9000000000 0.4986875000 1
158.0000000000 0.4987500000 1
158.1000000000 0.4988125000 1
158.2000000000 0.4988750000 1
158.3000000000 0.4989375000 1
158.4000000000 0.4990000000 1
158.5000000000 0.4990625000 1
158.6000000000 0.4991250000 1
158.7000000000 0.4991875000 1
158.8000000000 0.4992500000 1
158.9000000000 0.4993125000 1
159.0000000000 0.4993750000 1
159.1000000000 0.4994375000 1
159.2000000000 0.4995000000 1
159.3000000000 0.4995625000 1
159.4000000000 0.4996250000 1
159.5000000000 0.4996875000 1
159.6000000000 0.4997500000 1
159.7000000000 0.4998125000 1
159.8000000000 0.4998750000 1
159.9000000000 0.4999375000 1
160.0000000000 0.5000000000 1
