0.0	0.0053370400	0.9946629600
0.2	0.0053467789	0.9946532211
0.4	0.0053569621	0.9946430379
0.6	0.0053700463	0.9946299537
0.8	0.0053888082	0.9946111918
1.0	0.0054163367	0.9945836633
1.2	0.0054560248	0.9945439752
1.4	0.0055115599	0.9944884401
1.6	0.0055869140	0.9944130860
1.8	0.0056863320	0.9943136680
2.0	0.0058143200	0.9941856800
2.2	0.0059756319	0.9940243681
2.4	0.0061752563	0.9938247437
2.6	0.0064184013	0.9935815987
2.8	0.0067104793	0.9932895207
3.0	0.0070570913	0.9929429087
3.2	0.0074640095	0.9925359905
3.4	0.0079371606	0.9920628394
3.6	0.0084826073	0.9915173927
3.8	0.0091065300	0.9908934700
4.0	0.0098152077	0.9901847923
4.2	0.0106149984	0.9893850016
4.4	0.0115123197	0.9884876803
4.6	0.0125136279	0.9874863721
4.8	0.0136253981	0.9863746019
5.0	0.0148541033	0.9851458967
5.2	0.0162061932	0.9837938068
5.4	0.0176880739	0.9823119261
5.6	0.0193060864	0.9806939136
5.8	0.0210664858	0.9789335142
6.0	0.0229754204	0.9770245796
6.2	0.0250389109	0.9749610891
6.4	0.0272628300	0.9727371700
6.6	0.0296528820	0.9703471180
6.8	0.0322145830	0.9677854170
7.0	0.0349532414	0.9650467586
7.2	0.0378739670	0.9621260330
7.4	0.0409818964	0.9590181036
7.6	0.0442820215	0.9557179785
7.8	0.0477790744	0.9522209256
8.0	0.0514775147	0.9485224853
8.2	0.0553815125	0.9446184875
8.4	0.0594949315	0.9405050685
8.6	0.0638213134	0.9361786866
8.8	0.0683638625	0.9316361375
9.0	0.0731254314	0.9268745686
9.2	0.0781085074	0.9218914926
9.4	0.0833152003	0.9166847997
9.6	0.0887472300	0.9112527700
9.8	0.0944059167	0.9055940833
10.0	0.1002921707	0.8997078293
10.2	0.1064064841	0.8935935159
10.4	0.1127489232	0.8872510768
10.6	0.1193191224	0.8806808776
10.8	0.1261162787	0.8738837213
11.0	0.1331391484	0.8668608516
11.2	0.1403860436	0.8596139564
11.4	0.1478548312	0.8521451688
11.6	0.1555429324	0.8444570676
11.8	0.1634473237	0.8365526763
12.0	0.1715645391	0.8284354609
12.2	0.1798906735	0.8201093265
12.4	0.1884213877	0.8115786123
12.6	0.1971519136	0.8028480864
12.8	0.2060770621	0.7939229379
13.0	0.2151912310	0.7848087690
13.2	0.2244884145	0.7755115855
13.4	0.2339622140	0.7660377860
13.6	0.2436058497	0.7563941503
13.8	0.2534121737	0.7465878263
14.0	0.2633736835	0.7366263165
14.2	0.2734827911	0.7265172089
14.4	0.2837352691	0.7162647309
14.6	0.2941240408	0.7058759592
14.8	0.3046407323	0.6953592677
15.0	0.3152766778	0.6847233222
15.2	0.3260229369	0.6739770631
15.4	0.3368703132	0.6631296868
15.6	0.3478093726	0.6521906274
15.8	0.3588304633	0.6411695367
16.0	0.3699237361	0.6300762639
16.2	0.3810791649	0.6189208351
16.4	0.3922865685	0.6077134315
16.6	0.4035356314	0.5964643686
16.8	0.4148159269	0.5851840731
17.0	0.4261169386	0.5738830614
17.2	0.4374280833	0.5625719167
17.4	0.4487387335	0.5512612665
17.6	0.4600382400	0.5399617600
17.8	0.4712713853	0.5287286147
18.0	0.4822702900	0.5177297100
18.2	0.4930479379	0.5069520621
18.4	0.5035982970	0.4964017030
18.6	0.5138771485	0.4861228515
18.8	0.5238031343	0.4761968657
19.0	0.5334969992	0.4665030008
19.2	0.5435897750	0.4564102250
19.4	0.5539489717	0.4460510283
19.6	0.5645122428	0.4354877572
19.8	0.5752245332	0.4247754668
20.0	0.5861186197	0.4138813803
20.2	0.5971218082	0.4028781918
20.4	0.6080939961	0.3919060039
20.6	0.6190257388	0.3809742612
20.8	0.6299076396	0.3700923604
21.0	0.6407303703	0.3592696297
21.2	0.6514846915	0.3485153085
21.4	0.6621614726	0.3378385274
21.6	0.6727517115	0.3272482885
21.8	0.6832465548	0.3167534452
22.0	0.6936373164	0.3063626836
22.2	0.7039154969	0.2960845031
22.4	0.7140728016	0.2859271984
22.6	0.7241011587	0.2758988413
22.8	0.7339927365	0.2660072635
23.0	0.7437399598	0.2562600402
23.2	0.7533355260	0.2466644740
23.4	0.7627724202	0.2372275798
23.6	0.7720439297	0.2279560703
23.8	0.7811473540	0.2188526460
24.0	0.7900784470	0.2099215530
24.2	0.7988312494	0.2011687506
24.4	0.8074001394	0.1925998606
24.6	0.8157798447	0.1842201553
24.8	0.8239654530	0.1760345470
25.0	0.8319524219	0.1680475781
25.2	0.8397365874	0.1602634126
25.4	0.8473141714	0.1526858286
25.6	0.8546817887	0.1453182113
25.8	0.8618364516	0.1381635484
26.0	0.8687755750	0.1312244250
26.2	0.8754969791	0.1245030209
26.4	0.8819988913	0.1180011087
26.6	0.8882799474	0.1117200526
26.8	0.8943391911	0.1056608089
27.0	0.9001760724	0.0998239276
27.2	0.9057904456	0.0942095544
27.4	0.9111825648	0.0888174352
27.6	0.9163530800	0.0836469200
27.8	0.9213030306	0.0786969694
28.0	0.9260338385	0.0739661615
28.2	0.9305473005	0.0694526995
28.4	0.9348455793	0.0651544207
28.6	0.9389311931	0.0610688069
28.8	0.9428070053	0.0571929947
29.0	0.9464762125	0.0535237875
29.2	0.9499423319	0.0500576681
29.4	0.9532091881	0.0467908119
29.6	0.9562808984	0.0437191016
29.8	0.9591618588	0.0408381412
30.0	0.9618567277	0.0381432723
30.2	0.9643704102	0.0356295898
30.4	0.9667080411	0.0332919589
30.6	0.9688749680	0.0311250320
30.8	0.9708782414	0.0291217586
31.0	0.9727252989	0.0272747011
31.2	0.9744218369	0.0255781631
31.4	0.9759737130	0.0240262870
31.6	0.9773869278	0.0226130722
31.8	0.9786676054	0.0213323946
32.0	0.9798219748	0.0201780252
32.2	0.9808563500	0.0191436500
32.4	0.9817771106	0.0182228894
32.6	0.9825906822	0.0174093178
32.8	0.9833035167	0.0166964833
33.0	0.9839220725	0.0160779275
33.2	0.9844527950	0.0155472050
33.4	0.9849020973	0.0150979027
33.6	0.9852763407	0.0147236593
33.8	0.9855818159	0.0144181841
34.0	0.9858247246	0.0141752754
34.2	0.9860111605	0.0139888395
34.4	0.9861470919	0.0138529081
34.6	0.9862383444	0.0137616556
34.8	0.9862905835	0.0137094165
35.0	0.9863092986	0.0136907014
35.2	0.9862997872	0.0137002128
35.4	0.9862671395	0.0137328605
35.6	0.9862162242	0.0137837758
35.8	0.9861516749	0.0138483251
36.0	0.9860778767	0.0139221233
36.2	0.9859989544	0.0140010456
36.4	0.9859187608	0.0140812392
36.6	0.9858408665	0.0141591335
36.8	0.9857685499	0.0142314501
37.0	0.9857047886	0.0142952114
37.2	0.9856522512	0.0143477488
37.4	0.9856132908	0.0143867092
37.6	0.9855899384	0.0144100616
