0.0	0.0007936738	0.9992063262
0.2	0.0007970888	0.9992029112
0.4	0.0007993348	0.9992006652
0.6	0.0008017471	0.9991982529
0.8	0.0008060201	0.9991939799
1.0	0.0008142026	0.9991857974
1.2	0.0008286925	0.9991713075
1.4	0.0008522296	0.9991477704
1.6	0.0008878881	0.9991121119
1.8	0.0009390669	0.9990609331
2.0	0.0010094800	0.9989905200
2.2	0.0011031452	0.9988968548
2.4	0.0012243718	0.9987756282
2.6	0.0013777477	0.9986222523
2.8	0.0015681246	0.9984318754
3.0	0.0018006038	0.9981993962
3.2	0.0020805196	0.9979194804
3.4	0.0024134225	0.9975865775
3.6	0.0028050619	0.9971949381
3.8	0.0032613677	0.9967386323
4.0	0.0037884309	0.9962115691
4.2	0.0043924841	0.9956075159
4.4	0.0050798813	0.9949201187
4.6	0.0058570770	0.9941429230
4.8	0.0067306048	0.9932693952
5.0	0.0077070558	0.9922929442
5.2	0.0087930567	0.9912069433
5.4	0.0099952471	0.9900047529
5.6	0.0113202575	0.9886797425
5.8	0.0127746864	0.9872253136
6.0	0.0143650776	0.9856349224
6.2	0.0160978977	0.9839021023
6.4	0.0179795131	0.9820204869
6.6	0.0200161683	0.9799838317
6.8	0.0222139628	0.9777860372
7.0	0.0245788301	0.9754211699
7.2	0.0271166271	0.9728833729
7.4	0.0298335783	0.9701664217
7.6	0.0327353913	0.9672646087
7.8	0.0358274855	0.9641725145
8.0	0.0391150348	0.9608849652
8.2	0.0426029482	0.9573970518
8.4	0.0462958507	0.9537041493
8.6	0.0501980643	0.9498019357
8.8	0.0543135907	0.9456864093
9.0	0.0586460939	0.9413539061
9.2	0.0631988844	0.9368011156
9.4	0.0679749037	0.9320250963
9.6	0.0729767101	0.9270232899
9.8	0.0782064657	0.9217935343
10.0	0.0836659241	0.9163340759
10.2	0.0893564196	0.9106435804
10.4	0.0952788571	0.9047211429
10.6	0.1014337036	0.8985662964
10.8	0.1078209809	0.8921790191
11.0	0.1144402597	0.8855597403
11.2	0.1212906544	0.8787093456
11.4	0.1283708199	0.8716291801
11.6	0.1356789496	0.8643210504
11.8	0.1432127745	0.8567872255
12.0	0.1509695639	0.8490304361
12.2	0.1589461272	0.8410538728
12.4	0.1671388178	0.8328611822
12.6	0.1755435370	0.8244564630
12.8	0.1841557411	0.8158442589
13.0	0.1929704477	0.8070295523
13.2	0.2019822454	0.7980177546
13.4	0.2111853032	0.7888146968
13.6	0.2205733819	0.7794266181
13.8	0.2301398467	0.7698601533
14.0	0.2398776805	0.7601223195
14.2	0.2497797334	0.7502202666
14.4	0.2598418869	0.7401581131
14.6	0.2700573099	0.7299426901
14.8	0.2804179196	0.7195820804
15.0	0.2909153147	0.7090846853
15.2	0.3015407921	0.6984592079
15.4	0.3122853664	0.6877146336
15.6	0.3231397895	0.6768602105
15.8	0.3340945704	0.6659054296
16.0	0.3451399969	0.6548600031
16.2	0.3562661566	0.6437338434
16.4	0.3674629599	0.6325370401
16.6	0.3787201618	0.6212798382
16.8	0.3900273856	0.6099726144
17.0	0.4013741461	0.5986258539
17.2	0.4127498730	0.5872501270
17.4	0.4241439347	0.5758560653
17.6	0.4355456620	0.5644543380
17.8	0.4469015564	0.5530984436
18.0	0.4580508229	0.5419491771
18.2	0.4689994684	0.5310005316
18.4	0.4797374454	0.5202625546
18.6	0.4902194501	0.5097805499
18.8	0.5003611881	0.4996388119
19.0	0.5102763283	0.4897236717
19.2	0.5205890411	0.4794109589
19.4	0.5311812331	0.4688187669
19.6	0.5419970234	0.4580029766
19.8	0.5529865470	0.4470134530
20.0	0.5641808904	0.4358191096
20.2	0.5755064554	0.4244935446
20.4	0.5868186847	0.4131813153
20.6	0.5981073485	0.4018926515
20.8	0.6093622555	0.3906377445
21.0	0.6205732761	0.3794267239
21.2	0.6317303652	0.3682696348
21.4	0.6428235849	0.3571764151
21.6	0.6538431273	0.3461568727
21.8	0.6647793369	0.3352206631
22.0	0.6756227317	0.3243772683
22.2	0.6863640255	0.3136359745
22.4	0.6969941481	0.3030058519
22.6	0.7075042657	0.2924957343
22.8	0.7178858004	0.2821141996
23.0	0.7281304491	0.2718695509
23.2	0.7382302008	0.2617697992
23.4	0.7481773545	0.2518226455
23.6	0.7579645345	0.2420354655
23.8	0.7675878275	0.2324121725
24.0	0.7770420049	0.2229579951
24.2	0.7863204442	0.2136795558
24.4	0.7954168910	0.2045831090
24.6	0.8043254712	0.1956745288
24.8	0.8130407031	0.1869592969
25.0	0.8215575076	0.1784424924
25.2	0.8298712174	0.1701287826
25.4	0.8379775853	0.1620224147
25.6	0.8458727905	0.1541272095
25.8	0.8535534441	0.1464465559
26.0	0.8610165932	0.1389834068
26.2	0.8682597239	0.1317402761
26.4	0.8752807624	0.1247192376
26.6	0.8820780752	0.1179219248
26.8	0.8886504680	0.1113495320
27.0	0.8949971830	0.1050028170
27.2	0.9011178953	0.0988821047
27.4	0.9070127076	0.0929872924
27.6	0.9126821441	0.0873178559
27.8	0.9181271427	0.0818728573
28.0	0.9233490462	0.0766509538
28.2	0.9283495927	0.0716504073
28.4	0.9331309044	0.0668690956
28.6	0.9376954753	0.0623045247
28.8	0.9420461586	0.0579538414
29.0	0.9461861519	0.0538138481
29.2	0.9501189831	0.0498810169
29.4	0.9538484935	0.0461515065
29.6	0.9573788222	0.0426211778
29.8	0.9607143876	0.0392856124
30.0	0.9638598705	0.0361401295
30.2	0.9668201942	0.0331798058
30.4	0.9696005062	0.0303994938
30.6	0.9722061581	0.0277938419
30.8	0.9746434070	0.0253565930
31.0	0.9769186802	0.0230813198
31.2	0.9790375934	0.0209624066
31.4	0.9810059083	0.0189940917
31.6	0.9828295118	0.0171704882
31.8	0.9845143946	0.0154856054
32.0	0.9860666296	0.0139333704
32.2	0.9874923505	0.0125076495
32.4	0.9887977300	0.0112022700
32.6	0.9899889583	0.0100110417
32.8	0.9910722214	0.0089277786
33.0	0.9920536800	0.0079463200
33.2	0.9929394483	0.0070605517
33.4	0.9937355731	0.0062644269
33.6	0.9944480134	0.0055519866
33.8	0.9950826206	0.0049173794
34.0	0.9956451186	0.0043548814
34.2	0.9961410852	0.0038589148
34.4	0.9965759333	0.0034240667
34.6	0.9969548938	0.0030451062
34.8	0.9972829979	0.0027170021
35.0	0.9975650613	0.0024349387
35.2	0.9978056686	0.0021943314
35.4	0.9980091588	0.0019908412
35.6	0.9981796114	0.0018203886
35.8	0.9983208338	0.0016791662
36.0	0.9984363491	0.0015636509
36.2	0.9985293858	0.0014706142
36.4	0.9986028674	0.0013971326
36.6	0.9986594038	0.0013405962
36.8	0.9987012835	0.0012987165
37.0	0.9987304669	0.0012695331
37.2	0.9987485807	0.0012514193
37.4	0.9987569131	0.0012430869
37.6	0.9987564107	0.0012435893
