z[um]	w[um]	pcm(0:si, 1:cpcm, 2:apcm)
0.0000000000 0.4700000000 1
0.1000000000 0.4700375000 1
0.2000000000 0.4700750000 1
0.3000000000 0.4701125000 1
0.4000000000 0.4701500000 1
0.5000000000 0.4701875000 1
0.6000000000 0.4702250000 1
0.7000000000 0.4702625000 1
0.8000000000 0.4703000000 1
0.9000000000 0.4703375000 1
1.0000000000 0.4703750000 1
1.1000000000 0.4704125000 1
1.2000000000 0.4704500000 1
1.3000000000 0.4704875000 1
1.4000000000 0.4705250000 1
1.5000000000 0.4705625000 1
1.6000000000 0.4706000000 1
1.7000000000 0.4706375000 1
1.8000000000 0.4706750000 1
1.9000000000 0.4707125000 1
2.0000000000 0.4707500000 1
2.1000000000 0.4707875000 1
2.2000000000 0.4708250000 1
2.3000000000 0.4708625000 1
2.4000000000 0.4709000000 1
2.5000000000 0.4709375000 1
2.6000000000 0.4709750000 1
2.7000000000 0.4710125000 1
2.8000000000 0.4710500000 1
2.9000000000 0.4710875000 1
3.0000000000 0.4711250000 1
3.1000000000 0.4711625000 1
3.2000000000 0.4712000000 1
3.3000000000 0.4712375000 1
3.4000000000 0.4712750000 1
3.5000000000 0.4713125000 1
3.6000000000 0.4713500000 1
3.7000000000 0.4713875000 1
3.8000000000 0.4714250000 1
3.9000000000 0.4714625000 1
4.0000000000 0.4715000000 1
4.1000000000 0.4715375000 1
4.2000000000 0.4715750000 1
4.3000000000 0.4716125000 1
4.4000000000 0.4716500000 1
4.5000000000 0.4716875000 1
4.6000000000 0.4717250000 1
4.7000000000 0.4717625000 1
4.8000000000 0.4718000000 1
4.9000000000 0.4718375000 1
5.0000000000 0.4718750000 1
5.1000000000 0.4719125000 1
5.2000000000 0.4719500000 1
5.3000000000 0.4719875000 1
5.4000000000 0.4720250000 1
5.5000000000 0.4720625000 1
5.6000000000 0.4721000000 1
5.7000000000 0.4721375000 1
5.8000000000 0.4721750000 1
5.9000000000 0.4722125000 1
6.0000000000 0.4722500000 1
6.1000000000 0.4722875000 1
6.2000000000 0.4723250000 1
6.3000000000 0.4723625000 1
6.4000000000 0.4724000000 1
6.5000000000 0.4724375000 1
6.6000000000 0.4724750000 1
6.7000000000 0.4725125000 1
6.8000000000 0.4725500000 1
6.9000000000 0.4725875000 1
7.0000000000 0.4726250000 1
7.1000000000 0.4726625000 1
7.2000000000 0.4727000000 1
7.3000000000 0.4727375000 1
7.4000000000 0.4727750000 1
7.5000000000 0.4728125000 1
7.6000000000 0.4728500000 1
7.7000000000 0.4728875000 1
7.8000000000 0.4729250000 1
7.9000000000 0.4729625000 1
8.0000000000 0.4730000000 1
8.1000000000 0.4730375000 1
8.2000000000 0.4730750000 1
8.3000000000 0.4731125000 1
8.4000000000 0.4731500000 1
8.5000000000 0.4731875000 1
8.6000000000 0.4732250000 1
8.7000000000 0.4732625000 1
8.8000000000 0.4733000000 1
8.9000000000 0.4733375000 1
9.0000000000 0.4733750000 1
9.1000000000 0.4734125000 1
9.2000000000 0.4734500000 1
9.3000000000 0.4734875000 1
9.4000000000 0.4735250000 1
9.5000000000 0.4735625000 1
9.6000000000 0.4736000000 1
9.7000000000 0.4736375000 1
9.8000000000 0.4736750000 1
9.9000000000 0.4737125000 1
10.0000000000 0.4737500000 1
10.1000000000 0.4737875000 1
10.2000000000 0.4738250000 1
10.3000000000 0.4738625000 1
10.4000000000 0.4739000000 1
10.5000000000 0.4739375000 1
10.6000000000 0.4739750000 1
10.7000000000 0.4740125000 1
10.8000000000 0.4740500000 1
10.9000000000 0.4740875000 1
11.0000000000 0.4741250000 1
11.1000000000 0.4741625000 1
11.2000000000 0.4742000000 1
11.3000000000 0.4742375000 1
11.4000000000 0.4742750000 1
11.5000000000 0.4743125000 1
11.6000000000 0.4743500000 1
11.7000000000 0.4743875000 1
11.8000000000 0.4744250000 1
11.9000000000 0.4744625000 1
12.0000000000 0.4745000000 1
12.1000000000 0.4745375000 1
12.2000000000 0.4745750000 1
12.3000000000 0.4746125000 1
12.4000000000 0.4746500000 1
12.5000000000 0.4746875000 1
12.6000000000 0.4747250000 1
12.7000000000 0.4747625000 1
12.8000000000 0.4748000000 1
12.9000000000 0.4748375000 1
13.0000000000 0.4748750000 1
13.1000000000 0.4749125000 1
13.2000000000 0.4749500000 1
13.3000000000 0.4749875000 1
13.4000000000 0.4750250000 1
13.5000000000 0.4750625000 1
13.6000000000 0.4751000000 1
13.7000000000 0.4751375000 1
13.8000000000 0.4751750000 1
13.9000000000 0.4752125000 1
14.0000000000 0.4752500000 1
14.1000000000 0.4752875000 1
14.2000000000 0.4753250000 1
14.3000000000 0.4753625000 1
14.4000000000 0.4754000000 1
14.5000000000 0.4754375000 1
14.6000000000 0.4754750000 1
14.7000000000 0.4755125000 1
14.8000000000 0.4755500000 1
14.9000000000 0.4755875000 1
15.0000000000 0.4756250000 1
15.1000000000 0.4756625000 1
15.2000000000 0.4757000000 1
15.3000000000 0.4757375000 1
15.4000000000 0.4757750000 1
15.5000000000 0.4758125000 1
15.6000000000 0.4758500000 1
15.7000000000 0.4758875000 1
15.8000000000 0.4759250000 1
15.9000000000 0.4759625000 1
16.0000000000 0.4760000000 1
16.1000000000 0.4760375000 1
16.2000000000 0.4760750000 1
16.3000000000 0.4761125000 1
16.4000000000 0.4761500000 1
16.5000000000 0.4761875000 1
16.6000000000 0.4762250000 1
16.7000000000 0.4762625000 1
16.8000000000 0.4763000000 1
16.9000000000 0.4763375000 1
17.0000000000 0.4763750000 1
17.1000000000 0.4764125000 1
17.2000000000 0.4764500000 1
17.3000000000 0.4764875000 1
17.4000000000 0.4765250000 1
17.5000000000 0.4765625000 1
17.6000000000 0.4766000000 1
17.7000000000 0.4766375000 1
17.8000000000 0.4766750000 1
17.9000000000 0.4767125000 1
18.0000000000 0.4767500000 1
18.1000000000 0.4767875000 1
18.2000000000 0.4768250000 1
18.3000000000 0.4768625000 1
18.4000000000 0.4769000000 1
18.5000000000 0.4769375000 1
18.6000000000 0.4769750000 1
18.7000000000 0.4770125000 1
18.8000000000 0.4770500000 1
18.9000000000 0.4770875000 1
19.0000000000 0.4771250000 1
19.1000000000 0.4771625000 1
19.2000000000 0.4772000000 1
19.3000000000 0.4772375000 1
19.4000000000 0.4772750000 1
19.5000000000 0.4773125000 1
19.6000000000 0.4773500000 1
19.7000000000 0.4773875000 1
19.8000000000 0.4774250000 1
19.9000000000 0.4774625000 1
20.0000000000 0.4775000000 1
20.1000000000 0.4775375000 1
20.2000000000 0.4775750000 1
20.3000000000 0.4776125000 1
20.4000000000 0.4776500000 1
20.5000000000 0.4776875000 1
20.6000000000 0.4777250000 1
20.7000000000 0.4777625000 1
20.8000000000 0.4778000000 1
20.9000000000 0.4778375000 1
21.0000000000 0.4778750000 1
21.1000000000 0.4779125000 1
21.2000000000 0.4779500000 1
21.3000000000 0.4779875000 1
21.4000000000 0.4780250000 1
21.5000000000 0.4780625000 1
21.6000000000 0.4781000000 1
21.7000000000 0.4781375000 1
21.8000000000 0.4781750000 1
21.9000000000 0.4782125000 1
22.0000000000 0.4782500000 1
22.1000000000 0.4782875000 1
22.2000000000 0.4783250000 1
22.3000000000 0.4783625000 1
22.4000000000 0.4784000000 1
22.5000000000 0.4784375000 1
22.6000000000 0.4784750000 1
22.7000000000 0.4785125000 1
22.8000000000 0.4785500000 1
22.9000000000 0.4785875000 1
23.0000000000 0.4786250000 1
23.1000000000 0.4786625000 1
23.2000000000 0.4787000000 1
23.3000000000 0.4787375000 1
23.4000000000 0.4787750000 1
23.5000000000 0.4788125000 1
23.6000000000 0.4788500000 1
23.7000000000 0.4788875000 1
23.8000000000 0.4789250000 1
23.9000000000 0.4789625000 1
24.0000000000 0.4790000000 1
24.1000000000 0.4790375000 1
24.2000000000 0.4790750000 1
24.3000000000 0.4791125000 1
24.4000000000 0.4791500000 1
24.5000000000 0.4791875000 1
24.6000000000 0.4792250000 1
24.7000000000 0.4792625000 1
24.8000000000 0.4793000000 1
24.9000000000 0.4793375000 1
25.0000000000 0.4793750000 1
25.1000000000 0.4794125000 1
25.2000000000 0.4794500000 1
25.3000000000 0.4794875000 1
25.4000000000 0.4795250000 1
25.5000000000 0.4795625000 1
25.6000000000 0.4796000000 1
25.7000000000 0.4796375000 1
25.8000000000 0.4796750000 1
25.9000000000 0.4797125000 1
26.0000000000 0.4797500000 1
26.1000000000 0.4797875000 1
26.2000000000 0.4798250000 1
26.3000000000 0.4798625000 1
26.4000000000 0.4799000000 1
26.5000000000 0.4799375000 1
26.6000000000 0.4799750000 1
26.7000000000 0.4800125000 1
26.8000000000 0.4800500000 1
26.9000000000 0.4800875000 1
27.0000000000 0.4801250000 1
27.1000000000 0.4801625000 1
27.2000000000 0.4802000000 1
27.3000000000 0.4802375000 1
27.4000000000 0.4802750000 1
27.5000000000 0.4803125000 1
27.6000000000 0.4803500000 1
27.7000000000 0.4803875000 1
27.8000000000 0.4804250000 1
27.9000000000 0.4804625000 1
28.0000000000 0.4805000000 1
28.1000000000 0.4805375000 1
28.2000000000 0.4805750000 1
28.3000000000 0.4806125000 1
28.4000000000 0.4806500000 1
28.5000000000 0.4806875000 1
28.6000000000 0.4807250000 1
28.7000000000 0.4807625000 1
28.8000000000 0.4808000000 1
28.9000000000 0.4808375000 1
29.0000000000 0.4808750000 1
29.1000000000 0.4809125000 1
29.2000000000 0.4809500000 1
29.3000000000 0.4809875000 1
29.4000000000 0.4810250000 1
29.5000000000 0.4810625000 1
29.6000000000 0.4811000000 1
29.7000000000 0.4811375000 1
29.8000000000 0.4811750000 1
29.9000000000 0.4812125000 1
30.0000000000 0.4812500000 1
30.1000000000 0.4812875000 1
30.2000000000 0.4813250000 1
30.3000000000 0.4813625000 1
30.4000000000 0.4814000000 1
30.5000000000 0.4814375000 1
30.6000000000 0.4814750000 1
30.7000000000 0.4815125000 1
30.8000000000 0.4815500000 1
30.9000000000 0.4815875000 1
31.0000000000 0.4816250000 1
31.1000000000 0.4816625000 1
31.2000000000 0.4817000000 1
31.3000000000 0.4817375000 1
31.4000000000 0.4817750000 1
31.5000000000 0.4818125000 1
31.6000000000 0.4818500000 1
31.7000000000 0.4818875000 1
31.8000000000 0.4819250000 1
31.9000000000 0.4819625000 1
32.0000000000 0.4820000000 1
32.1000000000 0.4820375000 1
32.2000000000 0.4820750000 1
32.3000000000 0.4821125000 1
32.4000000000 0.4821500000 1
32.5000000000 0.4821875000 1
32.6000000000 0.4822250000 1
32.7000000000 0.4822625000 1
32.8000000000 0.4823000000 1
32.9000000000 0.4823375000 1
33.0000000000 0.4823750000 1
33.1000000000 0.4824125000 1
33.2000000000 0.4824500000 1
33.3000000000 0.4824875000 1
33.4000000000 0.4825250000 1
33.5000000000 0.4825625000 1
33.6000000000 0.4826000000 1
33.7000000000 0.4826375000 1
33.8000000000 0.4826750000 1
33.9000000000 0.4827125000 1
34.0000000000 0.4827500000 1
34.1000000000 0.4827875000 1
34.2000000000 0.4828250000 1
34.3000000000 0.4828625000 1
34.4000000000 0.4829000000 1
34.5000000000 0.4829375000 1
34.6000000000 0.4829750000 1
34.7000000000 0.4830125000 1
34.8000000000 0.4830500000 1
34.9000000000 0.4830875000 1
35.0000000000 0.4831250000 1
35.1000000000 0.4831625000 1
35.2000000000 0.4832000000 1
35.3000000000 0.4832375000 1
35.4000000000 0.4832750000 1
35.5000000000 0.4833125000 1
35.6000000000 0.4833500000 1
35.7000000000 0.4833875000 1
35.8000000000 0.4834250000 1
35.9000000000 0.4834625000 1
36.0000000000 0.4835000000 1
36.1000000000 0.4835375000 1
36.2000000000 0.4835750000 1
36.3000000000 0.4836125000 1
36.4000000000 0.4836500000 1
36.5000000000 0.4836875000 1
36.6000000000 0.4837250000 1
36.7000000000 0.4837625000 1
36.8000000000 0.4838000000 1
36.9000000000 0.4838375000 1
37.0000000000 0.4838750000 1
37.1000000000 0.4839125000 1
37.2000000000 0.4839500000 1
37.3000000000 0.4839875000 1
37.4000000000 0.4840250000 1
37.5000000000 0.4840625000 1
37.6000000000 0.4841000000 1
37.7000000000 0.4841375000 1
37.8000000000 0.4841750000 1
37.9000000000 0.4842125000 1
38.0000000000 0.4842500000 1
38.1000000000 0.4842875000 1
38.2000000000 0.4843250000 1
38.3000000000 0.4843625000 1
38.4000000000 0.4844000000 1
38.5000000000 0.4844375000 1
38.6000000000 0.4844750000 1
38.7000000000 0.4845125000 1
38.8000000000 0.4845500000 1
38.9000000000 0.4845875000 1
39.0000000000 0.4846250000 1
39.1000000000 0.4846625000 1
39.2000000000 0.4847000000 1
39.3000000000 0.4847375000 1
39.4000000000 0.4847750000 1
39.5000000000 0.4848125000 1
39.6000000000 0.4848500000 1
39.7000000000 0.4848875000 1
39.8000000000 0.4849250000 1
39.9000000000 0.4849625000 1
40.0000000000 0.4850000000 1
40.1000000000 0.4850375000 1
40.2000000000 0.4850750000 1
40.3000000000 0.4851125000 1
40.4000000000 0.4851500000 1
40.5000000000 0.4851875000 1
40.6000000000 0.4852250000 1
40.7000000000 0.4852625000 1
40.8000000000 0.4853000000 1
40.9000000000 0.4853375000 1
41.0000000000 0.4853750000 1
41.1000000000 0.4854125000 1
41.2000000000 0.4854500000 1
41.3000000000 0.4854875000 1
41.4000000000 0.4855250000 1
41.5000000000 0.4855625000 1
41.6000000000 0.4856000000 1
41.7000000000 0.4856375000 1
41.8000000000 0.4856750000 1
41.9000000000 0.4857125000 1
42.0000000000 0.4857500000 1
42.1000000000 0.4857875000 1
42.2000000000 0.4858250000 1
42.3000000000 0.4858625000 1
42.4000000000 0.4859000000 1
42.5000000000 0.4859375000 1
42.6000000000 0.4859750000 1
42.7000000000 0.4860125000 1
42.8000000000 0.4860500000 1
42.9000000000 0.4860875000 1
43.0000000000 0.4861250000 1
43.1000000000 0.4861625000 1
43.2000000000 0.4862000000 1
43.3000000000 0.4862375000 1
43.4000000000 0.4862750000 1
43.5000000000 0.4863125000 1
43.6000000000 0.4863500000 1
43.7000000000 0.4863875000 1
43.8000000000 0.4864250000 1
43.9000000000 0.4864625000 1
44.0000000000 0.4865000000 1
44.1000000000 0.4865375000 1
44.2000000000 0.4865750000 1
44.3000000000 0.4866125000 1
44.4000000000 0.4866500000 1
44.5000000000 0.4866875000 1
44.6000000000 0.4867250000 1
44.7000000000 0.4867625000 1
44.8000000000 0.4868000000 1
44.9000000000 0.4868375000 1
45.0000000000 0.4868750000 1
45.1000000000 0.4869125000 1
45.2000000000 0.4869500000 1
45.3000000000 0.4869875000 1
45.4000000000 0.4870250000 1
45.5000000000 0.4870625000 1
45.6000000000 0.4871000000 1
45.7000000000 0.4871375000 1
45.8000000000 0.4871750000 1
45.9000000000 0.4872125000 1
46.0000000000 0.4872500000 1
46.1000000000 0.4872875000 1
46.2000000000 0.4873250000 1
46.3000000000 0.4873625000 1
46.4000000000 0.4874000000 1
46.5000000000 0.4874375000 1
46.6000000000 0.4874750000 1
46.7000000000 0.4875125000 1
46.8000000000 0.4875500000 1
46.9000000000 0.4875875000 1
47.0000000000 0.4876250000 1
47.1000000000 0.4876625000 1
47.2000000000 0.4877000000 1
47.3000000000 0.4877375000 1
47.4000000000 0.4877750000 1
47.5000000000 0.4878125000 1
47.6000000000 0.4878500000 1
47.7000000000 0.4878875000 1
47.8000000000 0.4879250000 1
47.9000000000 0.4879625000 1
48.0000000000 0.4880000000 1
48.1000000000 0.4880375000 1
48.2000000000 0.4880750000 1
48.3000000000 0.4881125000 1
48.4000000000 0.4881500000 1
48.5000000000 0.4881875000 1
48.6000000000 0.4882250000 1
48.7000000000 0.4882625000 1
48.8000000000 0.4883000000 1
48.9000000000 0.4883375000 1
49.0000000000 0.4883750000 1
49.1000000000 0.4884125000 1
49.2000000000 0.4884500000 1
49.3000000000 0.4884875000 1
49.4000000000 0.4885250000 1
49.5000000000 0.4885625000 1
49.6000000000 0.4886000000 1
49.7000000000 0.4886375000 1
49.8000000000 0.4886750000 1
49.9000000000 0.4887125000 1
50.0000000000 0.4887500000 1
50.1000000000 0.4887875000 1
50.2000000000 0.4888250000 1
50.3000000000 0.4888625000 1
50.4000000000 0.4889000000 1
50.5000000000 0.4889375000 1
50.6000000000 0.4889750000 1
50.7000000000 0.4890125000 1
50.8000000000 0.4890500000 1
50.9000000000 0.4890875000 1
51.0000000000 0.4891250000 1
51.1000000000 0.4891625000 1
51.2000000000 0.4892000000 1
51.3000000000 0.4892375000 1
51.4000000000 0.4892750000 1
51.5000000000 0.4893125000 1
51.6000000000 0.4893500000 1
51.7000000000 0.4893875000 1
51.8000000000 0.4894250000 1
51.9000000000 0.4894625000 1
52.0000000000 0.4895000000 1
52.1000000000 0.4895375000 1
52.2000000000 0.4895750000 1
52.3000000000 0.4896125000 1
52.4000000000 0.4896500000 1
52.5000000000 0.4896875000 1
52.6000000000 0.4897250000 1
52.7000000000 0.4897625000 1
52.8000000000 0.4898000000 1
52.9000000000 0.4898375000 1
53.0000000000 0.4898750000 1
53.1000000000 0.4899125000 1
53.2000000000 0.4899500000 1
53.3000000000 0.4899875000 1
53.4000000000 0.4900250000 1
53.5000000000 0.4900625000 1
53.6000000000 0.4901000000 1
53.7000000000 0.4901375000 1
53.8000000000 0.4901750000 1
53.9000000000 0.4902125000 1
54.0000000000 0.4902500000 1
54.1000000000 0.4902875000 1
54.2000000000 0.4903250000 1
54.3000000000 0.4903625000 1
54.4000000000 0.4904000000 1
54.5000000000 0.4904375000 1
54.6000000000 0.4904750000 1
54.7000000000 0.4905125000 1
54.8000000000 0.4905500000 1
54.9000000000 0.4905875000 1
55.0000000000 0.4906250000 1
55.1000000000 0.4906625000 1
55.2000000000 0.4907000000 1
55.3000000000 0.4907375000 1
55.4000000000 0.4907750000 1
55.5000000000 0.4908125000 1
55.6000000000 0.4908500000 1
55.7000000000 0.4908875000 1
55.8000000000 0.4909250000 1
55.9000000000 0.4909625000 1
56.0000000000 0.4910000000 1
56.1000000000 0.4910375000 1
56.2000000000 0.4910750000 1
56.3000000000 0.4911125000 1
56.4000000000 0.4911500000 1
56.5000000000 0.4911875000 1
56.6000000000 0.4912250000 1
56.7000000000 0.4912625000 1
56.8000000000 0.4913000000 1
56.9000000000 0.4913375000 1
57.0000000000 0.4913750000 1
57.1000000000 0.4914125000 1
57.2000000000 0.4914500000 1
57.3000000000 0.4914875000 1
57.4000000000 0.4915250000 1
57.5000000000 0.4915625000 1
57.6000000000 0.4916000000 1
57.7000000000 0.4916375000 1
57.8000000000 0.4916750000 1
57.9000000000 0.4917125000 1
58.0000000000 0.4917500000 1
58.1000000000 0.4917875000 1
58.2000000000 0.4918250000 1
58.3000000000 0.4918625000 1
58.4000000000 0.4919000000 1
58.5000000000 0.4919375000 1
58.6000000000 0.4919750000 1
58.7000000000 0.4920125000 1
58.8000000000 0.4920500000 1
58.9000000000 0.4920875000 1
59.0000000000 0.4921250000 1
59.1000000000 0.4921625000 1
59.2000000000 0.4922000000 1
59.3000000000 0.4922375000 1
59.4000000000 0.4922750000 1
59.5000000000 0.4923125000 1
59.6000000000 0.4923500000 1
59.7000000000 0.4923875000 1
59.8000000000 0.4924250000 1
59.9000000000 0.4924625000 1
60.0000000000 0.4925000000 1
60.1000000000 0.4925375000 1
60.2000000000 0.4925750000 1
60.3000000000 0.4926125000 1
60.4000000000 0.4926500000 1
60.5000000000 0.4926875000 1
60.6000000000 0.4927250000 1
60.7000000000 0.4927625000 1
60.8000000000 0.4928000000 1
60.9000000000 0.4928375000 1
61.0000000000 0.4928750000 1
61.1000000000 0.4929125000 1
61.2000000000 0.4929500000 1
61.3000000000 0.4929875000 1
61.4000000000 0.4930250000 1
61.5000000000 0.4930625000 1
61.6000000000 0.4931000000 1
61.7000000000 0.4931375000 1
61.8000000000 0.4931750000 1
61.9000000000 0.4932125000 1
62.0000000000 0.4932500000 1
62.1000000000 0.4932875000 1
62.2000000000 0.4933250000 1
62.3000000000 0.4933625000 1
62.4000000000 0.4934000000 1
62.5000000000 0.4934375000 1
62.6000000000 0.4934750000 1
62.7000000000 0.4935125000 1
62.8000000000 0.4935500000 1
62.9000000000 0.4935875000 1
63.0000000000 0.4936250000 1
63.1000000000 0.4936625000 1
63.2000000000 0.4937000000 1
63.3000000000 0.4937375000 1
63.4000000000 0.4937750000 1
63.5000000000 0.4938125000 1
63.6000000000 0.4938500000 1
63.7000000000 0.4938875000 1
63.8000000000 0.4939250000 1
63.9000000000 0.4939625000 1
64.0000000000 0.4940000000 1
64.1000000000 0.4940375000 1
64.2000000000 0.4940750000 1
64.3000000000 0.4941125000 1
64.4000000000 0.4941500000 1
64.5000000000 0.4941875000 1
64.6000000000 0.4942250000 1
64.7000000000 0.4942625000 1
64.8000000000 0.4943000000 1
64.9000000000 0.4943375000 1
65.0000000000 0.4943750000 1
65.1000000000 0.4944125000 1
65.2000000000 0.4944500000 1
65.3000000000 0.4944875000 1
65.4000000000 0.4945250000 1
65.5000000000 0.4945625000 1
65.6000000000 0.4946000000 1
65.7000000000 0.4946375000 1
65.8000000000 0.4946750000 1
65.9000000000 0.4947125000 1
66.0000000000 0.4947500000 1
66.1000000000 0.4947875000 1
66.2000000000 0.4948250000 1
66.3000000000 0.4948625000 1
66.4000000000 0.4949000000 1
66.5000000000 0.4949375000 1
66.6000000000 0.4949750000 1
66.7000000000 0.4950125000 1
66.8000000000 0.4950500000 1
66.9000000000 0.4950875000 1
67.0000000000 0.4951250000 1
67.1000000000 0.4951625000 1
67.2000000000 0.4952000000 1
67.3000000000 0.4952375000 1
67.4000000000 0.4952750000 1
67.5000000000 0.4953125000 1
67.6000000000 0.4953500000 1
67.7000000000 0.4953875000 1
67.8000000000 0.4954250000 1
67.9000000000 0.4954625000 1
68.0000000000 0.4955000000 1
68.1000000000 0.4955375000 1
68.2000000000 0.4955750000 1
68.3000000000 0.4956125000 1
68.4000000000 0.4956500000 1
68.5000000000 0.4956875000 1
68.6000000000 0.4957250000 1
68.7000000000 0.4957625000 1
68.8000000000 0.4958000000 1
68.9000000000 0.4958375000 1
69.0000000000 0.4958750000 1
69.1000000000 0.4959125000 1
69.2000000000 0.4959500000 1
69.3000000000 0.4959875000 1
69.4000000000 0.4960250000 1
69.5000000000 0.4960625000 1
69.6000000000 0.4961000000 1
69.7000000000 0.4961375000 1
69.8000000000 0.4961750000 1
69.9000000000 0.4962125000 1
70.0000000000 0.4962500000 1
70.1000000000 0.4962875000 1
70.2000000000 0.4963250000 1
70.3000000000 0.4963625000 1
70.4000000000 0.4964000000 1
70.5000000000 0.4964375000 1
70.6000000000 0.4964750000 1
70.7000000000 0.4965125000 1
70.8000000000 0.4965500000 1
70.9000000000 0.4965875000 1
71.0000000000 0.4966250000 1
71.1000000000 0.4966625000 1
71.2000000000 0.4967000000 1
71.3000000000 0.4967375000 1
71.4000000000 0.4967750000 1
71.5000000000 0.4968125000 1
71.6000000000 0.4968500000 1
71.7000000000 0.4968875000 1
71.8000000000 0.4969250000 1
71.9000000000 0.4969625000 1
72.0000000000 0.4970000000 1
72.1000000000 0.4970375000 1
72.2000000000 0.4970750000 1
72.3000000000 0.4971125000 1
72.4000000000 0.4971500000 1
72.5000000000 0.4971875000 1
72.6000000000 0.4972250000 1
72.7000000000 0.4972625000 1
72.8000000000 0.4973000000 1
72.9000000000 0.4973375000 1
73.0000000000 0.4973750000 1
73.1000000000 0.4974125000 1
73.2000000000 0.4974500000 1
73.3000000000 0.4974875000 1
73.4000000000 0.4975250000 1
73.5000000000 0.4975625000 1
73.6000000000 0.4976000000 1
73.7000000000 0.4976375000 1
73.8000000000 0.4976750000 1
73.9000000000 0.4977125000 1
74.0000000000 0.4977500000 1
74.1000000000 0.4977875000 1
74.2000000000 0.4978250000 1
74.3000000000 0.4978625000 1
74.4000000000 0.4979000000 1
74.5000000000 0.4979375000 1
74.6000000000 0.4979750000 1
74.7000000000 0.4980125000 1
74.8000000000 0.4980500000 1
74.9000000000 0.4980875000 1
75.0000000000 0.4981250000 1
75.1000000000 0.4981625000 1
75.2000000000 0.4982000000 1
75.3000000000 0.4982375000 1
75.4000000000 0.4982750000 1
75.5000000000 0.4983125000 1
75.6000000000 0.4983500000 1
75.7000000000 0.4983875000 1
75.8000000000 0.4984250000 1
75.9000000000 0.4984625000 1
76.0000000000 0.4985000000 1
76.1000000000 0.4985375000 1
76.2000000000 0.4985750000 1
76.3000000000 0.4986125000 1
76.4000000000 0.4986500000 1
76.5000000000 0.4986875000 1
76.6000000000 0.4987250000 1
76.7000000000 0.4987625000 1
76.8000000000 0.4988000000 1
76.9000000000 0.4988375000 1
77.0000000000 0.4988750000 1
77.1000000000 0.4989125000 1
77.2000000000 0.4989500000 1
77.3000000000 0.4989875000 1
77.4000000000 0.4990250000 1
77.5000000000 0.4990625000 1
77.6000000000 0.4991000000 1
77.7000000000 0.4991375000 1
77.8000000000 0.4991750000 1
77.9000000000 0.4992125000 1
78.0000000000 0.4992500000 1
78.1000000000 0.4992875000 1
78.2000000000 0.4993250000 1
78.3000000000 0.4993625000 1
78.4000000000 0.4994000000 1
78.5000000000 0.4994375000 1
78.6000000000 0.4994750000 1
78.7000000000 0.4995125000 1
78.8000000000 0.4995500000 1
78.9000000000 0.4995875000 1
79.0000000000 0.4996250000 1
79.1000000000 0.4996625000 1
79.2000000000 0.4997000000 1
79.3000000000 0.4997375000 1
79.4000000000 0.4997750000 1
79.5000000000 0.4998125000 1
79.6000000000 0.4998500000 1
79.7000000000 0.4998875000 1
79.8000000000 0.4999250000 1
79.9000000000 0.4999625000 1
80.0000000000 0.5000000000 1
80.1000000000 0.5000375000 1
80.2000000000 0.5000750000 1
80.3000000000 0.5001125000 1
80.4000000000 0.5001500000 1
80.5000000000 0.5001875000 1
80.6000000000 0.5002250000 1
80.7000000000 0.5002625000 1
80.8000000000 0.5003000000 1
80.9000000000 0.5003375000 1
81.0000000000 0.5003750000 1
81.1000000000 0.5004125000 1
81.2000000000 0.5004500000 1
81.3000000000 0.5004875000 1
81.4000000000 0.5005250000 1
81.5000000000 0.5005625000 1
81.6000000000 0.5006000000 1
81.7000000000 0.5006375000 1
81.8000000000 0.5006750000 1
81.9000000000 0.5007125000 1
82.0000000000 0.5007500000 1
82.1000000000 0.5007875000 1
82.2000000000 0.5008250000 1
82.3000000000 0.5008625000 1
82.4000000000 0.5009000000 1
82.5000000000 0.5009375000 1
82.6000000000 0.5009750000 1
82.7000000000 0.5010125000 1
82.8000000000 0.5010500000 1
82.9000000000 0.5010875000 1
83.0000000000 0.5011250000 1
83.1000000000 0.5011625000 1
83.2000000000 0.5012000000 1
83.3000000000 0.5012375000 1
83.4000000000 0.5012750000 1
83.5000000000 0.5013125000 1
83.6000000000 0.5013500000 1
83.7000000000 0.5013875000 1
83.8000000000 0.5014250000 1
83.9000000000 0.5014625000 1
84.0000000000 0.5015000000 1
84.1000000000 0.5015375000 1
84.2000000000 0.5015750000 1
84.3000000000 0.5016125000 1
84.4000000000 0.5016500000 1
84.5000000000 0.5016875000 1
84.6000000000 0.5017250000 1
84.7000000000 0.5017625000 1
84.8000000000 0.5018000000 1
84.9000000000 0.5018375000 1
85.0000000000 0.5018750000 1
85.1000000000 0.5019125000 1
85.2000000000 0.5019500000 1
85.3000000000 0.5019875000 1
85.4000000000 0.5020250000 1
85.5000000000 0.5020625000 1
85.6000000000 0.5021000000 1
85.7000000000 0.5021375000 1
85.8000000000 0.5021750000 1
85.9000000000 0.5022125000 1
86.0000000000 0.5022500000 1
86.1000000000 0.5022875000 1
86.2000000000 0.5023250000 1
86.3000000000 0.5023625000 1
86.4000000000 0.5024000000 1
86.5000000000 0.5024375000 1
86.6000000000 0.5024750000 1
86.7000000000 0.5025125000 1
86.8000000000 0.5025500000 1
86.9000000000 0.5025875000 1
87.0000000000 0.5026250000 1
87.1000000000 0.5026625000 1
87.2000000000 0.5027000000 1
87.3000000000 0.5027375000 1
87.4000000000 0.5027750000 1
87.5000000000 0.5028125000 1
87.6000000000 0.5028500000 1
87.7000000000 0.5028875000 1
87.8000000000 0.5029250000 1
87.9000000000 0.5029625000 1
88.0000000000 0.5030000000 1
88.1000000000 0.5030375000 1
88.2000000000 0.5030750000 1
88.3000000000 0.5031125000 1
88.4000000000 0.5031500000 1
88.5000000000 0.5031875000 1
88.6000000000 0.5032250000 1
88.7000000000 0.5032625000 1
88.8000000000 0.5033000000 1
88.9000000000 0.5033375000 1
89.0000000000 0.5033750000 1
89.1000000000 0.5034125000 1
89.2000000000 0.5034500000 1
89.3000000000 0.5034875000 1
89.4000000000 0.5035250000 1
89.5000000000 0.5035625000 1
89.6000000000 0.5036000000 1
89.7000000000 0.5036375000 1
89.8000000000 0.5036750000 1
89.9000000000 0.5037125000 1
90.0000000000 0.5037500000 1
90.1000000000 0.5037875000 1
90.2000000000 0.5038250000 1
90.3000000000 0.5038625000 1
90.4000000000 0.5039000000 1
90.5000000000 0.5039375000 1
90.6000000000 0.5039750000 1
90.7000000000 0.5040125000 1
90.8000000000 0.5040500000 1
90.9000000000 0.5040875000 1
91.0000000000 0.5041250000 1
91.1000000000 0.5041625000 1
91.2000000000 0.5042000000 1
91.3000000000 0.5042375000 1
91.4000000000 0.5042750000 1
91.5000000000 0.5043125000 1
91.6000000000 0.5043500000 1
91.7000000000 0.5043875000 1
91.8000000000 0.5044250000 1
91.9000000000 0.5044625000 1
92.0000000000 0.5045000000 1
92.1000000000 0.5045375000 1
92.2000000000 0.5045750000 1
92.3000000000 0.5046125000 1
92.4000000000 0.5046500000 1
92.5000000000 0.5046875000 1
92.6000000000 0.5047250000 1
92.7000000000 0.5047625000 1
92.8000000000 0.5048000000 1
92.9000000000 0.5048375000 1
93.0000000000 0.5048750000 1
93.1000000000 0.5049125000 1
93.2000000000 0.5049500000 1
93.3000000000 0.5049875000 1
93.4000000000 0.5050250000 1
93.5000000000 0.5050625000 1
93.6000000000 0.5051000000 1
93.7000000000 0.5051375000 1
93.8000000000 0.5051750000 1
93.9000000000 0.5052125000 1
94.0000000000 0.5052500000 1
94.1000000000 0.5052875000 1
94.2000000000 0.5053250000 1
94.3000000000 0.5053625000 1
94.4000000000 0.5054000000 1
94.5000000000 0.5054375000 1
94.6000000000 0.5054750000 1
94.7000000000 0.5055125000 1
94.8000000000 0.5055500000 1
94.9000000000 0.5055875000 1
95.0000000000 0.5056250000 1
95.1000000000 0.5056625000 1
95.2000000000 0.5057000000 1
95.3000000000 0.5057375000 1
95.4000000000 0.5057750000 1
95.5000000000 0.5058125000 1
95.6000000000 0.5058500000 1
95.7000000000 0.5058875000 1
95.8000000000 0.5059250000 1
95.9000000000 0.5059625000 1
96.0000000000 0.5060000000 1
96.1000000000 0.5060375000 1
96.2000000000 0.5060750000 1
96.3000000000 0.5061125000 1
96.4000000000 0.5061500000 1
96.5000000000 0.5061875000 1
96.6000000000 0.5062250000 1
96.7000000000 0.5062625000 1
96.8000000000 0.5063000000 1
96.9000000000 0.5063375000 1
97.0000000000 0.5063750000 1
97.1000000000 0.5064125000 1
97.2000000000 0.5064500000 1
97.3000000000 0.5064875000 1
97.4000000000 0.5065250000 1
97.5000000000 0.5065625000 1
97.6000000000 0.5066000000 1
97.7000000000 0.5066375000 1
97.8000000000 0.5066750000 1
97.9000000000 0.5067125000 1
98.0000000000 0.5067500000 1
98.1000000000 0.5067875000 1
98.2000000000 0.5068250000 1
98.3000000000 0.5068625000 1
98.4000000000 0.5069000000 1
98.5000000000 0.5069375000 1
98.6000000000 0.5069750000 1
98.7000000000 0.5070125000 1
98.8000000000 0.5070500000 1
98.9000000000 0.5070875000 1
99.0000000000 0.5071250000 1
99.1000000000 0.5071625000 1
99.2000000000 0.5072000000 1
99.3000000000 0.5072375000 1
99.4000000000 0.5072750000 1
99.5000000000 0.5073125000 1
99.6000000000 0.5073500000 1
99.7000000000 0.5073875000 1
99.8000000000 0.5074250000 1
99.9000000000 0.5074625000 1
100.0000000000 0.5075000000 1
100.1000000000 0.5075375000 1
100.2000000000 0.5075750000 1
100.3000000000 0.5076125000 1
100.4000000000 0.5076500000 1
100.5000000000 0.5076875000 1
100.6000000000 0.5077250000 1
100.7000000000 0.5077625000 1
100.8000000000 0.5078000000 1
100.9000000000 0.5078375000 1
101.0000000000 0.5078750000 1
101.1000000000 0.5079125000 1
101.2000000000 0.5079500000 1
101.3000000000 0.5079875000 1
101.4000000000 0.5080250000 1
101.5000000000 0.5080625000 1
101.6000000000 0.5081000000 1
101.7000000000 0.5081375000 1
101.8000000000 0.5081750000 1
101.9000000000 0.5082125000 1
102.0000000000 0.5082500000 1
102.1000000000 0.5082875000 1
102.2000000000 0.5083250000 1
102.3000000000 0.5083625000 1
102.4000000000 0.5084000000 1
102.5000000000 0.5084375000 1
102.6000000000 0.5084750000 1
102.7000000000 0.5085125000 1
102.8000000000 0.5085500000 1
102.9000000000 0.5085875000 1
103.0000000000 0.5086250000 1
103.1000000000 0.5086625000 1
103.2000000000 0.5087000000 1
103.3000000000 0.5087375000 1
103.4000000000 0.5087750000 1
103.5000000000 0.5088125000 1
103.6000000000 0.5088500000 1
103.7000000000 0.5088875000 1
103.8000000000 0.5089250000 1
103.9000000000 0.5089625000 1
104.0000000000 0.5090000000 1
104.1000000000 0.5090375000 1
104.2000000000 0.5090750000 1
104.3000000000 0.5091125000 1
104.4000000000 0.5091500000 1
104.5000000000 0.5091875000 1
104.6000000000 0.5092250000 1
104.7000000000 0.5092625000 1
104.8000000000 0.5093000000 1
104.9000000000 0.5093375000 1
105.0000000000 0.5093750000 1
105.1000000000 0.5094125000 1
105.2000000000 0.5094500000 1
105.3000000000 0.5094875000 1
105.4000000000 0.5095250000 1
105.5000000000 0.5095625000 1
105.6000000000 0.5096000000 1
105.7000000000 0.5096375000 1
105.8000000000 0.5096750000 1
105.9000000000 0.5097125000 1
106.0000000000 0.5097500000 1
106.1000000000 0.5097875000 1
106.2000000000 0.5098250000 1
106.3000000000 0.5098625000 1
106.4000000000 0.5099000000 1
106.5000000000 0.5099375000 1
106.6000000000 0.5099750000 1
106.7000000000 0.5100125000 1
106.8000000000 0.5100500000 1
106.9000000000 0.5100875000 1
107.0000000000 0.5101250000 1
107.1000000000 0.5101625000 1
107.2000000000 0.5102000000 1
107.3000000000 0.5102375000 1
107.4000000000 0.5102750000 1
107.5000000000 0.5103125000 1
107.6000000000 0.5103500000 1
107.7000000000 0.5103875000 1
107.8000000000 0.5104250000 1
107.9000000000 0.5104625000 1
108.0000000000 0.5105000000 1
108.1000000000 0.5105375000 1
108.2000000000 0.5105750000 1
108.3000000000 0.5106125000 1
108.4000000000 0.5106500000 1
108.5000000000 0.5106875000 1
108.6000000000 0.5107250000 1
108.7000000000 0.5107625000 1
108.8000000000 0.5108000000 1
108.9000000000 0.5108375000 1
109.0000000000 0.5108750000 1
109.1000000000 0.5109125000 1
109.2000000000 0.5109500000 1
109.3000000000 0.5109875000 1
109.4000000000 0.5110250000 1
109.5000000000 0.5110625000 1
109.6000000000 0.5111000000 1
109.7000000000 0.5111375000 1
109.8000000000 0.5111750000 1
109.9000000000 0.5112125000 1
110.0000000000 0.5112500000 1
110.1000000000 0.5112875000 1
110.2000000000 0.5113250000 1
110.3000000000 0.5113625000 1
110.4000000000 0.5114000000 1
110.5000000000 0.5114375000 1
110.6000000000 0.5114750000 1
110.7000000000 0.5115125000 1
110.8000000000 0.5115500000 1
110.9000000000 0.5115875000 1
111.0000000000 0.5116250000 1
111.1000000000 0.5116625000 1
111.2000000000 0.5117000000 1
111.3000000000 0.5117375000 1
111.4000000000 0.5117750000 1
111.5000000000 0.5118125000 1
111.6000000000 0.5118500000 1
111.7000000000 0.5118875000 1
111.8000000000 0.5119250000 1
111.9000000000 0.5119625000 1
112.0000000000 0.5120000000 1
112.1000000000 0.5120375000 1
112.2000000000 0.5120750000 1
112.3000000000 0.5121125000 1
112.4000000000 0.5121500000 1
112.5000000000 0.5121875000 1
112.6000000000 0.5122250000 1
112.7000000000 0.5122625000 1
112.8000000000 0.5123000000 1
112.9000000000 0.5123375000 1
113.0000000000 0.5123750000 1
113.1000000000 0.5124125000 1
113.2000000000 0.5124500000 1
113.3000000000 0.5124875000 1
113.4000000000 0.5125250000 1
113.5000000000 0.5125625000 1
113.6000000000 0.5126000000 1
113.7000000000 0.5126375000 1
113.8000000000 0.5126750000 1
113.9000000000 0.5127125000 1
114.0000000000 0.5127500000 1
114.1000000000 0.5127875000 1
114.2000000000 0.5128250000 1
114.3000000000 0.5128625000 1
114.4000000000 0.5129000000 1
114.5000000000 0.5129375000 1
114.6000000000 0.5129750000 1
114.7000000000 0.5130125000 1
114.8000000000 0.5130500000 1
114.9000000000 0.5130875000 1
115.0000000000 0.5131250000 1
115.1000000000 0.5131625000 1
115.2000000000 0.5132000000 1
115.3000000000 0.5132375000 1
115.4000000000 0.5132750000 1
115.5000000000 0.5133125000 1
115.6000000000 0.5133500000 1
115.7000000000 0.5133875000 1
115.8000000000 0.5134250000 1
115.9000000000 0.5134625000 1
116.0000000000 0.5135000000 1
116.1000000000 0.5135375000 1
116.2000000000 0.5135750000 1
116.3000000000 0.5136125000 1
116.4000000000 0.5136500000 1
116.5000000000 0.5136875000 1
116.6000000000 0.5137250000 1
116.7000000000 0.5137625000 1
116.8000000000 0.5138000000 1
116.9000000000 0.5138375000 1
117.0000000000 0.5138750000 1
117.1000000000 0.5139125000 1
117.2000000000 0.5139500000 1
117.3000000000 0.5139875000 1
117.4000000000 0.5140250000 1
117.5000000000 0.5140625000 1
117.6000000000 0.5141000000 1
117.7000000000 0.5141375000 1
117.8000000000 0.5141750000 1
117.9000000000 0.5142125000 1
118.0000000000 0.5142500000 1
118.1000000000 0.5142875000 1
118.2000000000 0.5143250000 1
118.3000000000 0.5143625000 1
118.4000000000 0.5144000000 1
118.5000000000 0.5144375000 1
118.6000000000 0.5144750000 1
118.7000000000 0.5145125000 1
118.8000000000 0.5145500000 1
118.9000000000 0.5145875000 1
119.0000000000 0.5146250000 1
119.1000000000 0.5146625000 1
119.2000000000 0.5147000000 1
119.3000000000 0.5147375000 1
119.4000000000 0.5147750000 1
119.5000000000 0.5148125000 1
119.6000000000 0.5148500000 1
119.7000000000 0.5148875000 1
119.8000000000 0.5149250000 1
119.9000000000 0.5149625000 1
120.0000000000 0.5150000000 1
120.1000000000 0.5150375000 1
120.2000000000 0.5150750000 1
120.3000000000 0.5151125000 1
120.4000000000 0.5151500000 1
120.5000000000 0.5151875000 1
120.6000000000 0.5152250000 1
120.7000000000 0.5152625000 1
120.8000000000 0.5153000000 1
120.9000000000 0.5153375000 1
121.0000000000 0.5153750000 1
121.1000000000 0.5154125000 1
121.2000000000 0.5154500000 1
121.3000000000 0.5154875000 1
121.4000000000 0.5155250000 1
121.5000000000 0.5155625000 1
121.6000000000 0.5156000000 1
121.7000000000 0.5156375000 1
121.8000000000 0.5156750000 1
121.9000000000 0.5157125000 1
122.0000000000 0.5157500000 1
122.1000000000 0.5157875000 1
122.2000000000 0.5158250000 1
122.3000000000 0.5158625000 1
122.4000000000 0.5159000000 1
122.5000000000 0.5159375000 1
122.6000000000 0.5159750000 1
122.7000000000 0.5160125000 1
122.8000000000 0.5160500000 1
122.9000000000 0.5160875000 1
123.0000000000 0.5161250000 1
123.1000000000 0.5161625000 1
123.2000000000 0.5162000000 1
123.3000000000 0.5162375000 1
123.4000000000 0.5162750000 1
123.5000000000 0.5163125000 1
123.6000000000 0.5163500000 1
123.7000000000 0.5163875000 1
123.8000000000 0.5164250000 1
123.9000000000 0.5164625000 1
124.0000000000 0.5165000000 1
124.1000000000 0.5165375000 1
124.2000000000 0.5165750000 1
124.3000000000 0.5166125000 1
124.4000000000 0.5166500000 1
124.5000000000 0.5166875000 1
124.6000000000 0.5167250000 1
124.7000000000 0.5167625000 1
124.8000000000 0.5168000000 1
124.9000000000 0.5168375000 1
125.0000000000 0.5168750000 1
125.1000000000 0.5169125000 1
125.2000000000 0.5169500000 1
125.3000000000 0.5169875000 1
125.4000000000 0.5170250000 1
125.5000000000 0.5170625000 1
125.6000000000 0.5171000000 1
125.7000000000 0.5171375000 1
125.8000000000 0.5171750000 1
125.9000000000 0.5172125000 1
126.0000000000 0.5172500000 1
126.1000000000 0.5172875000 1
126.2000000000 0.5173250000 1
126.3000000000 0.5173625000 1
126.4000000000 0.5174000000 1
126.5000000000 0.5174375000 1
126.6000000000 0.5174750000 1
126.7000000000 0.5175125000 1
126.8000000000 0.5175500000 1
126.9000000000 0.5175875000 1
127.0000000000 0.5176250000 1
127.1000000000 0.5176625000 1
127.2000000000 0.5177000000 1
127.3000000000 0.5177375000 1
127.4000000000 0.5177750000 1
127.5000000000 0.5178125000 1
127.6000000000 0.5178500000 1
127.7000000000 0.5178875000 1
127.8000000000 0.5179250000 1
127.9000000000 0.5179625000 1
128.0000000000 0.5180000000 1
128.1000000000 0.5180375000 1
128.2000000000 0.5180750000 1
128.3000000000 0.5181125000 1
128.4000000000 0.5181500000 1
128.5000000000 0.5181875000 1
128.6000000000 0.5182250000 1
128.7000000000 0.5182625000 1
128.8000000000 0.5183000000 1
128.9000000000 0.5183375000 1
129.0000000000 0.5183750000 1
129.1000000000 0.5184125000 1
129.2000000000 0.5184500000 1
129.3000000000 0.5184875000 1
129.4000000000 0.5185250000 1
129.5000000000 0.5185625000 1
129.6000000000 0.5186000000 1
129.7000000000 0.5186375000 1
129.8000000000 0.5186750000 1
129.9000000000 0.5187125000 1
130.0000000000 0.5187500000 1
130.1000000000 0.5187875000 1
130.2000000000 0.5188250000 1
130.3000000000 0.5188625000 1
130.4000000000 0.5189000000 1
130.5000000000 0.5189375000 1
130.6000000000 0.5189750000 1
130.7000000000 0.5190125000 1
130.8000000000 0.5190500000 1
130.9000000000 0.5190875000 1
131.0000000000 0.5191250000 1
131.1000000000 0.5191625000 1
131.2000000000 0.5192000000 1
131.3000000000 0.5192375000 1
131.4000000000 0.5192750000 1
131.5000000000 0.5193125000 1
131.6000000000 0.5193500000 1
131.7000000000 0.5193875000 1
131.8000000000 0.5194250000 1
131.9000000000 0.5194625000 1
132.0000000000 0.5195000000 1
132.1000000000 0.5195375000 1
132.2000000000 0.5195750000 1
132.3000000000 0.5196125000 1
132.4000000000 0.5196500000 1
132.5000000000 0.5196875000 1
132.6000000000 0.5197250000 1
132.7000000000 0.5197625000 1
132.8000000000 0.5198000000 1
132.9000000000 0.5198375000 1
133.0000000000 0.5198750000 1
133.1000000000 0.5199125000 1
133.2000000000 0.5199500000 1
133.3000000000 0.5199875000 1
133.4000000000 0.5200250000 1
133.5000000000 0.5200625000 1
133.6000000000 0.5201000000 1
133.7000000000 0.5201375000 1
133.8000000000 0.5201750000 1
133.9000000000 0.5202125000 1
134.0000000000 0.5202500000 1
134.1000000000 0.5202875000 1
134.2000000000 0.5203250000 1
134.3000000000 0.5203625000 1
134.4000000000 0.5204000000 1
134.5000000000 0.5204375000 1
134.6000000000 0.5204750000 1
134.7000000000 0.5205125000 1
134.8000000000 0.5205500000 1
134.9000000000 0.5205875000 1
135.0000000000 0.5206250000 1
135.1000000000 0.5206625000 1
135.2000000000 0.5207000000 1
135.3000000000 0.5207375000 1
135.4000000000 0.5207750000 1
135.5000000000 0.5208125000 1
135.6000000000 0.5208500000 1
135.7000000000 0.5208875000 1
135.8000000000 0.5209250000 1
135.9000000000 0.5209625000 1
136.0000000000 0.5210000000 1
136.1000000000 0.5210375000 1
136.2000000000 0.5210750000 1
136.3000000000 0.5211125000 1
136.4000000000 0.5211500000 1
136.5000000000 0.5211875000 1
136.6000000000 0.5212250000 1
136.7000000000 0.5212625000 1
136.8000000000 0.5213000000 1
136.9000000000 0.5213375000 1
137.0000000000 0.5213750000 1
137.1000000000 0.5214125000 1
137.2000000000 0.5214500000 1
137.3000000000 0.5214875000 1
137.4000000000 0.5215250000 1
137.5000000000 0.5215625000 1
137.6000000000 0.5216000000 1
137.7000000000 0.5216375000 1
137.8000000000 0.5216750000 1
137.9000000000 0.5217125000 1
138.0000000000 0.5217500000 1
138.1000000000 0.5217875000 1
138.2000000000 0.5218250000 1
138.3000000000 0.5218625000 1
138.4000000000 0.5219000000 1
138.5000000000 0.5219375000 1
138.6000000000 0.5219750000 1
138.7000000000 0.5220125000 1
138.8000000000 0.5220500000 1
138.9000000000 0.5220875000 1
139.0000000000 0.5221250000 1
139.1000000000 0.5221625000 1
139.2000000000 0.5222000000 1
139.3000000000 0.5222375000 1
139.4000000000 0.5222750000 1
139.5000000000 0.5223125000 1
139.6000000000 0.5223500000 1
139.7000000000 0.5223875000 1
139.8000000000 0.5224250000 1
139.9000000000 0.5224625000 1
140.0000000000 0.5225000000 1
140.1000000000 0.5225375000 1
140.2000000000 0.5225750000 1
140.3000000000 0.5226125000 1
140.4000000000 0.5226500000 1
140.5000000000 0.5226875000 1
140.6000000000 0.5227250000 1
140.7000000000 0.5227625000 1
140.8000000000 0.5228000000 1
140.9000000000 0.5228375000 1
141.0000000000 0.5228750000 1
141.1000000000 0.5229125000 1
141.2000000000 0.5229500000 1
141.3000000000 0.5229875000 1
141.4000000000 0.5230250000 1
141.5000000000 0.5230625000 1
141.6000000000 0.5231000000 1
141.7000000000 0.5231375000 1
141.8000000000 0.5231750000 1
141.9000000000 0.5232125000 1
142.0000000000 0.5232500000 1
142.1000000000 0.5232875000 1
142.2000000000 0.5233250000 1
142.3000000000 0.5233625000 1
142.4000000000 0.5234000000 1
142.5000000000 0.5234375000 1
142.6000000000 0.5234750000 1
142.7000000000 0.5235125000 1
142.8000000000 0.5235500000 1
142.9000000000 0.5235875000 1
143.0000000000 0.5236250000 1
143.1000000000 0.5236625000 1
143.2000000000 0.5237000000 1
143.3000000000 0.5237375000 1
143.4000000000 0.5237750000 1
143.5000000000 0.5238125000 1
143.6000000000 0.5238500000 1
143.7000000000 0.5238875000 1
143.8000000000 0.5239250000 1
143.9000000000 0.5239625000 1
144.0000000000 0.5240000000 1
144.1000000000 0.5240375000 1
144.2000000000 0.5240750000 1
144.3000000000 0.5241125000 1
144.4000000000 0.5241500000 1
144.5000000000 0.5241875000 1
144.6000000000 0.5242250000 1
144.7000000000 0.5242625000 1
144.8000000000 0.5243000000 1
144.9000000000 0.5243375000 1
145.0000000000 0.5243750000 1
145.1000000000 0.5244125000 1
145.2000000000 0.5244500000 1
145.3000000000 0.5244875000 1
145.4000000000 0.5245250000 1
145.5000000000 0.5245625000 1
145.6000000000 0.5246000000 1
145.7000000000 0.5246375000 1
145.8000000000 0.5246750000 1
145.9000000000 0.5247125000 1
146.0000000000 0.5247500000 1
146.1000000000 0.5247875000 1
146.2000000000 0.5248250000 1
146.3000000000 0.5248625000 1
146.4000000000 0.5249000000 1
146.5000000000 0.5249375000 1
146.6000000000 0.5249750000 1
146.7000000000 0.5250125000 1
146.8000000000 0.5250500000 1
146.9000000000 0.5250875000 1
147.0000000000 0.5251250000 1
147.1000000000 0.5251625000 1
147.2000000000 0.5252000000 1
147.3000000000 0.5252375000 1
147.4000000000 0.5252750000 1
147.5000000000 0.5253125000 1
147.6000000000 0.5253500000 1
147.7000000000 0.5253875000 1
147.8000000000 0.5254250000 1
147.9000000000 0.5254625000 1
148.0000000000 0.5255000000 1
148.1000000000 0.5255375000 1
148.2000000000 0.5255750000 1
148.3000000000 0.5256125000 1
148.4000000000 0.5256500000 1
148.5000000000 0.5256875000 1
148.6000000000 0.5257250000 1
148.7000000000 0.5257625000 1
148.8000000000 0.5258000000 1
148.9000000000 0.5258375000 1
149.0000000000 0.5258750000 1
149.1000000000 0.5259125000 1
149.2000000000 0.5259500000 1
149.3000000000 0.5259875000 1
149.4000000000 0.5260250000 1
149.5000000000 0.5260625000 1
149.6000000000 0.5261000000 1
149.7000000000 0.5261375000 1
149.8000000000 0.5261750000 1
149.9000000000 0.5262125000 1
150.0000000000 0.5262500000 1
150.1000000000 0.5262875000 1
150.2000000000 0.5263250000 1
150.3000000000 0.5263625000 1
150.4000000000 0.5264000000 1
150.5000000000 0.5264375000 1
150.6000000000 0.5264750000 1
150.7000000000 0.5265125000 1
150.8000000000 0.5265500000 1
150.9000000000 0.5265875000 1
151.0000000000 0.5266250000 1
151.1000000000 0.5266625000 1
151.2000000000 0.5267000000 1
151.3000000000 0.5267375000 1
151.4000000000 0.5267750000 1
151.5000000000 0.5268125000 1
151.6000000000 0.5268500000 1
151.7000000000 0.5268875000 1
151.8000000000 0.5269250000 1
151.9000000000 0.5269625000 1
152.0000000000 0.5270000000 1
152.1000000000 0.5270375000 1
152.2000000000 0.5270750000 1
152.3000000000 0.5271125000 1
152.4000000000 0.5271500000 1
152.5000000000 0.5271875000 1
152.6000000000 0.5272250000 1
152.7000000000 0.5272625000 1
152.8000000000 0.5273000000 1
152.9000000000 0.5273375000 1
153.0000000000 0.5273750000 1
153.1000000000 0.5274125000 1
153.2000000000 0.5274500000 1
153.3000000000 0.5274875000 1
153.4000000000 0.5275250000 1
153.5000000000 0.5275625000 1
153.6000000000 0.5276000000 1
153.7000000000 0.5276375000 1
153.8000000000 0.5276750000 1
153.9000000000 0.5277125000 1
154.0000000000 0.5277500000 1
154.1000000000 0.5277875000 1
154.2000000000 0.5278250000 1
154.3000000000 0.5278625000 1
154.4000000000 0.5279000000 1
154.5000000000 0.5279375000 1
154.6000000000 0.5279750000 1
154.7000000000 0.5280125000 1
154.8000000000 0.5280500000 1
154.9000000000 0.5280875000 1
155.0000000000 0.5281250000 1
155.1000000000 0.5281625000 1
155.2000000000 0.5282000000 1
155.3000000000 0.5282375000 1
155.4000000000 0.5282750000 1
155.5000000000 0.5283125000 1
155.6000000000 0.5283500000 1
155.7000000000 0.5283875000 1
155.8000000000 0.5284250000 1
155.9000000000 0.5284625000 1
156.0000000000 0.5285000000 1
156.1000000000 0.5285375000 1
156.2000000000 0.5285750000 1
156.3000000000 0.5286125000 1
156.4000000000 0.5286500000 1
156.5000000000 0.5286875000 1
156.6000000000 0.5287250000 1
156.7000000000 0.5287625000 1
156.8000000000 0.5288000000 1
156.9000000000 0.5288375000 1
157.0000000000 0.5288750000 1
157.1000000000 0.5289125000 1
157.2000000000 0.5289500000 1
157.3000000000 0.5289875000 1
157.4000000000 0.5290250000 1
157.5000000000 0.5290625000 1
157.6000000000 0.5291000000 1
157.7000000000 0.5291375000 1
157.8000000000 0.5291750000 1
157.9000000000 0.5292125000 1
158.0000000000 0.5292500000 1
158.1000000000 0.5292875000 1
158.2000000000 0.5293250000 1
158.3000000000 0.5293625000 1
158.4000000000 0.5294000000 1
158.5000000000 0.5294375000 1
158.6000000000 0.5294750000 1
158.7000000000 0.5295125000 1
158.8000000000 0.5295500000 1
158.9000000000 0.5295875000 1
159.0000000000 0.5296250000 1
159.1000000000 0.5296625000 1
159.2000000000 0.5297000000 1
159.3000000000 0.5297375000 1
159.4000000000 0.5297750000 1
159.5000000000 0.5298125000 1
159.6000000000 0.5298500000 1
159.7000000000 0.5298875000 1
159.8000000000 0.5299250000 1
159.9000000000 0.5299625000 1
160.0000000000 0.5300000000 1
