	1.530	1.540	1.550	1.560	1.570
0.0	0.9997271118	0.9997916933	0.9992431804	0.9995497545	0.9999838601
0.1	0.9995912785	0.9996491165	0.9990891922	0.9993786315	0.9997893478
0.2	0.9990506361	0.9991039640	0.9985366273	0.9988150464	0.9992115871
0.3	0.9981056524	0.9981567059	0.9975859585	0.9978594749	0.9982510561
0.4	0.9967571380	0.9968081509	0.9962379908	0.9965127154	0.9969085426
0.5	0.9950062450	0.9950594455	0.9944938606	0.9947758886	0.9951851433
0.6	0.9928544659	0.9929120728	0.9923550348	0.9926504364	0.9930822630
0.7	0.9903036327	0.9903678515	0.9898233095	0.9901381203	0.9906016130
0.8	0.9873559152	0.9874289343	0.9869008084	0.9872410204	0.9877452101
0.9	0.9840138187	0.9840978056	0.9835899811	0.9839615333	0.9845153743
1.0	0.9802801822	0.9803772798	0.9798936005	0.9803023698	0.9809147273
1.1	0.9761581760	0.9762704985	0.9758147610	0.9762665530	0.9769461896
1.2	0.9716512982	0.9717809280	0.9713568752	0.9718574151	0.9726129785
1.3	0.9667633726	0.9669123559	0.9665236713	0.9670785949	0.9679186049
1.4	0.9614985446	0.9616688883	0.9613191895	0.9619340345	0.9628668704
1.5	0.9558612779	0.9560549455	0.9557477787	0.9564279755	0.9574618639
1.6	0.9498563503	0.9500752589	0.9498140928	0.9505649560	0.9517079579
1.7	0.9434888500	0.9437348661	0.9435230861	0.9443498057	0.9456098049
1.8	0.9367641704	0.9370391071	0.9368800095	0.9377876425	0.9391723332
1.9	0.9296880063	0.9299936191	0.9298904056	0.9308838675	0.9324007424
2.0	0.9222663478	0.9226043318	0.9225601038	0.9236441604	0.9253004992
2.1	0.9145054760	0.9148774625	0.9148952155	0.9160744745	0.9178773323
2.2	0.9064119569	0.9068195098	0.9069021282	0.9081810316	0.9101372275
2.3	0.8979926358	0.8984372488	0.8985875005	0.8999703163	0.9020864224
2.4	0.8892546314	0.8897377246	0.8899582559	0.8914490707	0.8937314010
2.5	0.8802053294	0.8807282464	0.8810215768	0.8826242879	0.8850788879
2.6	0.8708523760	0.8714163809	0.8717848982	0.8735032064	0.8761358426
2.7	0.8612036712	0.8618099456	0.8622559010	0.8640933037	0.8669094532
2.8	0.8512673621	0.8519170023	0.8524425058	0.8544022894	0.8574071302
2.9	0.8410518353	0.8417458497	0.8423528653	0.8444380986	0.8476364999
3.0	0.8305657100	0.8313050162	0.8319953577	0.8342088854	0.8376053980
3.1	0.8198178300	0.8206032524	0.8213785788	0.8237230148	0.8273218624
3.2	0.8088172563	0.8096495235	0.8105113352	0.8129890564	0.8167941263
3.3	0.7975732589	0.7984530016	0.7994026358	0.8020157762	0.8060306110
3.4	0.7860953088	0.7870230571	0.7880616844	0.7908121291	0.7950399187
3.5	0.7743930697	0.7753692510	0.7764978715	0.7793872513	0.7838308247
3.6	0.7624763892	0.7635013266	0.7647207661	0.7677504521	0.7724122697
3.7	0.7503552907	0.7514292004	0.7527401075	0.7559112056	0.7607933523
3.8	0.7380399643	0.7391629538	0.7405657961	0.7438791426	0.7489833208
3.9	0.7255407578	0.7267128244	0.7282078857	0.7316640424	0.7369915652
4.0	0.7128681677	0.7140891967	0.7156765739	0.7192758238	0.7248276090
4.1	0.7000328300	0.7013025932	0.7029821937	0.7067245366	0.7125011008
4.2	0.6870455109	0.6883636649	0.6901352042	0.6940203530	0.7000218060
4.3	0.6739170975	0.6752831826	0.6771461813	0.6811735585	0.6873995982
4.4	0.6606585879	0.6620720268	0.6640258089	0.6681945431	0.6746444506
4.5	0.6472810817	0.6487411785	0.6507848693	0.6550937918	0.6617664273
4.6	0.6337957707	0.6353017096	0.6374342337	0.6418818761	0.6487756746
4.7	0.6202139282	0.6217647732	0.6239848529	0.6285694443	0.6356824121
4.8	0.6065469002	0.6081415937	0.6104477474	0.6151672123	0.6224969238
4.9	0.5928060945	0.5944434571	0.5968339983	0.6016859543	0.6092295490
5.0	0.5790029713	0.5806817013	0.5831547373	0.5881364936	0.5958906738
5.1	0.5651490331	0.5668677057	0.5694211367	0.5745296928	0.5824907214
5.2	0.5512558143	0.5530128819	0.5556444003	0.5608764446	0.5690401436
5.3	0.5373348716	0.5391286633	0.5418357533	0.5471876620	0.5555494114
5.4	0.5233977735	0.5252264950	0.5280064322	0.5334742695	0.5420290059
5.5	0.5094560903	0.5113178244	0.5141676757	0.5197471927	0.5284894095
5.6	0.4955213840	0.4974140906	0.5003307142	0.5060173495	0.5149410966
5.7	0.4816051982	0.4835267147	0.4865067607	0.4922956402	0.5013945245
5.8	0.4677190481	0.4696670899	0.4727070003	0.4785929384	0.4878601244
5.9	0.4538744104	0.4558465713	0.4589425811	0.4649200811	0.4743482924
6.0	0.4400827130	0.4420764664	0.4452246041	0.4512878596	0.4608693805
6.1	0.4263553254	0.4283680247	0.4315641140	0.4377070102	0.4474336876
6.2	0.4127035487	0.4147324284	0.4179720889	0.4241882047	0.4340514506
6.3	0.3991386056	0.4011807827	0.4044594314	0.4107420414	0.4207328359
6.4	0.3856716307	0.3877241056	0.3910369590	0.3973790354	0.4074879301
6.5	0.3723136608	0.3743733187	0.3777153944	0.3841096104	0.3943267317
6.6	0.3590756253	0.3611392378	0.3645053565	0.3709440887	0.3812591424
6.7	0.3459683367	0.3480325633	0.3514173513	0.3578926831	0.3682949586
6.8	0.3330024810	0.3350638709	0.3384617624	0.3449654875	0.3554438628
6.9	0.3201886087	0.3222436025	0.3256488423	0.3321724688	0.3427154159
7.0	0.3075371254	0.3095820573	0.3129887036	0.3195234575	0.3301190482
7.1	0.2950582830	0.2970893823	0.3004913101	0.3070281403	0.3176640520
7.2	0.2827621704	0.2847755645	0.2881664681	0.2946960507	0.3053595733
7.3	0.2706587052	0.2726504211	0.2760238182	0.2825365615	0.2932146041
7.4	0.2587576247	0.2607235919	0.2640728269	0.2705588768	0.2812379749
7.5	0.2470684779	0.2490045307	0.2523227785	0.2587720235	0.2694383471
7.6	0.2356006167	0.2375024969	0.2407827668	0.2471848443	0.2578242053
7.7	0.2243631882	0.2262265479	0.2294616877	0.2358059896	0.2464038508
7.8	0.2133651267	0.2151855308	0.2183682314	0.2246439107	0.2351853942
7.9	0.2026151460	0.2043880753	0.2075108749	0.2137068520	0.2241767484
8.0	0.1921217317	0.1938425862	0.1968978750	0.2030028443	0.2133856224
8.1	0.1818931342	0.1835572357	0.1865372607	0.1925396981	0.2028195142
8.2	0.1719373613	0.1735399570	0.1764368270	0.1823249966	0.1924857055
8.3	0.1622621715	0.1637984372	0.1666041278	0.1723660899	0.1823912544
8.4	0.1528750672	0.1543401106	0.1570464697	0.1626700881	0.1725429907
8.5	0.1437832885	0.1451721528	0.1477709057	0.1532438559	0.1629475094
8.6	0.1349938068	0.1363014741	0.1387842293	0.1440940066	0.1536111658
8.7	0.1265133187	0.1277347138	0.1300929689	0.1352268967	0.1445400697
8.8	0.1183482407	0.1194782349	0.1217033818	0.1266486203	0.1357400811
8.9	0.1105047036	0.1115381179	0.1136214495	0.1183650043	0.1272168049
9.0	0.1029885469	0.1039201568	0.1058528726	0.1103816039	0.1189755867
9.1	0.0958053145	0.0966298530	0.0984030656	0.1027036973	0.1110215082
9.2	0.0889602494	0.0896724117	0.0912771530	0.0953362819	0.1033593832
9.3	0.0824582898	0.0830527369	0.0844799646	0.0882840703	0.0959937541
9.4	0.0763040647	0.0767754277	0.0780160320	0.0815514860	0.0889288880
9.5	0.0705018900	0.0708447744	0.0718895842	0.0751426603	0.0821687734
9.6	0.0650557650	0.0652647546	0.0661045451	0.0690614291	0.0757171172
9.7	0.0599693691	0.0600390305	0.0606645293	0.0633113293	0.0695773421
9.8	0.0552460590	0.0551709458	0.0555728402	0.0578955967	0.0637525837
9.9	0.0508888653	0.0506635226	0.0508324665	0.0528171632	0.0582456883
10.0	0.0469004910	0.0465194594	0.0464460808	0.0480786546	0.0530592111
10.1	0.0432833084	0.0427411291	0.0424160366	0.0436823889	0.0481954142
10.2	0.0400393582	0.0393305768	0.0387443674	0.0396303742	0.0436562653
10.3	0.0371703470	0.0362895182	0.0354327846	0.0359243079	0.0394434360
10.4	0.0346776469	0.0336193392	0.0324826768	0.0325655752	0.0355583015
10.5	0.0325622938	0.0313210938	0.0298951085	0.0295552484	0.0320019396
10.6	0.0308249874	0.0293955042	0.0276708198	0.0268940865	0.0287751301
10.7	0.0294660903	0.0278429605	0.0258102259	0.0245825348	0.0258783550
10.8	0.0284856283	0.0266635202	0.0243134173	0.0226207250	0.0233117981
10.9	0.0278832906	0.0258569087	0.0231801597	0.0210084756	0.0210753462
11.0	0.0276584299	0.0254225197	0.0224098950	0.0197452921	0.0191685888
11.1	0.0278100639	0.0253594165	0.0220017419	0.0188303686	0.0175908198
11.2	0.0283368761	0.0256663323	0.0219544970	0.0182625882	0.0163410382
11.3	0.0292372172	0.0263416725	0.0222666364	0.0180405251	0.0154179499
11.4	0.0305091068	0.0273835158	0.0229363171	0.0181624457	0.0148199692
11.5	0.0321502358	0.0287896163	0.0239613796	0.0186263110	0.0145452207
11.6	0.0341579681	0.0305574063	0.0253393494	0.0194297789	0.0145915417
11.7	0.0365293439	0.0326839982	0.0270674401	0.0205702065	0.0149564849
11.8	0.0392610819	0.0351661876	0.0291425562	0.0220446528	0.0156373208
11.9	0.0423495830	0.0380004568	0.0315612960	0.0238498823	0.0166310408
12.0	0.0457909337	0.0411829776	0.0343199549	0.0259823677	0.0179343605
12.1	0.0495809095	0.0447096155	0.0374145295	0.0284382939	0.0195437233
12.2	0.0537149792	0.0485759336	0.0408407212	0.0312135619	0.0214553040
12.3	0.0581883094	0.0527771965	0.0445939404	0.0343037926	0.0236650131
12.4	0.0629957685	0.0573083752	0.0486693109	0.0377043313	0.0261685005
12.5	0.0681319319	0.0621641518	0.0530616749	0.0414102523	0.0289611605
12.6	0.0735910871	0.0673389243	0.0577655974	0.0454163639	0.0320381361
12.7	0.0793672389	0.0728268120	0.0627753721	0.0497172131	0.0353943242
12.8	0.0854541151	0.0786216611	0.0680850261	0.0543070914	0.0390243806
12.9	0.0918451722	0.0847170505	0.0736883262	0.0591800398	0.0429227254
13.0	0.0985336016	0.0911062976	0.0795787843	0.0643298552	0.0470835486
13.1	0.1055123358	0.0977824646	0.0857496640	0.0697500956	0.0515008158
13.2	0.1127740551	0.1047383651	0.0921939864	0.0754340872	0.0561682741
13.3	0.1203111943	0.1119665707	0.0989045373	0.0813749300	0.0610794585
13.4	0.1281159495	0.1194594176	0.1058738733	0.0875655047	0.0662276981
13.5	0.1361802856	0.1272090144	0.1130943293	0.0939984796	0.0716061226
13.6	0.1444959435	0.1352072486	0.1205580256	0.1006663177	0.0772076692
13.7	0.1530544476	0.1434457947	0.1282568748	0.1075612832	0.0830250892
13.8	0.1618471139	0.1519161215	0.1361825899	0.1146754497	0.0890509554
13.9	0.1708650576	0.1606095003	0.1443266918	0.1220007072	0.0952776689
14.0	0.1800992017	0.1695170126	0.1526805172	0.1295287696	0.1016974670
14.1	0.1895402848	0.1786295586	0.1612352264	0.1372511832	0.1083024301
14.2	0.1991788699	0.1879378654	0.1699818121	0.1451593340	0.1150844897
14.3	0.2090053530	0.1974324954	0.1789111071	0.1532444562	0.1220354363
14.4	0.2190099718	0.2071038553	0.1880137933	0.1614976401	0.1291469268
14.5	0.2291828146	0.2169422047	0.1972804099	0.1699098411	0.1364104930
14.6	0.2395138295	0.2269376651	0.2067013626	0.1784718873	0.1438175495
14.7	0.2499928335	0.2370802287	0.2162669320	0.1871744890	0.1513594019
14.8	0.2606095216	0.2473597680	0.2259672829	0.1960082467	0.1590272553
14.9	0.2713534764	0.2577660446	0.2357924732	0.2049636603	0.1668122224
15.0	0.2822141777	0.2682887191	0.2457324634	0.2140311377	0.1747053324
15.1	0.2931810116	0.2789173598	0.2557771253	0.2232010042	0.1826975390
15.2	0.3042432809	0.2896414532	0.2659162518	0.2324635109	0.1907797296
15.3	0.3153902141	0.3004504126	0.2761395659	0.2418088445	0.1989427335
15.4	0.3266109755	0.3113335885	0.2864367306	0.2512271359	0.2071773309
15.5	0.3378946753	0.3222802780	0.2967973581	0.2607084694	0.2154742616
15.6	0.3492303789	0.3332797346	0.3072110193	0.2702428925	0.2238242336
15.7	0.3606071176	0.3443211780	0.3176672538	0.2798204245	0.2322179322
15.8	0.3720138979	0.3553938039	0.3281555789	0.2894310662	0.2406460286
15.9	0.3834397116	0.3664867940	0.3386654997	0.2990648088	0.2490991890
16.0	0.3948735462	0.3775893255	0.3491865184	0.3087116438	0.2575680830
16.1	0.4063043945	0.3886905814	0.3597081443	0.3183615717	0.2660433928
16.2	0.4177212647	0.3997797601	0.3702199030	0.3280046115	0.2745158218
16.3	0.4291131904	0.4108460851	0.3807113462	0.3376308100	0.2829761036
16.4	0.4404692403	0.4218788150	0.3911720614	0.3472302512	0.2914150105
16.5	0.4517785286	0.4328672533	0.4015916812	0.3567930649	0.2998233622
16.6	0.4630302244	0.4438007580	0.4119598930	0.3663094366	0.3081920348
16.7	0.4742135617	0.4546687513	0.4222664482	0.3757696160	0.3165119690
16.8	0.4853178493	0.4654607292	0.4325011717	0.3851639263	0.3247741787
16.9	0.4963324801	0.4761662711	0.4426539713	0.3944827730	0.3329697597
17.0	0.5072469412	0.4867750492	0.4527148469	0.4037166531	0.3410898979
17.1	0.5180508228	0.4972768380	0.4626738993	0.4128561635	0.3491258775
17.2	0.5287338283	0.5076615234	0.4725213399	0.4218920099	0.3570690895
17.3	0.5392857831	0.5179191119	0.4822474991	0.4308150153	0.3649110394
17.4	0.5496966440	0.5280397399	0.4918428351	0.4396161285	0.3726433556
17.5	0.5599565084	0.5380136824	0.5012979433	0.4482864326	0.3802577968
17.6	0.5700556231	0.5478313620	0.5106035639	0.4568171529	0.3877462601
17.7	0.5799843930	0.5574833573	0.5197505913	0.4651996656	0.3951007886
17.8	0.5897333902	0.5669604119	0.5287300817	0.4734255049	0.4023135785
17.9	0.5992933620	0.5762534424	0.5375332616	0.4814863716	0.4093769868
18.0	0.6086552398	0.5853535468	0.5461515359	0.4893741404	0.4162835384
18.1	0.6178101467	0.5942520124	0.5545764953	0.4970808674	0.4230259330
18.2	0.6267494062	0.6029403242	0.5627999246	0.5045987974	0.4295970520
18.3	0.6354645495	0.6114101719	0.5708138096	0.5119203713	0.4359899650
18.4	0.6439473234	0.6196534579	0.5786103448	0.5190382327	0.4421979368
18.5	0.6521896976	0.6276623047	0.5861819403	0.5259452349	0.4482144329
18.6	0.6601838722	0.6354290616	0.5935212290	0.5326344476	0.4540331264
18.7	0.6679222845	0.6429463121	0.6006210727	0.5390991630	0.4596479036
18.8	0.6753976161	0.6502068803	0.6074745695	0.5453329022	0.4650528696
18.9	0.6826027991	0.6572038375	0.6140750593	0.5513294209	0.4702423540
19.0	0.6895310231	0.6639305088	0.6204161304	0.5570827156	0.4752109161
19.1	0.6961757406	0.6703804783	0.6264916249	0.5625870288	0.4799533501
19.2	0.7025306735	0.6765475959	0.6322956449	0.5678368542	0.4844646899
19.3	0.7085898186	0.6824259822	0.6378225571	0.5728269421	0.4887402138
19.4	0.7143474530	0.6880100342	0.6430669986	0.5775523041	0.4927754487
19.5	0.7197981391	0.6932944300	0.6480238816	0.5820082177	0.4965661746
19.6	0.7249367298	0.6982741340	0.6526883977	0.5861902303	0.5001084284
19.7	0.7297583731	0.7029444013	0.6570560228	0.5900941641	0.5033985075
19.8	0.7342585162	0.7073007819	0.6611225210	0.5937161191	0.5064329736
19.9	0.7384329100	0.7113391249	0.6648839482	0.5970524772	0.5092086554
20.0	0.7422776127	0.7150555821	0.6683366560	0.6000999054	0.5117226520
20.1	0.7457889934	0.7184466116	0.6714772952	0.6028553588	0.5139723354
20.2	0.7489637353	0.7215089811	0.6743028184	0.6053160835	0.5159553532
20.3	0.7517988390	0.7242397705	0.6768104828	0.6074796189	0.5176696304
20.4	0.7542916248	0.7266363748	0.6789978533	0.6093438006	0.5191133717
20.5	0.7564397354	0.7286965065	0.6808628040	0.6109067614	0.5202850629
20.6	0.7582411379	0.7304181974	0.6824035206	0.6121669341	0.5211834725
20.7	0.7596941257	0.7317998007	0.6836185016	0.6131230520	0.5218076530
20.8	0.7607973202	0.7328399924	0.6845065604	0.6137741507	0.5221569413
20.9	0.7615496715	0.7335377723	0.6850668256	0.6141195688	0.5222309599
21.0	0.7619504601	0.7338924651	0.6852987422	0.6141589482	0.5220296167
21.1	0.7619992970	0.7339037210	0.6852020722	0.6138922351	0.5215531056
21.2	0.7616961242	0.7335715160	0.6847768946	0.6133196795	0.5208019060
21.3	0.7610412148	0.7328961519	0.6840236053	0.6124418350	0.5197767824
21.4	0.7600351728	0.7318782560	0.6829429168	0.6112595587	0.5184787837
21.5	0.7586789324	0.7305187807	0.6815358580	0.6097740100	0.5169092424
21.6	0.7569737574	0.7288190024	0.6798037722	0.6079866497	0.5150697730
21.7	0.7549212397	0.7267805206	0.6777483172	0.6058992386	0.5129622711
21.8	0.7525232983	0.7244052561	0.6753714627	0.6035138360	0.5105889107
21.9	0.7497821773	0.7216954497	0.6726754891	0.6008327978	0.5079521431
22.0	0.7467004438	0.7186536599	0.6696629853	0.5978587742	0.5050546942
22.1	0.7432809859	0.7152827607	0.6663368463	0.5945947073	0.5018995617
22.2	0.7395270098	0.7115859388	0.6627002706	0.5910438285	0.4984900130
22.3	0.7354420370	0.7075666912	0.6587567571	0.5872096556	0.4948295814
22.4	0.7310299013	0.7032288213	0.6545101024	0.5830959891	0.4909220633
22.5	0.7262947451	0.6985764362	0.6499643969	0.5787069095	0.4867715145
22.6	0.7212410157	0.6936139426	0.6451240211	0.5740467726	0.4823822464
22.7	0.7158734614	0.6883460427	0.6399936421	0.5691202064	0.4777588218
22.8	0.7101971272	0.6827777304	0.6345782085	0.5639321062	0.4729060511
22.9	0.7042173501	0.6769142863	0.6288829469	0.5584876305	0.4678289874
23.0	0.6979397545	0.6707612732	0.6229133562	0.5527921959	0.4625329218
23.1	0.6913702471	0.6643245311	0.6166752033	0.5468514725	0.4570233789
23.2	0.6845150113	0.6576101716	0.6101745175	0.5406713784	0.4513061108
23.3	0.6773805018	0.6506245729	0.6034175851	0.5342580744	0.4453870927
23.4	0.6699734390	0.6433743734	0.5964109437	0.5276179582	0.4392725166
23.5	0.6623008026	0.6358664663	0.5891613760	0.5207576586	0.4329687857
23.6	0.6543698254	0.6281079928	0.5816759043	0.5136840294	0.4264825085
23.7	0.6461879868	0.6201063361	0.5739617831	0.5064041432	0.4198204926
23.8	0.6377630061	0.6118691145	0.5660264935	0.4989252846	0.4129897383
23.9	0.6291028354	0.6034041745	0.5578777356	0.4912549437	0.4059974321
24.0	0.6202156525	0.5947195837	0.5495234219	0.4834008093	0.3988509398
24.1	0.6111098535	0.5858236236	0.5409716701	0.4753707615	0.3915577998
24.2	0.6017940454	0.5767247820	0.5322307955	0.4671728646	0.3841257159
24.3	0.5922770378	0.5674317453	0.5233093036	0.4588153599	0.3765625501
24.4	0.5825678355	0.5579533906	0.5142158820	0.4503066577	0.3688763154
24.5	0.5726756303	0.5482987778	0.5049593931	0.4416553297	0.3610751681
24.6	0.5626097922	0.5384771414	0.4955488653	0.4328701012	0.3531674001
24.7	0.5523798615	0.5284978820	0.4859934855	0.4239598431	0.3451614313
24.8	0.5419955400	0.5183705576	0.4763025901	0.4149335634	0.3370658017
24.9	0.5314666820	0.5081048755	0.4664856567	0.4058003991	0.3288891631
25.0	0.5208032857	0.4977106829	0.4565522955	0.3965696078	0.3206402714
25.1	0.5100154840	0.4871979583	0.4465122406	0.3872505591	0.3123279780
25.2	0.4991135354	0.4765768025	0.4363753409	0.3778527258	0.3039612216
25.3	0.4881078148	0.4658574292	0.4261515512	0.3683856754	0.2955490199
25.4	0.4770088037	0.4550501558	0.4158509232	0.3588590612	0.2871004610
25.5	0.4658270813	0.4441653942	0.4054835961	0.3492826132	0.2786246948
25.6	0.4545733145	0.4332136412	0.3950597877	0.3396661291	0.2701309246
25.7	0.4432582485	0.4222054689	0.3845897844	0.3300194656	0.2616283982
25.8	0.4318926970	0.4111515152	0.3740839327	0.3203525289	0.2531263992
25.9	0.4204875321	0.4000624744	0.3635526290	0.3106752655	0.2446342384
26.0	0.4090536750	0.3889490868	0.3530063101	0.3009976534	0.2361612449
26.1	0.3976020857	0.3778221298	0.3424554444	0.2913296923	0.2277167572
26.2	0.3861437532	0.3666924073	0.3319105214	0.2816813949	0.2193101146
26.3	0.3746896857	0.3555707405	0.3213820426	0.2720627770	0.2109506483
26.4	0.3632509003	0.3444679575	0.3108805117	0.2624838488	0.2026476722
26.5	0.3518384131	0.3333948841	0.3004164252	0.2529546051	0.1944104746
26.6	0.3404632294	0.3223623332	0.2900002623	0.2434850165	0.1862483094
26.7	0.3291363335	0.3113810957	0.2796424759	0.2340850195	0.1781703867
26.8	0.3178686790	0.3004619300	0.2693534826	0.2247645080	0.1701858646
26.9	0.3066711784	0.2896155528	0.2591436530	0.2155333235	0.1623038405
27.0	0.2955546937	0.2788526288	0.2490233027	0.2064012462	0.1545333422
27.1	0.2845300260	0.2681837613	0.2390026824	0.1973779857	0.1468833193
27.2	0.2736079063	0.2576194825	0.2290919685	0.1884731723	0.1393626349
27.3	0.2627989852	0.2471702438	0.2193012539	0.1796963476	0.1319800571
27.4	0.2521138235	0.2368464061	0.2096405387	0.1710569559	0.1247442502
27.5	0.2415628824	0.2266582309	0.2001197207	0.1625643351	0.1176637673
27.6	0.2311565142	0.2166158702	0.1907485867	0.1542277083	0.1107470409
27.7	0.2209049528	0.2067293577	0.1815368032	0.1460561746	0.1040023761
27.8	0.2108183042	0.1970085994	0.1724939074	0.1380587014	0.0974379416
27.9	0.2009065374	0.1874633647	0.1636292986	0.1302441151	0.0910617623
28.0	0.1911794755	0.1781032772	0.1549522295	0.1226210934	0.0848817117
28.1	0.1816467863	0.1689378063	0.1464717975	0.1151981570	0.0789055040
28.2	0.1723179739	0.1599762579	0.1381969363	0.1079836612	0.0731406865
28.3	0.1632023698	0.1512277665	0.1301364077	0.1009857889	0.0675946331
28.4	0.1543091243	0.1427012862	0.1222987933	0.0942125417	0.0622745359
28.5	0.1456471982	0.1344055830	0.1146924868	0.0876717333	0.0571873995
28.6	0.1372253548	0.1263492263	0.1073256858	0.0813709818	0.0523400333
28.7	0.1290521515	0.1185405814	0.1002063848	0.0753177021	0.0477390448
28.8	0.1211359322	0.1109878015	0.0933423668	0.0695190993	0.0433908340
28.9	0.1134848193	0.1036988200	0.0867411970	0.0639821618	0.0393015860
29.0	0.1061067069	0.0966813438	0.0804102150	0.0587136542	0.0354772657
29.1	0.0990092527	0.0899428455	0.0743565283	0.0537201116	0.0319236115
29.2	0.0921998716	0.0834905568	0.0685870056	0.0490078323	0.0286461297
29.3	0.0856857285	0.0773314619	0.0631082702	0.0445828728	0.0256500890
29.4	0.0794737317	0.0714722904	0.0579266938	0.0404510411	0.0229405152
29.5	0.0735705268	0.0659195119	0.0530483904	0.0366178916	0.0205221861
29.6	0.0679824901	0.0606793292	0.0484792109	0.0330887194	0.0183996269
29.7	0.0627157230	0.0557576731	0.0442247369	0.0298685554	0.0165771050
29.8	0.0577760461	0.0511601961	0.0402902759	0.0269621611	0.0150586263
29.9	0.0531689939	0.0468922681	0.0366808561	0.0243740240	0.0138479306
30.0	0.0488998097	0.0429589701	0.0334012213	0.0221083532	0.0129484877
30.1	0.0449734404	0.0393650906	0.0304558268	0.0201690753	0.0123634940
30.2	0.0413945321	0.0361151201	0.0278488344	0.0185598301	0.0120958688
30.3	0.0381674256	0.0332132474	0.0255841093	0.0172839672	0.0121482512
30.4	0.0352961522	0.0306633553	0.0236652153	0.0163445425	0.0125229972
30.5	0.0327844302	0.0284690170	0.0220954120	0.0157443151	0.0132221771
30.6	0.0306356607	0.0266334924	0.0208776511	0.0154857441	0.0142475728
30.7	0.0288529250	0.0251597253	0.0200145736	0.0155709864	0.0156006759
30.8	0.0274389811	0.0240503399	0.0195085072	0.0160018938	0.0172826859
30.9	0.0263962613	0.0233076389	0.0193614637	0.0167800115	0.0192945082
31.0	0.0257268695	0.0229336006	0.0195751368	0.0179065759	0.0216367529
31.1	0.0254325793	0.0229298768	0.0201509005	0.0193825129	0.0243097340
31.2	0.0255148320	0.0232977916	0.0210898073	0.0212084373	0.0273134680
31.3	0.0259747351	0.0240383393	0.0223925869	0.0233846510	0.0306476738
31.4	0.0268130613	0.0251521838	0.0240596454	0.0259111428	0.0343117722
31.5	0.0280302470	0.0266396570	0.0260910644	0.0287875879	0.0383048860
31.6	0.0296263921	0.0285007590	0.0284866007	0.0320133478	0.0426258398
31.7	0.0316012596	0.0307351572	0.0312456859	0.0355874700	0.0472731614
31.8	0.0339542752	0.0333421866	0.0343674270	0.0395086890	0.0522450815
31.9	0.0366845282	0.0363208500	0.0378506066	0.0437754269	0.0575395357
32.0	0.0397907713	0.0396698185	0.0416936833	0.0483857939	0.0631541652
32.1	0.0432714220	0.0433874327	0.0458947936	0.0533375901	0.0690863187
32.2	0.0471245634	0.0474717036	0.0504517522	0.0586283069	0.0753330541
32.3	0.0513479459	0.0519203141	0.0553620543	0.0642551285	0.0818911406
32.4	0.0559389889	0.0567306210	0.0606228774	0.0702149346	0.0887570611
32.5	0.0608947827	0.0618996566	0.0662310831	0.0765043021	0.0959270151
32.6	0.0662120907	0.0674241317	0.0721832200	0.0831195083	0.1033969212
32.7	0.0718873525	0.0733004376	0.0784755260	0.0900565335	0.1111624203
32.8	0.0779166863	0.0795246494	0.0851039318	0.0973110641	0.1192188792
32.9	0.0842958926	0.0860925292	0.0920640639	0.1048784963	0.1275613944
33.0	0.0910204571	0.0929995294	0.0993512479	0.1127539399	0.1361847953
33.1	0.0980855550	0.1002407964	0.1069605130	0.1209322217	0.1450836492
33.2	0.1054860545	0.1078111751	0.1148865957	0.1294078903	0.1542522650
33.3	0.1132165217	0.1157052128	0.1231239439	0.1381752204	0.1636846982
33.4	0.1212712248	0.1239171636	0.1316667220	0.1472282172	0.1733747557
33.5	0.1296441389	0.1324409939	0.1405088157	0.1565606219	0.1833160008
33.6	0.1383289514	0.1412703868	0.1496438367	0.1661659166	0.1935017583
33.7	0.1473190671	0.1503987478	0.1590651286	0.1760373295	0.2039251204
33.8	0.1566076141	0.1598192105	0.1687657724	0.1861678412	0.2145789523
33.9	0.1661874493	0.1695246419	0.1787385918	0.1965501900	0.2254558979
34.0	0.1760511648	0.1795076491	0.1889761600	0.2071768782	0.2365483863
34.1	0.1861910941	0.1897605854	0.1994708059	0.2180401785	0.2478486378
34.2	0.1965993188	0.2002755565	0.2102146200	0.2291321406	0.2593486707
34.3	0.2072676752	0.2110444278	0.2211994619	0.2404445975	0.2710403079
34.4	0.2181877617	0.2220588309	0.2324169668	0.2519691732	0.2829151837
34.5	0.2293509455	0.2333101711	0.2438585528	0.2636972889	0.2949647510
34.6	0.2407483705	0.2447896347	0.2555154282	0.2756201711	0.3071802885
34.7	0.2523709647	0.2564881965	0.2673785991	0.2877288586	0.3195529082
34.8	0.2642094482	0.2683966277	0.2794388770	0.3000142103	0.3320735627
34.9	0.2762543410	0.2805055036	0.2916868868	0.3124669130	0.3447330530
35.0	0.2884959716	0.2928052122	0.3041130749	0.3250774896	0.3575220365
35.1	0.3009244848	0.3052859621	0.3167077173	0.3378363068	0.3704310349
35.2	0.3135298508	0.3179377909	0.3294609280	0.3507335838	0.3834504421
35.3	0.3263018735	0.3307505744	0.3423626676	0.3637594002	0.3965705328
35.4	0.3392301997	0.3437140346	0.3554027519	0.3769037053	0.4097814704
35.5	0.3523043278	0.3568177492	0.3685708609	0.3901563258	0.4230733157
35.6	0.3655136169	0.3700511604	0.3818565472	0.4035069755	0.4364360355
35.7	0.3788472963	0.3834035838	0.3952492457	0.4169452634	0.4498595111
35.8	0.3922944748	0.3968642184	0.4087382824	0.4304607031	0.4633335468
35.9	0.4058441502	0.4104221551	0.4223128836	0.4440427220	0.4768478793
36.0	0.4194852185	0.4240663869	0.4359621852	0.4576806700	0.4903921857
36.1	0.4332064841	0.4377858180	0.4496752426	0.4713638289	0.5039560933
36.2	0.4469966693	0.4515692737	0.4634410397	0.4850814217	0.5175291879
36.3	0.4608444242	0.4654055099	0.4772484983	0.4988226222	0.5311010230
36.4	0.4747383366	0.4792832233	0.4910864886	0.5125765639	0.5446611289
36.5	0.4886669418	0.4931910607	0.5049438379	0.5263323497	0.5581990218
36.6	0.5026187327	0.5071176292	0.5188093409	0.5400790613	0.5717042127
36.7	0.5165821702	0.5210515064	0.5326717693	0.5538057687	0.5851662167
36.8	0.5305456925	0.5349812496	0.5465198814	0.5675015399	0.5985745618
36.9	0.5444977259	0.5488954065	0.5603424323	0.5811554499	0.6119187984
37.0	0.5584266948	0.5627825250	0.5741281831	0.5947565907	0.6251885081
37.1	0.5723210314	0.5766311627	0.5878659113	0.6082940806	0.6383733127
37.2	0.5861691862	0.5904298978	0.6015444203	0.6217570734	0.6514628833
37.3	0.5999596382	0.6041673383	0.6151525490	0.6351347685	0.6644469495
37.4	0.6136809044	0.6178321322	0.6286791819	0.6484164197	0.6773153079
37.5	0.6273215506	0.6314129775	0.6421132585	0.6615913447	0.6900578315
37.6	0.6408702008	0.6448986321	0.6554437831	0.6746489347	0.7026644780
37.7	0.6543155475	0.6582779235	0.6686598342	0.6875786633	0.7151252988
37.8	0.6676463613	0.6715397584	0.6817505746	0.7003700959	0.7274304478
37.9	0.6808515012	0.6846731328	0.6947052600	0.7130128987	0.7395701898
38.0	0.6939199238	0.6976671415	0.7075132492	0.7254968479	0.7515349089
38.1	0.7068406936	0.7105109874	0.7201640128	0.7378118382	0.7633151173
38.2	0.7196029918	0.7231939912	0.7326471428	0.7499478921	0.7749014630
38.3	0.7321961266	0.7357056006	0.7449523615	0.7618951684	0.7862847384
38.4	0.7446095419	0.7480353998	0.7570695306	0.7736439709	0.7974558883
38.5	0.7568328270	0.7601731180	0.7689886599	0.7851847566	0.8084060177
38.6	0.7688557255	0.7721086392	0.7806999163	0.7965081443	0.8191263995
38.7	0.7806681443	0.7838320106	0.7921936320	0.8076049230	0.8296084821
38.8	0.7922601627	0.7953334511	0.8034603134	0.8184660592	0.8398438974
38.9	0.8036220407	0.8066033605	0.8144906492	0.8290827059	0.8498244674
39.0	0.8147442279	0.8176323273	0.8252755185	0.8394462093	0.8595422118
39.1	0.8256173715	0.8284111374	0.8358059989	0.8495481169	0.8689893547
39.2	0.8362323250	0.8389307817	0.8460733743	0.8593801849	0.8781583318
39.3	0.8465801557	0.8491824647	0.8560691424	0.8689343854	0.8870417966
39.4	0.8566521530	0.8591576113	0.8657850223	0.8782029131	0.8956326271
39.5	0.8664398357	0.8688478751	0.8752129616	0.8871781926	0.9039239319
39.6	0.8759349597	0.8782451453	0.8843451438	0.8958528848	0.9119090564
39.7	0.8851295250	0.8873415540	0.8931739946	0.9042198934	0.9195815882
39.8	0.8940157829	0.8961294829	0.9016921890	0.9122723708	0.9269353635
39.9	0.9025862427	0.9046015701	0.9098926576	0.9200037248	0.9339644716
40.0	0.9108336783	0.9127507167	0.9177685925	0.9274076236	0.9406632607
40.1	0.9187511346	0.9205700927	0.9253134538	0.9344780018	0.9470263427
40.2	0.9263319335	0.9280531433	0.9325209748	0.9412090656	0.9530485979
40.3	0.9335696799	0.9351935945	0.9393851681	0.9475952980	0.9587251793
40.4	0.9404582673	0.9419854585	0.9459003301	0.9536314634	0.9640515171
40.5	0.9469918829	0.9484230391	0.9520610465	0.9593126123	0.9690233228
40.6	0.9531650130	0.9545009368	0.9578621971	0.9646340858	0.9736365925
40.7	0.9589724478	0.9602140533	0.9632989599	0.9695915193	0.9778876109
40.8	0.9644092859	0.9655575961	0.9683668157	0.9741808468	0.9817729543
40.9	0.9694709386	0.9705270826	0.9730615519	0.9783983040	0.9852894936
41.0	0.9741531340	0.9751183442	0.9773792661	0.9822404321	0.9884343972
41.1	0.9784519206	0.9793275299	0.9813163698	0.9857040803	0.9912051334
41.2	0.9823636710	0.9831511094	0.9848695911	0.9887864089	0.9935994724
41.3	0.9858850849	0.9865858768	0.9880359781	0.9914848918	0.9956154886
41.4	0.9890131921	0.9896289528	0.9908129013	0.9937973184	0.9972515623
41.5	0.9917453550	0.9922777875	0.9931980554	0.9957217961	0.9985063806
41.6	0.9940792710	0.9945301627	0.9951894622	0.9972567513	0.9993789392
41.7	0.9960129745	0.9963841936	0.9967854717	0.9984009312	0.9998685429
41.8	0.9975448388	0.9978383309	0.9979847637	0.9991534050	0.9999748063
41.9	0.9986735771	0.9988913616	0.9987863491	0.9995135640	0.9996976541
42.0	0.9986735771	0.9988913616	0.9987863491	0.9995135640	0.9996976541
