z[um]	w[um]	pcm(0:si, 1:cpcm, 2:apcm)
0.0000000000 0.3000000000 2
0.1000000000 0.3000000000 2
0.2000000000 0.3000000000 2
0.3000000000 0.3000000000 2
0.4000000000 0.3000000000 2
0.5000000000 0.3000000000 2
0.6000000000 0.3000000000 2
0.7000000000 0.3000000000 2
0.8000000000 0.3000000000 2
0.9000000000 0.3000000000 2
1.0000000000 0.3000000000 2
1.1000000000 0.3000000000 2
1.2000000000 0.3000000000 2
1.3000000000 0.3000000000 2
1.4000000000 0.3000000000 2
1.5000000000 0.3000000000 2
1.6000000000 0.3000000000 2
1.7000000000 0.3000000000 2
1.8000000000 0.3000000000 2
1.9000000000 0.3000000000 2
2.0000000000 0.3000000000 2
2.1000000000 0.3000000000 2
2.2000000000 0.3000000000 2
2.3000000000 0.3000000000 2
2.4000000000 0.3000000000 2
2.5000000000 0.3000000000 2
2.6000000000 0.3000000000 2
2.7000000000 0.3000000000 2
2.8000000000 0.3000000000 2
2.9000000000 0.3000000000 2
3.0000000000 0.3000000000 2
3.1000000000 0.3000000000 2
3.2000000000 0.3000000000 2
3.3000000000 0.3000000000 2
3.4000000000 0.3000000000 2
3.5000000000 0.3000000000 2
3.6000000000 0.3000000000 2
3.7000000000 0.3000000000 2
3.8000000000 0.3000000000 2
3.9000000000 0.3000000000 2
4.0000000000 0.3000000000 2
4.1000000000 0.3000000000 2
4.2000000000 0.3000000000 2
4.3000000000 0.3000000000 2
4.4000000000 0.3000000000 2
4.5000000000 0.3000000000 2
4.6000000000 0.3000000000 2
4.7000000000 0.3000000000 2
4.8000000000 0.3000000000 2
4.9000000000 0.3000000000 2
5.0000000000 0.3000000000 2
5.1000000000 0.3000000000 2
5.2000000000 0.3000000000 2
5.3000000000 0.3000000000 2
5.4000000000 0.3000000000 2
5.5000000000 0.3000000000 2
5.6000000000 0.3000000000 2
5.7000000000 0.3000000000 2
5.8000000000 0.3000000000 2
5.9000000000 0.3000000000 2
6.0000000000 0.3000000000 2
6.1000000000 0.3000000000 2
6.2000000000 0.3000000000 2
6.3000000000 0.3000000000 2
6.4000000000 0.3000000000 2
6.5000000000 0.3000000000 2
6.6000000000 0.3000000000 2
6.7000000000 0.3000000000 2
6.8000000000 0.3000000000 2
6.9000000000 0.3000000000 2
7.0000000000 0.3000000000 2
7.1000000000 0.3000000000 2
7.2000000000 0.3000000000 2
7.3000000000 0.3000000000 2
7.4000000000 0.3000000000 2
7.5000000000 0.3000000000 2
7.6000000000 0.3000000000 2
7.7000000000 0.3000000000 2
7.8000000000 0.3000000000 2
7.9000000000 0.3000000000 2
8.0000000000 0.3000000000 2
8.1000000000 0.3000000000 2
8.2000000000 0.3000000000 2
8.3000000000 0.3000000000 2
8.4000000000 0.3000000000 2
8.5000000000 0.3000000000 2
8.6000000000 0.3000000000 2
8.7000000000 0.3000000000 2
8.8000000000 0.3000000000 2
8.9000000000 0.3000000000 2
9.0000000000 0.3000000000 2
9.1000000000 0.3000000000 2
9.2000000000 0.3000000000 2
9.3000000000 0.3000000000 2
9.4000000000 0.3000000000 2
9.5000000000 0.3000000000 2
9.6000000000 0.3000000000 2
9.7000000000 0.3000000000 2
9.8000000000 0.3000000000 2
9.9000000000 0.3000000000 2
10.0000000000 0.3000000000 2
10.1000000000 0.3000000000 2
10.2000000000 0.3000000000 2
10.3000000000 0.3000000000 2
10.4000000000 0.3000000000 2
10.5000000000 0.3000000000 2
10.6000000000 0.3000000000 2
10.7000000000 0.3000000000 2
10.8000000000 0.3000000000 2
10.9000000000 0.3000000000 2
11.0000000000 0.3000000000 2
11.1000000000 0.3000000000 2
11.2000000000 0.3000000000 2
11.3000000000 0.3000000000 2
11.4000000000 0.3000000000 2
11.5000000000 0.3000000000 2
11.6000000000 0.3000000000 2
11.7000000000 0.3000000000 2
11.8000000000 0.3000000000 2
11.9000000000 0.3000000000 2
12.0000000000 0.3000000000 2
12.1000000000 0.3000000000 2
12.2000000000 0.3000000000 2
12.3000000000 0.3000000000 2
12.4000000000 0.3000000000 2
12.5000000000 0.3000000000 2
12.6000000000 0.3000000000 2
12.7000000000 0.3000000000 2
12.8000000000 0.3000000000 2
12.9000000000 0.3000000000 2
13.0000000000 0.3000000000 2
13.1000000000 0.3000000000 2
13.2000000000 0.3000000000 2
13.3000000000 0.3000000000 2
13.4000000000 0.3000000000 2
13.5000000000 0.3000000000 2
13.6000000000 0.3000000000 2
13.7000000000 0.3000000000 2
13.8000000000 0.3000000000 2
13.9000000000 0.3000000000 2
14.0000000000 0.3000000000 2
14.1000000000 0.3000000000 2
14.2000000000 0.3000000000 2
14.3000000000 0.3000000000 2
14.4000000000 0.3000000000 2
14.5000000000 0.3000000000 2
14.6000000000 0.3000000000 2
14.7000000000 0.3000000000 2
14.8000000000 0.3000000000 2
14.9000000000 0.3000000000 2
15.0000000000 0.3000000000 2
15.1000000000 0.3000000000 4
15.2000000000 0.3000000000 4
15.3000000000 0.3000000000 4
15.4000000000 0.3000000000 4
15.5000000000 0.3000000000 4
15.6000000000 0.3000000000 4
15.7000000000 0.3000000000 4
15.8000000000 0.3000000000 4
15.9000000000 0.3000000000 4
16.0000000000 0.3000000000 4
16.1000000000 0.3000000000 4
16.2000000000 0.3000000000 4
16.3000000000 0.3000000000 4
16.4000000000 0.3000000000 4
16.5000000000 0.3000000000 4
16.6000000000 0.3000000000 4
16.7000000000 0.3000000000 4
16.8000000000 0.3000000000 4
16.9000000000 0.3000000000 4
17.0000000000 0.3000000000 4
17.1000000000 0.3000000000 4
17.2000000000 0.3000000000 4
17.3000000000 0.3000000000 4
17.4000000000 0.3000000000 4
17.5000000000 0.3000000000 4
17.6000000000 0.3000000000 4
17.7000000000 0.3000000000 4
17.8000000000 0.3000000000 4
17.9000000000 0.3000000000 4
18.0000000000 0.3000000000 4
18.1000000000 0.3000000000 4
18.2000000000 0.3000000000 4
18.3000000000 0.3000000000 4
18.4000000000 0.3000000000 4
18.5000000000 0.3000000000 4
18.6000000000 0.3000000000 4
18.7000000000 0.3000000000 4
18.8000000000 0.3000000000 4
18.9000000000 0.3000000000 4
19.0000000000 0.3000000000 4
19.1000000000 0.3000000000 4
19.2000000000 0.3000000000 4
19.3000000000 0.3000000000 4
19.4000000000 0.3000000000 4
19.5000000000 0.3000000000 4
19.6000000000 0.3000000000 4
19.7000000000 0.3000000000 4
19.8000000000 0.3000000000 4
19.9000000000 0.3000000000 4
20.0000000000 0.3000000000 4
20.1000000000 0.3000000000 4
20.2000000000 0.3000000000 4
20.3000000000 0.3000000000 4
20.4000000000 0.3000000000 4
20.5000000000 0.3000000000 4
20.6000000000 0.3000000000 4
20.7000000000 0.3000000000 4
20.8000000000 0.3000000000 4
20.9000000000 0.3000000000 4
21.0000000000 0.3000000000 4
21.1000000000 0.3000000000 4
21.2000000000 0.3000000000 4
21.3000000000 0.3000000000 4
21.4000000000 0.3000000000 4
21.5000000000 0.3000000000 4
21.6000000000 0.3000000000 4
21.7000000000 0.3000000000 4
21.8000000000 0.3000000000 4
21.9000000000 0.3000000000 4
22.0000000000 0.3000000000 4
22.1000000000 0.3000000000 4
22.2000000000 0.3000000000 4
22.3000000000 0.3000000000 4
22.4000000000 0.3000000000 4
22.5000000000 0.3000000000 4
22.6000000000 0.3000000000 4
22.7000000000 0.3000000000 4
22.8000000000 0.3000000000 4
22.9000000000 0.3000000000 4
23.0000000000 0.3000000000 4
23.1000000000 0.3000000000 4
23.2000000000 0.3000000000 4
23.3000000000 0.3000000000 4
23.4000000000 0.3000000000 4
23.5000000000 0.3000000000 4
23.6000000000 0.3000000000 4
23.7000000000 0.3000000000 4
23.8000000000 0.3000000000 4
23.9000000000 0.3000000000 4
24.0000000000 0.3000000000 4
24.1000000000 0.3000000000 4
24.2000000000 0.3000000000 4
24.3000000000 0.3000000000 4
24.4000000000 0.3000000000 4
24.5000000000 0.3000000000 4
24.6000000000 0.3000000000 4
24.7000000000 0.3000000000 4
24.8000000000 0.3000000000 4
24.9000000000 0.3000000000 4
25.0000000000 0.3000000000 4
25.1000000000 0.3000000000 4
25.2000000000 0.3000000000 4
25.3000000000 0.3000000000 4
25.4000000000 0.3000000000 4
25.5000000000 0.3000000000 4
25.6000000000 0.3000000000 4
25.7000000000 0.3000000000 4
25.8000000000 0.3000000000 4
25.9000000000 0.3000000000 4
26.0000000000 0.3000000000 4
26.1000000000 0.3000000000 4
26.2000000000 0.3000000000 4
26.3000000000 0.3000000000 4
26.4000000000 0.3000000000 4
26.5000000000 0.3000000000 4
26.6000000000 0.3000000000 4
26.7000000000 0.3000000000 4
26.8000000000 0.3000000000 4
26.9000000000 0.3000000000 4
27.0000000000 0.3000000000 4
27.1000000000 0.3000000000 4
27.2000000000 0.3000000000 4
27.3000000000 0.3000000000 4
27.4000000000 0.3000000000 4
27.5000000000 0.3000000000 4
27.6000000000 0.3000000000 4
27.7000000000 0.3000000000 4
27.8000000000 0.3000000000 4
27.9000000000 0.3000000000 4
28.0000000000 0.3000000000 4
28.1000000000 0.3000000000 4
28.2000000000 0.3000000000 4
28.3000000000 0.3000000000 4
28.4000000000 0.3000000000 4
28.5000000000 0.3000000000 4
28.6000000000 0.3000000000 4
28.7000000000 0.3000000000 4
28.8000000000 0.3000000000 4
28.9000000000 0.3000000000 4
29.0000000000 0.3000000000 4
29.1000000000 0.3000000000 4
29.2000000000 0.3000000000 4
29.3000000000 0.3000000000 2
29.4000000000 0.3000000000 2
29.5000000000 0.3000000000 2
29.6000000000 0.3000000000 2
29.7000000000 0.3000000000 2
29.8000000000 0.3000000000 2
29.9000000000 0.3000000000 2
30.0000000000 0.3000000000 2
30.1000000000 0.3000000000 2
30.2000000000 0.3000000000 2
30.3000000000 0.3000000000 2
30.4000000000 0.3000000000 2
30.5000000000 0.3000000000 2
30.6000000000 0.3000000000 2
30.7000000000 0.3000000000 2
30.8000000000 0.3000000000 2
30.9000000000 0.3000000000 2
31.0000000000 0.3000000000 2
31.1000000000 0.3000000000 2
31.2000000000 0.3000000000 2
31.3000000000 0.3000000000 2
31.4000000000 0.3000000000 2
31.5000000000 0.3000000000 2
31.6000000000 0.3000000000 2
31.7000000000 0.3000000000 2
31.8000000000 0.3000000000 2
31.9000000000 0.3000000000 2
32.0000000000 0.3000000000 2
32.1000000000 0.3000000000 2
32.2000000000 0.3000000000 2
32.3000000000 0.3000000000 2
32.4000000000 0.3000000000 2
32.5000000000 0.3000000000 2
32.6000000000 0.3000000000 2
32.7000000000 0.3000000000 2
32.8000000000 0.3000000000 2
32.9000000000 0.3000000000 2
33.0000000000 0.3000000000 2
33.1000000000 0.3000000000 2
33.2000000000 0.3000000000 2
33.3000000000 0.3000000000 2
33.4000000000 0.3000000000 2
33.5000000000 0.3000000000 2
33.6000000000 0.3000000000 2
33.7000000000 0.3000000000 2
33.8000000000 0.3000000000 2
33.9000000000 0.3000000000 2
34.0000000000 0.3000000000 2
34.1000000000 0.3000000000 2
34.2000000000 0.3000000000 2
34.3000000000 0.3000000000 2
34.4000000000 0.3000000000 2
34.5000000000 0.3000000000 2
34.6000000000 0.3000000000 2
34.7000000000 0.3000000000 2
34.8000000000 0.3000000000 2
34.9000000000 0.3000000000 2
35.0000000000 0.3000000000 2
35.1000000000 0.3000000000 2
35.2000000000 0.3000000000 2
35.3000000000 0.3000000000 2
35.4000000000 0.3000000000 2
35.5000000000 0.3000000000 2
35.6000000000 0.3000000000 2
35.7000000000 0.3000000000 2
35.8000000000 0.3000000000 2
35.9000000000 0.3000000000 2
36.0000000000 0.3000000000 2
36.1000000000 0.3000000000 2
36.2000000000 0.3000000000 2
36.3000000000 0.3000000000 2
36.4000000000 0.3000000000 2
36.5000000000 0.3000000000 2
36.6000000000 0.3000000000 2
36.7000000000 0.3000000000 2
36.8000000000 0.3000000000 2
36.9000000000 0.3000000000 2
37.0000000000 0.3000000000 2
37.1000000000 0.3000000000 2
37.2000000000 0.3000000000 2
37.3000000000 0.3000000000 2
37.4000000000 0.3000000000 2
37.5000000000 0.3000000000 2
37.6000000000 0.3000000000 2
37.7000000000 0.3000000000 2
37.8000000000 0.3000000000 2
37.9000000000 0.3000000000 2
38.0000000000 0.3000000000 2
38.1000000000 0.3000000000 2
38.2000000000 0.3000000000 2
38.3000000000 0.3000000000 2
38.4000000000 0.3000000000 2
38.5000000000 0.3000000000 2
38.6000000000 0.3000000000 2
38.7000000000 0.3000000000 2
38.8000000000 0.3000000000 2
38.9000000000 0.3000000000 2
39.0000000000 0.3000000000 2
39.1000000000 0.3000000000 2
39.2000000000 0.3000000000 2
39.3000000000 0.3000000000 2
39.4000000000 0.3000000000 2
39.5000000000 0.3000000000 2
39.6000000000 0.3000000000 2
39.7000000000 0.3000000000 2
39.8000000000 0.3000000000 2
39.9000000000 0.3000000000 2
40.0000000000 0.3000000000 2
40.1000000000 0.3000000000 2
40.2000000000 0.3000000000 2
40.3000000000 0.3000000000 2
40.4000000000 0.3000000000 2
40.5000000000 0.3000000000 2
40.6000000000 0.3000000000 2
40.7000000000 0.3000000000 2
40.8000000000 0.3000000000 2
40.9000000000 0.3000000000 2
41.0000000000 0.3000000000 2
41.1000000000 0.3000000000 2
41.2000000000 0.3000000000 2
41.3000000000 0.3000000000 2
41.4000000000 0.3000000000 2
41.5000000000 0.3000000000 2
41.6000000000 0.3000000000 2
41.7000000000 0.3000000000 2
41.8000000000 0.3000000000 2
41.9000000000 0.3000000000 2
42.0000000000 0.3000000000 2
42.1000000000 0.3000000000 2
42.2000000000 0.3000000000 2
42.3000000000 0.3000000000 2
42.4000000000 0.3000000000 2
42.5000000000 0.3000000000 2
42.6000000000 0.3000000000 2
42.7000000000 0.3000000000 2
42.8000000000 0.3000000000 2
42.9000000000 0.3000000000 2
43.0000000000 0.3000000000 2
43.1000000000 0.3000000000 2
43.2000000000 0.3000000000 2
43.3000000000 0.3000000000 2
43.4000000000 0.3000000000 2
43.5000000000 0.3000000000 2
43.6000000000 0.3000000000 2
43.7000000000 0.3000000000 2
43.8000000000 0.3000000000 2
43.9000000000 0.3000000000 2
44.0000000000 0.3000000000 2
44.1000000000 0.3000000000 2
44.2000000000 0.3000000000 2
44.3000000000 0.3000000000 2
44.4000000000 0.3000000000 2
44.5000000000 0.3000000000 2
44.6000000000 0.3000000000 2
44.7000000000 0.3000000000 2
44.8000000000 0.3000000000 2
44.9000000000 0.3000000000 2
45.0000000000 0.3000000000 2
45.1000000000 0.3000000000 2
45.2000000000 0.3000000000 2
45.3000000000 0.3000000000 2
45.4000000000 0.3000000000 2
45.5000000000 0.3000000000 2
45.6000000000 0.3000000000 2
45.7000000000 0.3000000000 2
45.8000000000 0.3000000000 2
45.9000000000 0.3000000000 2
46.0000000000 0.3000000000 2
46.1000000000 0.3000000000 2
46.2000000000 0.3000000000 2
46.3000000000 0.3000000000 2
46.4000000000 0.3000000000 2
46.5000000000 0.3000000000 2
46.6000000000 0.3000000000 2
46.7000000000 0.3000000000 2
46.8000000000 0.3000000000 2
46.9000000000 0.3000000000 2
47.0000000000 0.3000000000 2
47.1000000000 0.3000000000 2
47.2000000000 0.3000000000 2
47.3000000000 0.3000000000 2
47.4000000000 0.3000000000 2
47.5000000000 0.3000000000 2
47.6000000000 0.3000000000 2
47.7000000000 0.3000000000 2
47.8000000000 0.3000000000 2
47.9000000000 0.3000000000 2
48.0000000000 0.3000000000 2
48.1000000000 0.3000000000 2
48.2000000000 0.3000000000 2
48.3000000000 0.3000000000 2
48.4000000000 0.3000000000 2
48.5000000000 0.3000000000 2
48.6000000000 0.3000000000 2
48.7000000000 0.3000000000 2
48.8000000000 0.3000000000 2
48.9000000000 0.3000000000 2
49.0000000000 0.3000000000 2
49.1000000000 0.3000000000 2
49.2000000000 0.3000000000 2
49.3000000000 0.3000000000 2
49.4000000000 0.3000000000 2
49.5000000000 0.3000000000 2
49.6000000000 0.3000000000 2
49.7000000000 0.3000000000 2
49.8000000000 0.3000000000 2
49.9000000000 0.3000000000 2
50.0000000000 0.3000000000 2
50.1000000000 0.3000000000 2
50.2000000000 0.3000000000 2
50.3000000000 0.3000000000 2
50.4000000000 0.3000000000 2
50.5000000000 0.3000000000 2
50.6000000000 0.3000000000 2
50.7000000000 0.3000000000 2
50.8000000000 0.3000000000 2
50.9000000000 0.3000000000 2
51.0000000000 0.3000000000 2
51.1000000000 0.3000000000 2
51.2000000000 0.3000000000 2
51.3000000000 0.3000000000 2
51.4000000000 0.3000000000 2
51.5000000000 0.3000000000 2
51.6000000000 0.3000000000 2
51.7000000000 0.3000000000 2
51.8000000000 0.3000000000 2
51.9000000000 0.3000000000 2
52.0000000000 0.3000000000 2
52.1000000000 0.3000000000 2
52.2000000000 0.3000000000 2
52.3000000000 0.3000000000 2
52.4000000000 0.3000000000 2
52.5000000000 0.3000000000 2
52.6000000000 0.3000000000 2
52.7000000000 0.3000000000 2
52.8000000000 0.3000000000 2
52.9000000000 0.3000000000 2
53.0000000000 0.3000000000 2
53.1000000000 0.3000000000 2
53.2000000000 0.3000000000 2
53.3000000000 0.3000000000 2
53.4000000000 0.3000000000 2
53.5000000000 0.3000000000 2
53.6000000000 0.3000000000 2
53.7000000000 0.3000000000 2
53.8000000000 0.3000000000 2
53.9000000000 0.3000000000 2
54.0000000000 0.3000000000 2
54.1000000000 0.3000000000 2
54.2000000000 0.3000000000 2
54.3000000000 0.3000000000 2
54.4000000000 0.3000000000 2
54.5000000000 0.3000000000 2
54.6000000000 0.3000000000 2
54.7000000000 0.3000000000 2
54.8000000000 0.3000000000 2
54.9000000000 0.3000000000 2
55.0000000000 0.3000000000 2
55.1000000000 0.3000000000 2
55.2000000000 0.3000000000 2
55.3000000000 0.3000000000 2
55.4000000000 0.3000000000 2
55.5000000000 0.3000000000 2
55.6000000000 0.3000000000 2
55.7000000000 0.3000000000 2
55.8000000000 0.3000000000 2
55.9000000000 0.3000000000 2
56.0000000000 0.3000000000 2
56.1000000000 0.3000000000 2
56.2000000000 0.3000000000 2
56.3000000000 0.3000000000 2
56.4000000000 0.3000000000 2
56.5000000000 0.3000000000 2
56.6000000000 0.3000000000 2
56.7000000000 0.3000000000 2
56.8000000000 0.3000000000 2
56.9000000000 0.3000000000 2
57.0000000000 0.3000000000 2
57.1000000000 0.3000000000 2
57.2000000000 0.3000000000 2
57.3000000000 0.3000000000 2
57.4000000000 0.3000000000 2
57.5000000000 0.3000000000 2
57.6000000000 0.3000000000 2
57.7000000000 0.3000000000 2
57.8000000000 0.3000000000 2
57.9000000000 0.3000000000 2
58.0000000000 0.3000000000 2
58.1000000000 0.3000000000 2
58.2000000000 0.3000000000 2
58.3000000000 0.3000000000 2
58.4000000000 0.3000000000 2
58.5000000000 0.3000000000 2
58.6000000000 0.3000000000 2
58.7000000000 0.3000000000 2
58.8000000000 0.3000000000 2
58.9000000000 0.3000000000 2
59.0000000000 0.3000000000 2
59.1000000000 0.3000000000 2
59.2000000000 0.3000000000 2
59.3000000000 0.3000000000 2
59.4000000000 0.3000000000 2
59.5000000000 0.3000000000 2
59.6000000000 0.3000000000 2
59.7000000000 0.3000000000 2
59.8000000000 0.3000000000 2
59.9000000000 0.3000000000 2
60.0000000000 0.3000000000 2
60.1000000000 0.3000000000 2
60.2000000000 0.3000000000 2
60.3000000000 0.3000000000 2
60.4000000000 0.3000000000 2
60.5000000000 0.3000000000 2
60.6000000000 0.3000000000 2
60.7000000000 0.3000000000 2
60.8000000000 0.3000000000 2
60.9000000000 0.3000000000 2
61.0000000000 0.3000000000 2
61.1000000000 0.3000000000 2
61.2000000000 0.3000000000 2
61.3000000000 0.3000000000 2
61.4000000000 0.3000000000 2
61.5000000000 0.3000000000 2
61.6000000000 0.3000000000 2
61.7000000000 0.3000000000 2
61.8000000000 0.3000000000 2
61.9000000000 0.3000000000 2
62.0000000000 0.3000000000 2
62.1000000000 0.3000000000 2
62.2000000000 0.3000000000 2
62.3000000000 0.3000000000 2
62.4000000000 0.3000000000 2
62.5000000000 0.3000000000 2
62.6000000000 0.3000000000 2
62.7000000000 0.3000000000 2
62.8000000000 0.3000000000 2
62.9000000000 0.3000000000 2
63.0000000000 0.3000000000 2
63.1000000000 0.3000000000 2
63.2000000000 0.3000000000 2
63.3000000000 0.3000000000 2
63.4000000000 0.3000000000 2
63.5000000000 0.3000000000 2
63.6000000000 0.3000000000 2
63.7000000000 0.3000000000 2
63.8000000000 0.3000000000 2
63.9000000000 0.3000000000 2
64.0000000000 0.3000000000 2
64.1000000000 0.3000000000 2
64.2000000000 0.3000000000 2
64.3000000000 0.3000000000 2
64.4000000000 0.3000000000 2
64.5000000000 0.3000000000 2
64.6000000000 0.3000000000 2
64.7000000000 0.3000000000 2
64.8000000000 0.3000000000 2
64.9000000000 0.3000000000 2
65.0000000000 0.3000000000 2
65.1000000000 0.3000000000 2
65.2000000000 0.3000000000 2
65.3000000000 0.3000000000 2
65.4000000000 0.3000000000 2
65.5000000000 0.3000000000 2
65.6000000000 0.3000000000 2
65.7000000000 0.3000000000 2
65.8000000000 0.3000000000 2
65.9000000000 0.3000000000 2
66.0000000000 0.3000000000 2
66.1000000000 0.3000000000 2
66.2000000000 0.3000000000 2
66.3000000000 0.3000000000 2
66.4000000000 0.3000000000 2
66.5000000000 0.3000000000 2
66.6000000000 0.3000000000 2
66.7000000000 0.3000000000 2
66.8000000000 0.3000000000 2
66.9000000000 0.3000000000 2
67.0000000000 0.3000000000 2
67.1000000000 0.3000000000 2
67.2000000000 0.3000000000 2
67.3000000000 0.3000000000 2
67.4000000000 0.3000000000 2
67.5000000000 0.3000000000 2
67.6000000000 0.3000000000 2
67.7000000000 0.3000000000 2
67.8000000000 0.3000000000 2
67.9000000000 0.3000000000 2
68.0000000000 0.3000000000 2
68.1000000000 0.3000000000 2
68.2000000000 0.3000000000 2
