z[um]	w[um]	pcm(0:si, 1:cpcm, 2:apcm)
0.0000000000 0.4700000000 2
0.1000000000 0.4700200000 2
0.2000000000 0.4700400000 2
0.3000000000 0.4700600000 2
0.4000000000 0.4700800000 2
0.5000000000 0.4701000000 2
0.6000000000 0.4701200000 2
0.7000000000 0.4701400000 2
0.8000000000 0.4701600000 2
0.9000000000 0.4701800000 2
1.0000000000 0.4702000000 2
1.1000000000 0.4702200000 2
1.2000000000 0.4702400000 2
1.3000000000 0.4702600000 2
1.4000000000 0.4702800000 2
1.5000000000 0.4703000000 2
1.6000000000 0.4703200000 2
1.7000000000 0.4703400000 2
1.8000000000 0.4703600000 2
1.9000000000 0.4703800000 2
2.0000000000 0.4704000000 2
2.1000000000 0.4704200000 2
2.2000000000 0.4704400000 2
2.3000000000 0.4704600000 2
2.4000000000 0.4704800000 2
2.5000000000 0.4705000000 2
2.6000000000 0.4705200000 2
2.7000000000 0.4705400000 2
2.8000000000 0.4705600000 2
2.9000000000 0.4705800000 2
3.0000000000 0.4706000000 2
3.1000000000 0.4706200000 2
3.2000000000 0.4706400000 2
3.3000000000 0.4706600000 2
3.4000000000 0.4706800000 2
3.5000000000 0.4707000000 2
3.6000000000 0.4707200000 2
3.7000000000 0.4707400000 2
3.8000000000 0.4707600000 2
3.9000000000 0.4707800000 2
4.0000000000 0.4708000000 2
4.1000000000 0.4708200000 2
4.2000000000 0.4708400000 2
4.3000000000 0.4708600000 2
4.4000000000 0.4708800000 2
4.5000000000 0.4709000000 2
4.6000000000 0.4709200000 2
4.7000000000 0.4709400000 2
4.8000000000 0.4709600000 2
4.9000000000 0.4709800000 2
5.0000000000 0.4710000000 2
5.1000000000 0.4710200000 2
5.2000000000 0.4710400000 2
5.3000000000 0.4710600000 2
5.4000000000 0.4710800000 2
5.5000000000 0.4711000000 2
5.6000000000 0.4711200000 2
5.7000000000 0.4711400000 2
5.8000000000 0.4711600000 2
5.9000000000 0.4711800000 2
6.0000000000 0.4712000000 2
6.1000000000 0.4712200000 2
6.2000000000 0.4712400000 2
6.3000000000 0.4712600000 2
6.4000000000 0.4712800000 2
6.5000000000 0.4713000000 2
6.6000000000 0.4713200000 2
6.7000000000 0.4713400000 2
6.8000000000 0.4713600000 2
6.9000000000 0.4713800000 2
7.0000000000 0.4714000000 2
7.1000000000 0.4714200000 2
7.2000000000 0.4714400000 2
7.3000000000 0.4714600000 2
7.4000000000 0.4714800000 2
7.5000000000 0.4715000000 2
7.6000000000 0.4715200000 2
7.7000000000 0.4715400000 2
7.8000000000 0.4715600000 2
7.9000000000 0.4715800000 2
8.0000000000 0.4716000000 2
8.1000000000 0.4716200000 2
8.2000000000 0.4716400000 2
8.3000000000 0.4716600000 2
8.4000000000 0.4716800000 2
8.5000000000 0.4717000000 2
8.6000000000 0.4717200000 2
8.7000000000 0.4717400000 2
8.8000000000 0.4717600000 2
8.9000000000 0.4717800000 2
9.0000000000 0.4718000000 2
9.1000000000 0.4718200000 2
9.2000000000 0.4718400000 2
9.3000000000 0.4718600000 2
9.4000000000 0.4718800000 2
9.5000000000 0.4719000000 2
9.6000000000 0.4719200000 2
9.7000000000 0.4719400000 2
9.8000000000 0.4719600000 2
9.9000000000 0.4719800000 2
10.0000000000 0.4720000000 2
10.1000000000 0.4720200000 2
10.2000000000 0.4720400000 2
10.3000000000 0.4720600000 2
10.4000000000 0.4720800000 2
10.5000000000 0.4721000000 2
10.6000000000 0.4721200000 2
10.7000000000 0.4721400000 2
10.8000000000 0.4721600000 2
10.9000000000 0.4721800000 2
11.0000000000 0.4722000000 2
11.1000000000 0.4722200000 2
11.2000000000 0.4722400000 2
11.3000000000 0.4722600000 2
11.4000000000 0.4722800000 2
11.5000000000 0.4723000000 2
11.6000000000 0.4723200000 2
11.7000000000 0.4723400000 2
11.8000000000 0.4723600000 2
11.9000000000 0.4723800000 2
12.0000000000 0.4724000000 2
12.1000000000 0.4724200000 2
12.2000000000 0.4724400000 2
12.3000000000 0.4724600000 2
12.4000000000 0.4724800000 2
12.5000000000 0.4725000000 2
12.6000000000 0.4725200000 2
12.7000000000 0.4725400000 2
12.8000000000 0.4725600000 2
12.9000000000 0.4725800000 2
13.0000000000 0.4726000000 2
13.1000000000 0.4726200000 2
13.2000000000 0.4726400000 2
13.3000000000 0.4726600000 2
13.4000000000 0.4726800000 2
13.5000000000 0.4727000000 2
13.6000000000 0.4727200000 2
13.7000000000 0.4727400000 2
13.8000000000 0.4727600000 2
13.9000000000 0.4727800000 2
14.0000000000 0.4728000000 2
14.1000000000 0.4728200000 2
14.2000000000 0.4728400000 2
14.3000000000 0.4728600000 2
14.4000000000 0.4728800000 2
14.5000000000 0.4729000000 2
14.6000000000 0.4729200000 2
14.7000000000 0.4729400000 2
14.8000000000 0.4729600000 2
14.9000000000 0.4729800000 2
15.0000000000 0.4730000000 2
15.1000000000 0.4730200000 2
15.2000000000 0.4730400000 2
15.3000000000 0.4730600000 2
15.4000000000 0.4730800000 2
15.5000000000 0.4731000000 2
15.6000000000 0.4731200000 2
15.7000000000 0.4731400000 2
15.8000000000 0.4731600000 2
15.9000000000 0.4731800000 2
16.0000000000 0.4732000000 2
16.1000000000 0.4732200000 2
16.2000000000 0.4732400000 2
16.3000000000 0.4732600000 2
16.4000000000 0.4732800000 2
16.5000000000 0.4733000000 2
16.6000000000 0.4733200000 2
16.7000000000 0.4733400000 2
16.8000000000 0.4733600000 2
16.9000000000 0.4733800000 2
17.0000000000 0.4734000000 2
17.1000000000 0.4734200000 2
17.2000000000 0.4734400000 2
17.3000000000 0.4734600000 2
17.4000000000 0.4734800000 2
17.5000000000 0.4735000000 2
17.6000000000 0.4735200000 2
17.7000000000 0.4735400000 2
17.8000000000 0.4735600000 2
17.9000000000 0.4735800000 2
18.0000000000 0.4736000000 2
18.1000000000 0.4736200000 2
18.2000000000 0.4736400000 2
18.3000000000 0.4736600000 2
18.4000000000 0.4736800000 2
18.5000000000 0.4737000000 2
18.6000000000 0.4737200000 2
18.7000000000 0.4737400000 2
18.8000000000 0.4737600000 2
18.9000000000 0.4737800000 2
19.0000000000 0.4738000000 2
19.1000000000 0.4738200000 2
19.2000000000 0.4738400000 2
19.3000000000 0.4738600000 2
19.4000000000 0.4738800000 2
19.5000000000 0.4739000000 2
19.6000000000 0.4739200000 2
19.7000000000 0.4739400000 2
19.8000000000 0.4739600000 2
19.9000000000 0.4739800000 2
20.0000000000 0.4740000000 2
20.1000000000 0.4740200000 2
20.2000000000 0.4740400000 2
20.3000000000 0.4740600000 2
20.4000000000 0.4740800000 2
20.5000000000 0.4741000000 2
20.6000000000 0.4741200000 2
20.7000000000 0.4741400000 2
20.8000000000 0.4741600000 2
20.9000000000 0.4741800000 2
21.0000000000 0.4742000000 2
21.1000000000 0.4742200000 2
21.2000000000 0.4742400000 2
21.3000000000 0.4742600000 2
21.4000000000 0.4742800000 2
21.5000000000 0.4743000000 2
21.6000000000 0.4743200000 2
21.7000000000 0.4743400000 2
21.8000000000 0.4743600000 2
21.9000000000 0.4743800000 2
22.0000000000 0.4744000000 2
22.1000000000 0.4744200000 2
22.2000000000 0.4744400000 2
22.3000000000 0.4744600000 2
22.4000000000 0.4744800000 2
22.5000000000 0.4745000000 2
22.6000000000 0.4745200000 2
22.7000000000 0.4745400000 2
22.8000000000 0.4745600000 2
22.9000000000 0.4745800000 2
23.0000000000 0.4746000000 2
23.1000000000 0.4746200000 2
23.2000000000 0.4746400000 2
23.3000000000 0.4746600000 2
23.4000000000 0.4746800000 2
23.5000000000 0.4747000000 2
23.6000000000 0.4747200000 2
23.7000000000 0.4747400000 2
23.8000000000 0.4747600000 2
23.9000000000 0.4747800000 2
24.0000000000 0.4748000000 2
24.1000000000 0.4748200000 2
24.2000000000 0.4748400000 2
24.3000000000 0.4748600000 2
24.4000000000 0.4748800000 2
24.5000000000 0.4749000000 2
24.6000000000 0.4749200000 2
24.7000000000 0.4749400000 2
24.8000000000 0.4749600000 2
24.9000000000 0.4749800000 2
25.0000000000 0.4750000000 2
25.1000000000 0.4750200000 2
25.2000000000 0.4750400000 2
25.3000000000 0.4750600000 2
25.4000000000 0.4750800000 2
25.5000000000 0.4751000000 2
25.6000000000 0.4751200000 2
25.7000000000 0.4751400000 2
25.8000000000 0.4751600000 2
25.9000000000 0.4751800000 2
26.0000000000 0.4752000000 2
26.1000000000 0.4752200000 2
26.2000000000 0.4752400000 2
26.3000000000 0.4752600000 2
26.4000000000 0.4752800000 2
26.5000000000 0.4753000000 2
26.6000000000 0.4753200000 2
26.7000000000 0.4753400000 2
26.8000000000 0.4753600000 2
26.9000000000 0.4753800000 2
27.0000000000 0.4754000000 2
27.1000000000 0.4754200000 2
27.2000000000 0.4754400000 2
27.3000000000 0.4754600000 2
27.4000000000 0.4754800000 2
27.5000000000 0.4755000000 2
27.6000000000 0.4755200000 2
27.7000000000 0.4755400000 2
27.8000000000 0.4755600000 2
27.9000000000 0.4755800000 2
28.0000000000 0.4756000000 2
28.1000000000 0.4756200000 2
28.2000000000 0.4756400000 2
28.3000000000 0.4756600000 2
28.4000000000 0.4756800000 2
28.5000000000 0.4757000000 2
28.6000000000 0.4757200000 2
28.7000000000 0.4757400000 2
28.8000000000 0.4757600000 2
28.9000000000 0.4757800000 2
29.0000000000 0.4758000000 2
29.1000000000 0.4758200000 2
29.2000000000 0.4758400000 2
29.3000000000 0.4758600000 2
29.4000000000 0.4758800000 2
29.5000000000 0.4759000000 2
29.6000000000 0.4759200000 2
29.7000000000 0.4759400000 2
29.8000000000 0.4759600000 2
29.9000000000 0.4759800000 2
30.0000000000 0.4760000000 2
30.1000000000 0.4760200000 2
30.2000000000 0.4760400000 2
30.3000000000 0.4760600000 2
30.4000000000 0.4760800000 2
30.5000000000 0.4761000000 2
30.6000000000 0.4761200000 2
30.7000000000 0.4761400000 2
30.8000000000 0.4761600000 2
30.9000000000 0.4761800000 2
31.0000000000 0.4762000000 2
31.1000000000 0.4762200000 2
31.2000000000 0.4762400000 2
31.3000000000 0.4762600000 2
31.4000000000 0.4762800000 2
31.5000000000 0.4763000000 2
31.6000000000 0.4763200000 2
31.7000000000 0.4763400000 2
31.8000000000 0.4763600000 2
31.9000000000 0.4763800000 2
32.0000000000 0.4764000000 2
32.1000000000 0.4764200000 2
32.2000000000 0.4764400000 2
32.3000000000 0.4764600000 2
32.4000000000 0.4764800000 2
32.5000000000 0.4765000000 2
32.6000000000 0.4765200000 2
32.7000000000 0.4765400000 2
32.8000000000 0.4765600000 2
32.9000000000 0.4765800000 2
33.0000000000 0.4766000000 2
33.1000000000 0.4766200000 2
33.2000000000 0.4766400000 2
33.3000000000 0.4766600000 2
33.4000000000 0.4766800000 2
33.5000000000 0.4767000000 2
33.6000000000 0.4767200000 2
33.7000000000 0.4767400000 2
33.8000000000 0.4767600000 2
33.9000000000 0.4767800000 2
34.0000000000 0.4768000000 2
34.1000000000 0.4768200000 2
34.2000000000 0.4768400000 2
34.3000000000 0.4768600000 2
34.4000000000 0.4768800000 2
34.5000000000 0.4769000000 2
34.6000000000 0.4769200000 2
34.7000000000 0.4769400000 2
34.8000000000 0.4769600000 2
34.9000000000 0.4769800000 2
35.0000000000 0.4770000000 2
35.1000000000 0.4770200000 2
35.2000000000 0.4770400000 2
35.3000000000 0.4770600000 2
35.4000000000 0.4770800000 2
35.5000000000 0.4771000000 2
35.6000000000 0.4771200000 2
35.7000000000 0.4771400000 2
35.8000000000 0.4771600000 2
35.9000000000 0.4771800000 2
36.0000000000 0.4772000000 2
36.1000000000 0.4772200000 2
36.2000000000 0.4772400000 2
36.3000000000 0.4772600000 2
36.4000000000 0.4772800000 2
36.5000000000 0.4773000000 2
36.6000000000 0.4773200000 2
36.7000000000 0.4773400000 2
36.8000000000 0.4773600000 2
36.9000000000 0.4773800000 2
37.0000000000 0.4774000000 2
37.1000000000 0.4774200000 2
37.2000000000 0.4774400000 2
37.3000000000 0.4774600000 2
37.4000000000 0.4774800000 2
37.5000000000 0.4775000000 2
37.6000000000 0.4775200000 2
37.7000000000 0.4775400000 2
37.8000000000 0.4775600000 2
37.9000000000 0.4775800000 2
38.0000000000 0.4776000000 2
38.1000000000 0.4776200000 2
38.2000000000 0.4776400000 2
38.3000000000 0.4776600000 2
38.4000000000 0.4776800000 2
38.5000000000 0.4777000000 2
38.6000000000 0.4777200000 2
38.7000000000 0.4777400000 2
38.8000000000 0.4777600000 2
38.9000000000 0.4777800000 2
39.0000000000 0.4778000000 2
39.1000000000 0.4778200000 2
39.2000000000 0.4778400000 2
39.3000000000 0.4778600000 2
39.4000000000 0.4778800000 2
39.5000000000 0.4779000000 2
39.6000000000 0.4779200000 2
39.7000000000 0.4779400000 2
39.8000000000 0.4779600000 2
39.9000000000 0.4779800000 2
40.0000000000 0.4780000000 2
40.1000000000 0.4780200000 2
40.2000000000 0.4780400000 2
40.3000000000 0.4780600000 2
40.4000000000 0.4780800000 2
40.5000000000 0.4781000000 2
40.6000000000 0.4781200000 2
40.7000000000 0.4781400000 2
40.8000000000 0.4781600000 2
40.9000000000 0.4781800000 2
41.0000000000 0.4782000000 2
41.1000000000 0.4782200000 2
41.2000000000 0.4782400000 2
41.3000000000 0.4782600000 2
41.4000000000 0.4782800000 2
41.5000000000 0.4783000000 2
41.6000000000 0.4783200000 2
41.7000000000 0.4783400000 2
41.8000000000 0.4783600000 2
41.9000000000 0.4783800000 2
42.0000000000 0.4784000000 2
42.1000000000 0.4784200000 2
42.2000000000 0.4784400000 2
42.3000000000 0.4784600000 2
42.4000000000 0.4784800000 2
42.5000000000 0.4785000000 2
42.6000000000 0.4785200000 2
42.7000000000 0.4785400000 2
42.8000000000 0.4785600000 2
42.9000000000 0.4785800000 2
43.0000000000 0.4786000000 2
43.1000000000 0.4786200000 2
43.2000000000 0.4786400000 2
43.3000000000 0.4786600000 2
43.4000000000 0.4786800000 2
43.5000000000 0.4787000000 2
43.6000000000 0.4787200000 2
43.7000000000 0.4787400000 2
43.8000000000 0.4787600000 2
43.9000000000 0.4787800000 2
44.0000000000 0.4788000000 2
44.1000000000 0.4788200000 2
44.2000000000 0.4788400000 2
44.3000000000 0.4788600000 2
44.4000000000 0.4788800000 2
44.5000000000 0.4789000000 2
44.6000000000 0.4789200000 2
44.7000000000 0.4789400000 2
44.8000000000 0.4789600000 2
44.9000000000 0.4789800000 2
45.0000000000 0.4790000000 2
45.1000000000 0.4790200000 2
45.2000000000 0.4790400000 2
45.3000000000 0.4790600000 2
45.4000000000 0.4790800000 2
45.5000000000 0.4791000000 2
45.6000000000 0.4791200000 2
45.7000000000 0.4791400000 2
45.8000000000 0.4791600000 2
45.9000000000 0.4791800000 2
46.0000000000 0.4792000000 2
46.1000000000 0.4792200000 2
46.2000000000 0.4792400000 2
46.3000000000 0.4792600000 2
46.4000000000 0.4792800000 2
46.5000000000 0.4793000000 2
46.6000000000 0.4793200000 2
46.7000000000 0.4793400000 2
46.8000000000 0.4793600000 2
46.9000000000 0.4793800000 2
47.0000000000 0.4794000000 2
47.1000000000 0.4794200000 2
47.2000000000 0.4794400000 2
47.3000000000 0.4794600000 2
47.4000000000 0.4794800000 2
47.5000000000 0.4795000000 2
47.6000000000 0.4795200000 2
47.7000000000 0.4795400000 2
47.8000000000 0.4795600000 2
47.9000000000 0.4795800000 2
48.0000000000 0.4796000000 2
48.1000000000 0.4796200000 2
48.2000000000 0.4796400000 2
48.3000000000 0.4796600000 2
48.4000000000 0.4796800000 2
48.5000000000 0.4797000000 2
48.6000000000 0.4797200000 2
48.7000000000 0.4797400000 2
48.8000000000 0.4797600000 2
48.9000000000 0.4797800000 2
49.0000000000 0.4798000000 2
49.1000000000 0.4798200000 2
49.2000000000 0.4798400000 2
49.3000000000 0.4798600000 2
49.4000000000 0.4798800000 2
49.5000000000 0.4799000000 2
49.6000000000 0.4799200000 2
49.7000000000 0.4799400000 2
49.8000000000 0.4799600000 2
49.9000000000 0.4799800000 2
50.0000000000 0.4800000000 2
50.1000000000 0.4800200000 2
50.2000000000 0.4800400000 2
50.3000000000 0.4800600000 2
50.4000000000 0.4800800000 2
50.5000000000 0.4801000000 2
50.6000000000 0.4801200000 2
50.7000000000 0.4801400000 2
50.8000000000 0.4801600000 2
50.9000000000 0.4801800000 2
51.0000000000 0.4802000000 2
51.1000000000 0.4802200000 2
51.2000000000 0.4802400000 2
51.3000000000 0.4802600000 2
51.4000000000 0.4802800000 2
51.5000000000 0.4803000000 2
51.6000000000 0.4803200000 2
51.7000000000 0.4803400000 2
51.8000000000 0.4803600000 2
51.9000000000 0.4803800000 2
52.0000000000 0.4804000000 2
52.1000000000 0.4804200000 2
52.2000000000 0.4804400000 2
52.3000000000 0.4804600000 2
52.4000000000 0.4804800000 2
52.5000000000 0.4805000000 2
52.6000000000 0.4805200000 2
52.7000000000 0.4805400000 2
52.8000000000 0.4805600000 2
52.9000000000 0.4805800000 2
53.0000000000 0.4806000000 2
53.1000000000 0.4806200000 2
53.2000000000 0.4806400000 2
53.3000000000 0.4806600000 2
53.4000000000 0.4806800000 2
53.5000000000 0.4807000000 2
53.6000000000 0.4807200000 2
53.7000000000 0.4807400000 2
53.8000000000 0.4807600000 2
53.9000000000 0.4807800000 2
54.0000000000 0.4808000000 2
54.1000000000 0.4808200000 2
54.2000000000 0.4808400000 2
54.3000000000 0.4808600000 2
54.4000000000 0.4808800000 2
54.5000000000 0.4809000000 2
54.6000000000 0.4809200000 2
54.7000000000 0.4809400000 2
54.8000000000 0.4809600000 2
54.9000000000 0.4809800000 2
55.0000000000 0.4810000000 2
55.1000000000 0.4810200000 2
55.2000000000 0.4810400000 2
55.3000000000 0.4810600000 2
55.4000000000 0.4810800000 2
55.5000000000 0.4811000000 2
55.6000000000 0.4811200000 2
55.7000000000 0.4811400000 2
55.8000000000 0.4811600000 2
55.9000000000 0.4811800000 2
56.0000000000 0.4812000000 2
56.1000000000 0.4812200000 2
56.2000000000 0.4812400000 2
56.3000000000 0.4812600000 2
56.4000000000 0.4812800000 2
56.5000000000 0.4813000000 2
56.6000000000 0.4813200000 2
56.7000000000 0.4813400000 2
56.8000000000 0.4813600000 2
56.9000000000 0.4813800000 2
57.0000000000 0.4814000000 2
57.1000000000 0.4814200000 2
57.2000000000 0.4814400000 2
57.3000000000 0.4814600000 2
57.4000000000 0.4814800000 2
57.5000000000 0.4815000000 2
57.6000000000 0.4815200000 2
57.7000000000 0.4815400000 2
57.8000000000 0.4815600000 2
57.9000000000 0.4815800000 2
58.0000000000 0.4816000000 2
58.1000000000 0.4816200000 2
58.2000000000 0.4816400000 2
58.3000000000 0.4816600000 2
58.4000000000 0.4816800000 2
58.5000000000 0.4817000000 2
58.6000000000 0.4817200000 2
58.7000000000 0.4817400000 2
58.8000000000 0.4817600000 2
58.9000000000 0.4817800000 2
59.0000000000 0.4818000000 2
59.1000000000 0.4818200000 2
59.2000000000 0.4818400000 2
59.3000000000 0.4818600000 2
59.4000000000 0.4818800000 2
59.5000000000 0.4819000000 2
59.6000000000 0.4819200000 2
59.7000000000 0.4819400000 2
59.8000000000 0.4819600000 2
59.9000000000 0.4819800000 2
60.0000000000 0.4820000000 2
60.1000000000 0.4820200000 2
60.2000000000 0.4820400000 2
60.3000000000 0.4820600000 2
60.4000000000 0.4820800000 2
60.5000000000 0.4821000000 2
60.6000000000 0.4821200000 2
60.7000000000 0.4821400000 2
60.8000000000 0.4821600000 2
60.9000000000 0.4821800000 2
61.0000000000 0.4822000000 2
61.1000000000 0.4822200000 2
61.2000000000 0.4822400000 2
61.3000000000 0.4822600000 2
61.4000000000 0.4822800000 2
61.5000000000 0.4823000000 2
61.6000000000 0.4823200000 2
61.7000000000 0.4823400000 2
61.8000000000 0.4823600000 2
61.9000000000 0.4823800000 2
62.0000000000 0.4824000000 2
62.1000000000 0.4824200000 2
62.2000000000 0.4824400000 2
62.3000000000 0.4824600000 2
62.4000000000 0.4824800000 2
62.5000000000 0.4825000000 2
62.6000000000 0.4825200000 2
62.7000000000 0.4825400000 2
62.8000000000 0.4825600000 2
62.9000000000 0.4825800000 2
63.0000000000 0.4826000000 2
63.1000000000 0.4826200000 2
63.2000000000 0.4826400000 2
63.3000000000 0.4826600000 2
63.4000000000 0.4826800000 2
63.5000000000 0.4827000000 2
63.6000000000 0.4827200000 2
63.7000000000 0.4827400000 2
63.8000000000 0.4827600000 2
63.9000000000 0.4827800000 2
64.0000000000 0.4828000000 2
64.1000000000 0.4828200000 2
64.2000000000 0.4828400000 2
64.3000000000 0.4828600000 2
64.4000000000 0.4828800000 2
64.5000000000 0.4829000000 2
64.6000000000 0.4829200000 2
64.7000000000 0.4829400000 2
64.8000000000 0.4829600000 2
64.9000000000 0.4829800000 2
65.0000000000 0.4830000000 2
65.1000000000 0.4830200000 2
65.2000000000 0.4830400000 2
65.3000000000 0.4830600000 2
65.4000000000 0.4830800000 2
65.5000000000 0.4831000000 2
65.6000000000 0.4831200000 2
65.7000000000 0.4831400000 2
65.8000000000 0.4831600000 2
65.9000000000 0.4831800000 2
66.0000000000 0.4832000000 2
66.1000000000 0.4832200000 2
66.2000000000 0.4832400000 2
66.3000000000 0.4832600000 2
66.4000000000 0.4832800000 2
66.5000000000 0.4833000000 2
66.6000000000 0.4833200000 2
66.7000000000 0.4833400000 2
66.8000000000 0.4833600000 2
66.9000000000 0.4833800000 2
67.0000000000 0.4834000000 2
67.1000000000 0.4834200000 2
67.2000000000 0.4834400000 2
67.3000000000 0.4834600000 2
67.4000000000 0.4834800000 2
67.5000000000 0.4835000000 2
67.6000000000 0.4835200000 2
67.7000000000 0.4835400000 2
67.8000000000 0.4835600000 2
67.9000000000 0.4835800000 2
68.0000000000 0.4836000000 2
68.1000000000 0.4836200000 2
68.2000000000 0.4836400000 2
68.3000000000 0.4836600000 2
68.4000000000 0.4836800000 2
68.5000000000 0.4837000000 2
68.6000000000 0.4837200000 2
68.7000000000 0.4837400000 2
68.8000000000 0.4837600000 2
68.9000000000 0.4837800000 2
69.0000000000 0.4838000000 2
69.1000000000 0.4838200000 2
69.2000000000 0.4838400000 2
69.3000000000 0.4838600000 2
69.4000000000 0.4838800000 2
69.5000000000 0.4839000000 2
69.6000000000 0.4839200000 2
69.7000000000 0.4839400000 2
69.8000000000 0.4839600000 2
69.9000000000 0.4839800000 2
70.0000000000 0.4840000000 2
70.1000000000 0.4840200000 2
70.2000000000 0.4840400000 2
70.3000000000 0.4840600000 2
70.4000000000 0.4840800000 2
70.5000000000 0.4841000000 2
70.6000000000 0.4841200000 2
70.7000000000 0.4841400000 2
70.8000000000 0.4841600000 2
70.9000000000 0.4841800000 2
71.0000000000 0.4842000000 2
71.1000000000 0.4842200000 2
71.2000000000 0.4842400000 2
71.3000000000 0.4842600000 2
71.4000000000 0.4842800000 2
71.5000000000 0.4843000000 2
71.6000000000 0.4843200000 2
71.7000000000 0.4843400000 2
71.8000000000 0.4843600000 2
71.9000000000 0.4843800000 2
72.0000000000 0.4844000000 2
72.1000000000 0.4844200000 2
72.2000000000 0.4844400000 2
72.3000000000 0.4844600000 2
72.4000000000 0.4844800000 2
72.5000000000 0.4845000000 2
72.6000000000 0.4845200000 2
72.7000000000 0.4845400000 2
72.8000000000 0.4845600000 2
72.9000000000 0.4845800000 2
73.0000000000 0.4846000000 2
73.1000000000 0.4846200000 2
73.2000000000 0.4846400000 2
73.3000000000 0.4846600000 2
73.4000000000 0.4846800000 2
73.5000000000 0.4847000000 2
73.6000000000 0.4847200000 2
73.7000000000 0.4847400000 2
73.8000000000 0.4847600000 2
73.9000000000 0.4847800000 2
74.0000000000 0.4848000000 2
74.1000000000 0.4848200000 2
74.2000000000 0.4848400000 2
74.3000000000 0.4848600000 2
74.4000000000 0.4848800000 2
74.5000000000 0.4849000000 2
74.6000000000 0.4849200000 2
74.7000000000 0.4849400000 2
74.8000000000 0.4849600000 2
74.9000000000 0.4849800000 2
75.0000000000 0.4850000000 2
75.1000000000 0.4850200000 2
75.2000000000 0.4850400000 2
75.3000000000 0.4850600000 2
75.4000000000 0.4850800000 2
75.5000000000 0.4851000000 2
75.6000000000 0.4851200000 2
75.7000000000 0.4851400000 2
75.8000000000 0.4851600000 2
75.9000000000 0.4851800000 2
76.0000000000 0.4852000000 2
76.1000000000 0.4852200000 2
76.2000000000 0.4852400000 2
76.3000000000 0.4852600000 2
76.4000000000 0.4852800000 2
76.5000000000 0.4853000000 2
76.6000000000 0.4853200000 2
76.7000000000 0.4853400000 2
76.8000000000 0.4853600000 2
76.9000000000 0.4853800000 2
77.0000000000 0.4854000000 2
77.1000000000 0.4854200000 2
77.2000000000 0.4854400000 2
77.3000000000 0.4854600000 2
77.4000000000 0.4854800000 2
77.5000000000 0.4855000000 2
77.6000000000 0.4855200000 2
77.7000000000 0.4855400000 2
77.8000000000 0.4855600000 2
77.9000000000 0.4855800000 2
78.0000000000 0.4856000000 2
78.1000000000 0.4856200000 2
78.2000000000 0.4856400000 2
78.3000000000 0.4856600000 2
78.4000000000 0.4856800000 2
78.5000000000 0.4857000000 2
78.6000000000 0.4857200000 2
78.7000000000 0.4857400000 2
78.8000000000 0.4857600000 2
78.9000000000 0.4857800000 2
79.0000000000 0.4858000000 2
79.1000000000 0.4858200000 2
79.2000000000 0.4858400000 2
79.3000000000 0.4858600000 2
79.4000000000 0.4858800000 2
79.5000000000 0.4859000000 2
79.6000000000 0.4859200000 2
79.7000000000 0.4859400000 2
79.8000000000 0.4859600000 2
79.9000000000 0.4859800000 2
80.0000000000 0.4860000000 2
80.1000000000 0.4860200000 2
80.2000000000 0.4860400000 2
80.3000000000 0.4860600000 2
80.4000000000 0.4860800000 2
80.5000000000 0.4861000000 2
80.6000000000 0.4861200000 2
80.7000000000 0.4861400000 2
80.8000000000 0.4861600000 2
80.9000000000 0.4861800000 2
81.0000000000 0.4862000000 2
81.1000000000 0.4862200000 2
81.2000000000 0.4862400000 2
81.3000000000 0.4862600000 2
81.4000000000 0.4862800000 2
81.5000000000 0.4863000000 2
81.6000000000 0.4863200000 2
81.7000000000 0.4863400000 2
81.8000000000 0.4863600000 2
81.9000000000 0.4863800000 2
82.0000000000 0.4864000000 2
82.1000000000 0.4864200000 2
82.2000000000 0.4864400000 2
82.3000000000 0.4864600000 2
82.4000000000 0.4864800000 2
82.5000000000 0.4865000000 2
82.6000000000 0.4865200000 2
82.7000000000 0.4865400000 2
82.8000000000 0.4865600000 2
82.9000000000 0.4865800000 2
83.0000000000 0.4866000000 2
83.1000000000 0.4866200000 2
83.2000000000 0.4866400000 2
83.3000000000 0.4866600000 2
83.4000000000 0.4866800000 2
83.5000000000 0.4867000000 2
83.6000000000 0.4867200000 2
83.7000000000 0.4867400000 2
83.8000000000 0.4867600000 2
83.9000000000 0.4867800000 2
84.0000000000 0.4868000000 2
84.1000000000 0.4868200000 2
84.2000000000 0.4868400000 2
84.3000000000 0.4868600000 2
84.4000000000 0.4868800000 2
84.5000000000 0.4869000000 2
84.6000000000 0.4869200000 2
84.7000000000 0.4869400000 2
84.8000000000 0.4869600000 2
84.9000000000 0.4869800000 2
85.0000000000 0.4870000000 2
85.1000000000 0.4870200000 2
85.2000000000 0.4870400000 2
85.3000000000 0.4870600000 2
85.4000000000 0.4870800000 2
85.5000000000 0.4871000000 2
85.6000000000 0.4871200000 2
85.7000000000 0.4871400000 2
85.8000000000 0.4871600000 2
85.9000000000 0.4871800000 2
86.0000000000 0.4872000000 2
86.1000000000 0.4872200000 2
86.2000000000 0.4872400000 2
86.3000000000 0.4872600000 2
86.4000000000 0.4872800000 2
86.5000000000 0.4873000000 2
86.6000000000 0.4873200000 2
86.7000000000 0.4873400000 2
86.8000000000 0.4873600000 2
86.9000000000 0.4873800000 2
87.0000000000 0.4874000000 2
87.1000000000 0.4874200000 2
87.2000000000 0.4874400000 2
87.3000000000 0.4874600000 2
87.4000000000 0.4874800000 2
87.5000000000 0.4875000000 2
87.6000000000 0.4875200000 2
87.7000000000 0.4875400000 2
87.8000000000 0.4875600000 2
87.9000000000 0.4875800000 2
88.0000000000 0.4876000000 2
88.1000000000 0.4876200000 2
88.2000000000 0.4876400000 2
88.3000000000 0.4876600000 2
88.4000000000 0.4876800000 2
88.5000000000 0.4877000000 2
88.6000000000 0.4877200000 2
88.7000000000 0.4877400000 2
88.8000000000 0.4877600000 2
88.9000000000 0.4877800000 2
89.0000000000 0.4878000000 2
89.1000000000 0.4878200000 2
89.2000000000 0.4878400000 2
89.3000000000 0.4878600000 2
89.4000000000 0.4878800000 2
89.5000000000 0.4879000000 2
89.6000000000 0.4879200000 2
89.7000000000 0.4879400000 2
89.8000000000 0.4879600000 2
89.9000000000 0.4879800000 2
90.0000000000 0.4880000000 2
90.1000000000 0.4880200000 2
90.2000000000 0.4880400000 2
90.3000000000 0.4880600000 2
90.4000000000 0.4880800000 2
90.5000000000 0.4881000000 2
90.6000000000 0.4881200000 2
90.7000000000 0.4881400000 2
90.8000000000 0.4881600000 2
90.9000000000 0.4881800000 2
91.0000000000 0.4882000000 2
91.1000000000 0.4882200000 2
91.2000000000 0.4882400000 2
91.3000000000 0.4882600000 2
91.4000000000 0.4882800000 2
91.5000000000 0.4883000000 2
91.6000000000 0.4883200000 2
91.7000000000 0.4883400000 2
91.8000000000 0.4883600000 2
91.9000000000 0.4883800000 2
92.0000000000 0.4884000000 2
92.1000000000 0.4884200000 2
92.2000000000 0.4884400000 2
92.3000000000 0.4884600000 2
92.4000000000 0.4884800000 2
92.5000000000 0.4885000000 2
92.6000000000 0.4885200000 2
92.7000000000 0.4885400000 2
92.8000000000 0.4885600000 2
92.9000000000 0.4885800000 2
93.0000000000 0.4886000000 2
93.1000000000 0.4886200000 2
93.2000000000 0.4886400000 2
93.3000000000 0.4886600000 2
93.4000000000 0.4886800000 2
93.5000000000 0.4887000000 2
93.6000000000 0.4887200000 2
93.7000000000 0.4887400000 2
93.8000000000 0.4887600000 2
93.9000000000 0.4887800000 2
94.0000000000 0.4888000000 2
94.1000000000 0.4888200000 2
94.2000000000 0.4888400000 2
94.3000000000 0.4888600000 2
94.4000000000 0.4888800000 2
94.5000000000 0.4889000000 2
94.6000000000 0.4889200000 2
94.7000000000 0.4889400000 2
94.8000000000 0.4889600000 2
94.9000000000 0.4889800000 2
95.0000000000 0.4890000000 2
95.1000000000 0.4890200000 2
95.2000000000 0.4890400000 2
95.3000000000 0.4890600000 2
95.4000000000 0.4890800000 2
95.5000000000 0.4891000000 2
95.6000000000 0.4891200000 2
95.7000000000 0.4891400000 2
95.8000000000 0.4891600000 2
95.9000000000 0.4891800000 2
96.0000000000 0.4892000000 2
96.1000000000 0.4892200000 2
96.2000000000 0.4892400000 2
96.3000000000 0.4892600000 2
96.4000000000 0.4892800000 2
96.5000000000 0.4893000000 2
96.6000000000 0.4893200000 2
96.7000000000 0.4893400000 2
96.8000000000 0.4893600000 2
96.9000000000 0.4893800000 2
97.0000000000 0.4894000000 2
97.1000000000 0.4894200000 2
97.2000000000 0.4894400000 2
97.3000000000 0.4894600000 2
97.4000000000 0.4894800000 2
97.5000000000 0.4895000000 2
97.6000000000 0.4895200000 2
97.7000000000 0.4895400000 2
97.8000000000 0.4895600000 2
97.9000000000 0.4895800000 2
98.0000000000 0.4896000000 2
98.1000000000 0.4896200000 2
98.2000000000 0.4896400000 2
98.3000000000 0.4896600000 2
98.4000000000 0.4896800000 2
98.5000000000 0.4897000000 2
98.6000000000 0.4897200000 2
98.7000000000 0.4897400000 2
98.8000000000 0.4897600000 2
98.9000000000 0.4897800000 2
99.0000000000 0.4898000000 2
99.1000000000 0.4898200000 2
99.2000000000 0.4898400000 2
99.3000000000 0.4898600000 2
99.4000000000 0.4898800000 2
99.5000000000 0.4899000000 2
99.6000000000 0.4899200000 2
99.7000000000 0.4899400000 2
99.8000000000 0.4899600000 2
99.9000000000 0.4899800000 2
100.0000000000 0.4900000000 2
100.1000000000 0.4900200000 2
100.2000000000 0.4900400000 2
100.3000000000 0.4900600000 2
100.4000000000 0.4900800000 2
100.5000000000 0.4901000000 2
100.6000000000 0.4901200000 2
100.7000000000 0.4901400000 2
100.8000000000 0.4901600000 2
100.9000000000 0.4901800000 2
101.0000000000 0.4902000000 2
101.1000000000 0.4902200000 2
101.2000000000 0.4902400000 2
101.3000000000 0.4902600000 2
101.4000000000 0.4902800000 2
101.5000000000 0.4903000000 2
101.6000000000 0.4903200000 2
101.7000000000 0.4903400000 2
101.8000000000 0.4903600000 2
101.9000000000 0.4903800000 2
102.0000000000 0.4904000000 2
102.1000000000 0.4904200000 2
102.2000000000 0.4904400000 2
102.3000000000 0.4904600000 2
102.4000000000 0.4904800000 2
102.5000000000 0.4905000000 2
102.6000000000 0.4905200000 2
102.7000000000 0.4905400000 2
102.8000000000 0.4905600000 2
102.9000000000 0.4905800000 2
103.0000000000 0.4906000000 2
103.1000000000 0.4906200000 2
103.2000000000 0.4906400000 2
103.3000000000 0.4906600000 2
103.4000000000 0.4906800000 2
103.5000000000 0.4907000000 2
103.6000000000 0.4907200000 2
103.7000000000 0.4907400000 2
103.8000000000 0.4907600000 2
103.9000000000 0.4907800000 2
104.0000000000 0.4908000000 2
104.1000000000 0.4908200000 2
104.2000000000 0.4908400000 2
104.3000000000 0.4908600000 2
104.4000000000 0.4908800000 2
104.5000000000 0.4909000000 2
104.6000000000 0.4909200000 2
104.7000000000 0.4909400000 2
104.8000000000 0.4909600000 2
104.9000000000 0.4909800000 2
105.0000000000 0.4910000000 2
105.1000000000 0.4910200000 2
105.2000000000 0.4910400000 2
105.3000000000 0.4910600000 2
105.4000000000 0.4910800000 2
105.5000000000 0.4911000000 2
105.6000000000 0.4911200000 2
105.7000000000 0.4911400000 2
105.8000000000 0.4911600000 2
105.9000000000 0.4911800000 2
106.0000000000 0.4912000000 2
106.1000000000 0.4912200000 2
106.2000000000 0.4912400000 2
106.3000000000 0.4912600000 2
106.4000000000 0.4912800000 2
106.5000000000 0.4913000000 2
106.6000000000 0.4913200000 2
106.7000000000 0.4913400000 2
106.8000000000 0.4913600000 2
106.9000000000 0.4913800000 2
107.0000000000 0.4914000000 2
107.1000000000 0.4914200000 2
107.2000000000 0.4914400000 2
107.3000000000 0.4914600000 2
107.4000000000 0.4914800000 2
107.5000000000 0.4915000000 2
107.6000000000 0.4915200000 2
107.7000000000 0.4915400000 2
107.8000000000 0.4915600000 2
107.9000000000 0.4915800000 2
108.0000000000 0.4916000000 2
108.1000000000 0.4916200000 2
108.2000000000 0.4916400000 2
108.3000000000 0.4916600000 2
108.4000000000 0.4916800000 2
108.5000000000 0.4917000000 2
108.6000000000 0.4917200000 2
108.7000000000 0.4917400000 2
108.8000000000 0.4917600000 2
108.9000000000 0.4917800000 2
109.0000000000 0.4918000000 2
109.1000000000 0.4918200000 2
109.2000000000 0.4918400000 2
109.3000000000 0.4918600000 2
109.4000000000 0.4918800000 2
109.5000000000 0.4919000000 2
109.6000000000 0.4919200000 2
109.7000000000 0.4919400000 2
109.8000000000 0.4919600000 2
109.9000000000 0.4919800000 2
110.0000000000 0.4920000000 2
110.1000000000 0.4920200000 2
110.2000000000 0.4920400000 2
110.3000000000 0.4920600000 2
110.4000000000 0.4920800000 2
110.5000000000 0.4921000000 2
110.6000000000 0.4921200000 2
110.7000000000 0.4921400000 2
110.8000000000 0.4921600000 2
110.9000000000 0.4921800000 2
111.0000000000 0.4922000000 2
111.1000000000 0.4922200000 2
111.2000000000 0.4922400000 2
111.3000000000 0.4922600000 2
111.4000000000 0.4922800000 2
111.5000000000 0.4923000000 2
111.6000000000 0.4923200000 2
111.7000000000 0.4923400000 2
111.8000000000 0.4923600000 2
111.9000000000 0.4923800000 2
112.0000000000 0.4924000000 2
112.1000000000 0.4924200000 2
112.2000000000 0.4924400000 2
112.3000000000 0.4924600000 2
112.4000000000 0.4924800000 2
112.5000000000 0.4925000000 2
112.6000000000 0.4925200000 2
112.7000000000 0.4925400000 2
112.8000000000 0.4925600000 2
112.9000000000 0.4925800000 2
113.0000000000 0.4926000000 2
113.1000000000 0.4926200000 2
113.2000000000 0.4926400000 2
113.3000000000 0.4926600000 2
113.4000000000 0.4926800000 2
113.5000000000 0.4927000000 2
113.6000000000 0.4927200000 2
113.7000000000 0.4927400000 2
113.8000000000 0.4927600000 2
113.9000000000 0.4927800000 2
114.0000000000 0.4928000000 2
114.1000000000 0.4928200000 2
114.2000000000 0.4928400000 2
114.3000000000 0.4928600000 2
114.4000000000 0.4928800000 2
114.5000000000 0.4929000000 2
114.6000000000 0.4929200000 2
114.7000000000 0.4929400000 2
114.8000000000 0.4929600000 2
114.9000000000 0.4929800000 2
115.0000000000 0.4930000000 2
115.1000000000 0.4930200000 2
115.2000000000 0.4930400000 2
115.3000000000 0.4930600000 2
115.4000000000 0.4930800000 2
115.5000000000 0.4931000000 2
115.6000000000 0.4931200000 2
115.7000000000 0.4931400000 2
115.8000000000 0.4931600000 2
115.9000000000 0.4931800000 2
116.0000000000 0.4932000000 2
116.1000000000 0.4932200000 2
116.2000000000 0.4932400000 2
116.3000000000 0.4932600000 2
116.4000000000 0.4932800000 2
116.5000000000 0.4933000000 2
116.6000000000 0.4933200000 2
116.7000000000 0.4933400000 2
116.8000000000 0.4933600000 2
116.9000000000 0.4933800000 2
117.0000000000 0.4934000000 2
117.1000000000 0.4934200000 2
117.2000000000 0.4934400000 2
117.3000000000 0.4934600000 2
117.4000000000 0.4934800000 2
117.5000000000 0.4935000000 2
117.6000000000 0.4935200000 2
117.7000000000 0.4935400000 2
117.8000000000 0.4935600000 2
117.9000000000 0.4935800000 2
118.0000000000 0.4936000000 2
118.1000000000 0.4936200000 2
118.2000000000 0.4936400000 2
118.3000000000 0.4936600000 2
118.4000000000 0.4936800000 2
118.5000000000 0.4937000000 2
118.6000000000 0.4937200000 2
118.7000000000 0.4937400000 2
118.8000000000 0.4937600000 2
118.9000000000 0.4937800000 2
119.0000000000 0.4938000000 2
119.1000000000 0.4938200000 2
119.2000000000 0.4938400000 2
119.3000000000 0.4938600000 2
119.4000000000 0.4938800000 2
119.5000000000 0.4939000000 2
119.6000000000 0.4939200000 2
119.7000000000 0.4939400000 2
119.8000000000 0.4939600000 2
119.9000000000 0.4939800000 2
120.0000000000 0.4940000000 2
120.1000000000 0.4940200000 2
120.2000000000 0.4940400000 2
120.3000000000 0.4940600000 2
120.4000000000 0.4940800000 2
120.5000000000 0.4941000000 2
120.6000000000 0.4941200000 2
120.7000000000 0.4941400000 2
120.8000000000 0.4941600000 2
120.9000000000 0.4941800000 2
121.0000000000 0.4942000000 2
121.1000000000 0.4942200000 2
121.2000000000 0.4942400000 2
121.3000000000 0.4942600000 2
121.4000000000 0.4942800000 2
121.5000000000 0.4943000000 2
121.6000000000 0.4943200000 2
121.7000000000 0.4943400000 2
121.8000000000 0.4943600000 2
121.9000000000 0.4943800000 2
122.0000000000 0.4944000000 2
122.1000000000 0.4944200000 2
122.2000000000 0.4944400000 2
122.3000000000 0.4944600000 2
122.4000000000 0.4944800000 2
122.5000000000 0.4945000000 2
122.6000000000 0.4945200000 2
122.7000000000 0.4945400000 2
122.8000000000 0.4945600000 2
122.9000000000 0.4945800000 2
123.0000000000 0.4946000000 2
123.1000000000 0.4946200000 2
123.2000000000 0.4946400000 2
123.3000000000 0.4946600000 2
123.4000000000 0.4946800000 2
123.5000000000 0.4947000000 2
123.6000000000 0.4947200000 2
123.7000000000 0.4947400000 2
123.8000000000 0.4947600000 2
123.9000000000 0.4947800000 2
124.0000000000 0.4948000000 2
124.1000000000 0.4948200000 2
124.2000000000 0.4948400000 2
124.3000000000 0.4948600000 2
124.4000000000 0.4948800000 2
124.5000000000 0.4949000000 2
124.6000000000 0.4949200000 2
124.7000000000 0.4949400000 2
124.8000000000 0.4949600000 2
124.9000000000 0.4949800000 2
125.0000000000 0.4950000000 2
125.1000000000 0.4950200000 2
125.2000000000 0.4950400000 2
125.3000000000 0.4950600000 2
125.4000000000 0.4950800000 2
125.5000000000 0.4951000000 2
125.6000000000 0.4951200000 2
125.7000000000 0.4951400000 2
125.8000000000 0.4951600000 2
125.9000000000 0.4951800000 2
126.0000000000 0.4952000000 2
126.1000000000 0.4952200000 2
126.2000000000 0.4952400000 2
126.3000000000 0.4952600000 2
126.4000000000 0.4952800000 2
126.5000000000 0.4953000000 2
126.6000000000 0.4953200000 2
126.7000000000 0.4953400000 2
126.8000000000 0.4953600000 2
126.9000000000 0.4953800000 2
127.0000000000 0.4954000000 2
127.1000000000 0.4954200000 2
127.2000000000 0.4954400000 2
127.3000000000 0.4954600000 2
127.4000000000 0.4954800000 2
127.5000000000 0.4955000000 2
127.6000000000 0.4955200000 2
127.7000000000 0.4955400000 2
127.8000000000 0.4955600000 2
127.9000000000 0.4955800000 2
128.0000000000 0.4956000000 2
128.1000000000 0.4956200000 2
128.2000000000 0.4956400000 2
128.3000000000 0.4956600000 2
128.4000000000 0.4956800000 2
128.5000000000 0.4957000000 2
128.6000000000 0.4957200000 2
128.7000000000 0.4957400000 2
128.8000000000 0.4957600000 2
128.9000000000 0.4957800000 2
129.0000000000 0.4958000000 2
129.1000000000 0.4958200000 2
129.2000000000 0.4958400000 2
129.3000000000 0.4958600000 2
129.4000000000 0.4958800000 2
129.5000000000 0.4959000000 2
129.6000000000 0.4959200000 2
129.7000000000 0.4959400000 2
129.8000000000 0.4959600000 2
129.9000000000 0.4959800000 2
130.0000000000 0.4960000000 2
130.1000000000 0.4960200000 2
130.2000000000 0.4960400000 2
130.3000000000 0.4960600000 2
130.4000000000 0.4960800000 2
130.5000000000 0.4961000000 2
130.6000000000 0.4961200000 2
130.7000000000 0.4961400000 2
130.8000000000 0.4961600000 2
130.9000000000 0.4961800000 2
131.0000000000 0.4962000000 2
131.1000000000 0.4962200000 2
131.2000000000 0.4962400000 2
131.3000000000 0.4962600000 2
131.4000000000 0.4962800000 2
131.5000000000 0.4963000000 2
131.6000000000 0.4963200000 2
131.7000000000 0.4963400000 2
131.8000000000 0.4963600000 2
131.9000000000 0.4963800000 2
132.0000000000 0.4964000000 2
132.1000000000 0.4964200000 2
132.2000000000 0.4964400000 2
132.3000000000 0.4964600000 2
132.4000000000 0.4964800000 2
132.5000000000 0.4965000000 2
132.6000000000 0.4965200000 2
132.7000000000 0.4965400000 2
132.8000000000 0.4965600000 2
132.9000000000 0.4965800000 2
133.0000000000 0.4966000000 2
133.1000000000 0.4966200000 2
133.2000000000 0.4966400000 2
133.3000000000 0.4966600000 2
133.4000000000 0.4966800000 2
133.5000000000 0.4967000000 2
133.6000000000 0.4967200000 2
133.7000000000 0.4967400000 2
133.8000000000 0.4967600000 2
133.9000000000 0.4967800000 2
134.0000000000 0.4968000000 2
134.1000000000 0.4968200000 2
134.2000000000 0.4968400000 2
134.3000000000 0.4968600000 2
134.4000000000 0.4968800000 2
134.5000000000 0.4969000000 2
134.6000000000 0.4969200000 2
134.7000000000 0.4969400000 2
134.8000000000 0.4969600000 2
134.9000000000 0.4969800000 2
135.0000000000 0.4970000000 2
135.1000000000 0.4970200000 2
135.2000000000 0.4970400000 2
135.3000000000 0.4970600000 2
135.4000000000 0.4970800000 2
135.5000000000 0.4971000000 2
135.6000000000 0.4971200000 2
135.7000000000 0.4971400000 2
135.8000000000 0.4971600000 2
135.9000000000 0.4971800000 2
136.0000000000 0.4972000000 2
136.1000000000 0.4972200000 2
136.2000000000 0.4972400000 2
136.3000000000 0.4972600000 2
136.4000000000 0.4972800000 2
136.5000000000 0.4973000000 2
136.6000000000 0.4973200000 2
136.7000000000 0.4973400000 2
136.8000000000 0.4973600000 2
136.9000000000 0.4973800000 2
137.0000000000 0.4974000000 2
137.1000000000 0.4974200000 2
137.2000000000 0.4974400000 2
137.3000000000 0.4974600000 2
137.4000000000 0.4974800000 2
137.5000000000 0.4975000000 2
137.6000000000 0.4975200000 2
137.7000000000 0.4975400000 2
137.8000000000 0.4975600000 2
137.9000000000 0.4975800000 2
138.0000000000 0.4976000000 2
138.1000000000 0.4976200000 2
138.2000000000 0.4976400000 2
138.3000000000 0.4976600000 2
138.4000000000 0.4976800000 2
138.5000000000 0.4977000000 2
138.6000000000 0.4977200000 2
138.7000000000 0.4977400000 2
138.8000000000 0.4977600000 2
138.9000000000 0.4977800000 2
139.0000000000 0.4978000000 2
139.1000000000 0.4978200000 2
139.2000000000 0.4978400000 2
139.3000000000 0.4978600000 2
139.4000000000 0.4978800000 2
139.5000000000 0.4979000000 2
139.6000000000 0.4979200000 2
139.7000000000 0.4979400000 2
139.8000000000 0.4979600000 2
139.9000000000 0.4979800000 2
140.0000000000 0.4980000000 2
140.1000000000 0.4980200000 2
140.2000000000 0.4980400000 2
140.3000000000 0.4980600000 2
140.4000000000 0.4980800000 2
140.5000000000 0.4981000000 2
140.6000000000 0.4981200000 2
140.7000000000 0.4981400000 2
140.8000000000 0.4981600000 2
140.9000000000 0.4981800000 2
141.0000000000 0.4982000000 2
141.1000000000 0.4982200000 2
141.2000000000 0.4982400000 2
141.3000000000 0.4982600000 2
141.4000000000 0.4982800000 2
141.5000000000 0.4983000000 2
141.6000000000 0.4983200000 2
141.7000000000 0.4983400000 2
141.8000000000 0.4983600000 2
141.9000000000 0.4983800000 2
142.0000000000 0.4984000000 2
142.1000000000 0.4984200000 2
142.2000000000 0.4984400000 2
142.3000000000 0.4984600000 2
142.4000000000 0.4984800000 2
142.5000000000 0.4985000000 2
142.6000000000 0.4985200000 2
142.7000000000 0.4985400000 2
142.8000000000 0.4985600000 2
142.9000000000 0.4985800000 2
143.0000000000 0.4986000000 2
143.1000000000 0.4986200000 2
143.2000000000 0.4986400000 2
143.3000000000 0.4986600000 2
143.4000000000 0.4986800000 2
143.5000000000 0.4987000000 2
143.6000000000 0.4987200000 2
143.7000000000 0.4987400000 2
143.8000000000 0.4987600000 2
143.9000000000 0.4987800000 2
144.0000000000 0.4988000000 2
144.1000000000 0.4988200000 2
144.2000000000 0.4988400000 2
144.3000000000 0.4988600000 2
144.4000000000 0.4988800000 2
144.5000000000 0.4989000000 2
144.6000000000 0.4989200000 2
144.7000000000 0.4989400000 2
144.8000000000 0.4989600000 2
144.9000000000 0.4989800000 2
145.0000000000 0.4990000000 2
145.1000000000 0.4990200000 2
145.2000000000 0.4990400000 2
145.3000000000 0.4990600000 2
145.4000000000 0.4990800000 2
145.5000000000 0.4991000000 2
145.6000000000 0.4991200000 2
145.7000000000 0.4991400000 2
145.8000000000 0.4991600000 2
145.9000000000 0.4991800000 2
146.0000000000 0.4992000000 2
146.1000000000 0.4992200000 2
146.2000000000 0.4992400000 2
146.3000000000 0.4992600000 2
146.4000000000 0.4992800000 2
146.5000000000 0.4993000000 2
146.6000000000 0.4993200000 2
146.7000000000 0.4993400000 2
146.8000000000 0.4993600000 2
146.9000000000 0.4993800000 2
147.0000000000 0.4994000000 2
147.1000000000 0.4994200000 2
147.2000000000 0.4994400000 2
147.3000000000 0.4994600000 2
147.4000000000 0.4994800000 2
147.5000000000 0.4995000000 2
147.6000000000 0.4995200000 2
147.7000000000 0.4995400000 2
147.8000000000 0.4995600000 2
147.9000000000 0.4995800000 2
148.0000000000 0.4996000000 2
148.1000000000 0.4996200000 2
148.2000000000 0.4996400000 2
148.3000000000 0.4996600000 2
148.4000000000 0.4996800000 2
148.5000000000 0.4997000000 2
148.6000000000 0.4997200000 2
148.7000000000 0.4997400000 2
148.8000000000 0.4997600000 2
148.9000000000 0.4997800000 2
149.0000000000 0.4998000000 2
149.1000000000 0.4998200000 2
149.2000000000 0.4998400000 2
149.3000000000 0.4998600000 2
149.4000000000 0.4998800000 2
149.5000000000 0.4999000000 2
149.6000000000 0.4999200000 2
149.7000000000 0.4999400000 2
149.8000000000 0.4999600000 2
149.9000000000 0.4999800000 2
150.0000000000 0.5000000000 2
150.1000000000 0.5000200000 2
150.2000000000 0.5000400000 2
150.3000000000 0.5000600000 2
150.4000000000 0.5000800000 2
150.5000000000 0.5001000000 2
150.6000000000 0.5001200000 2
150.7000000000 0.5001400000 2
150.8000000000 0.5001600000 2
150.9000000000 0.5001800000 2
151.0000000000 0.5002000000 2
151.1000000000 0.5002200000 2
151.2000000000 0.5002400000 2
151.3000000000 0.5002600000 2
151.4000000000 0.5002800000 2
151.5000000000 0.5003000000 2
151.6000000000 0.5003200000 2
151.7000000000 0.5003400000 2
151.8000000000 0.5003600000 2
151.9000000000 0.5003800000 2
152.0000000000 0.5004000000 2
152.1000000000 0.5004200000 2
152.2000000000 0.5004400000 2
152.3000000000 0.5004600000 2
152.4000000000 0.5004800000 2
152.5000000000 0.5005000000 2
152.6000000000 0.5005200000 2
152.7000000000 0.5005400000 2
152.8000000000 0.5005600000 2
152.9000000000 0.5005800000 2
153.0000000000 0.5006000000 2
153.1000000000 0.5006200000 2
153.2000000000 0.5006400000 2
153.3000000000 0.5006600000 2
153.4000000000 0.5006800000 2
153.5000000000 0.5007000000 2
153.6000000000 0.5007200000 2
153.7000000000 0.5007400000 2
153.8000000000 0.5007600000 2
153.9000000000 0.5007800000 2
154.0000000000 0.5008000000 2
154.1000000000 0.5008200000 2
154.2000000000 0.5008400000 2
154.3000000000 0.5008600000 2
154.4000000000 0.5008800000 2
154.5000000000 0.5009000000 2
154.6000000000 0.5009200000 2
154.7000000000 0.5009400000 2
154.8000000000 0.5009600000 2
154.9000000000 0.5009800000 2
155.0000000000 0.5010000000 2
155.1000000000 0.5010200000 2
155.2000000000 0.5010400000 2
155.3000000000 0.5010600000 2
155.4000000000 0.5010800000 2
155.5000000000 0.5011000000 2
155.6000000000 0.5011200000 2
155.7000000000 0.5011400000 2
155.8000000000 0.5011600000 2
155.9000000000 0.5011800000 2
156.0000000000 0.5012000000 2
156.1000000000 0.5012200000 2
156.2000000000 0.5012400000 2
156.3000000000 0.5012600000 2
156.4000000000 0.5012800000 2
156.5000000000 0.5013000000 2
156.6000000000 0.5013200000 2
156.7000000000 0.5013400000 2
156.8000000000 0.5013600000 2
156.9000000000 0.5013800000 2
157.0000000000 0.5014000000 2
157.1000000000 0.5014200000 2
157.2000000000 0.5014400000 2
157.3000000000 0.5014600000 2
157.4000000000 0.5014800000 2
157.5000000000 0.5015000000 2
157.6000000000 0.5015200000 2
157.7000000000 0.5015400000 2
157.8000000000 0.5015600000 2
157.9000000000 0.5015800000 2
158.0000000000 0.5016000000 2
158.1000000000 0.5016200000 2
158.2000000000 0.5016400000 2
158.3000000000 0.5016600000 2
158.4000000000 0.5016800000 2
158.5000000000 0.5017000000 2
158.6000000000 0.5017200000 2
158.7000000000 0.5017400000 2
158.8000000000 0.5017600000 2
158.9000000000 0.5017800000 2
159.0000000000 0.5018000000 2
159.1000000000 0.5018200000 2
159.2000000000 0.5018400000 2
159.3000000000 0.5018600000 2
159.4000000000 0.5018800000 2
159.5000000000 0.5019000000 2
159.6000000000 0.5019200000 2
159.7000000000 0.5019400000 2
159.8000000000 0.5019600000 2
159.9000000000 0.5019800000 2
160.0000000000 0.5020000000 2
160.1000000000 0.5020200000 2
160.2000000000 0.5020400000 2
160.3000000000 0.5020600000 2
160.4000000000 0.5020800000 2
160.5000000000 0.5021000000 2
160.6000000000 0.5021200000 2
160.7000000000 0.5021400000 2
160.8000000000 0.5021600000 2
160.9000000000 0.5021800000 2
161.0000000000 0.5022000000 2
161.1000000000 0.5022200000 2
161.2000000000 0.5022400000 2
161.3000000000 0.5022600000 2
161.4000000000 0.5022800000 2
161.5000000000 0.5023000000 2
161.6000000000 0.5023200000 2
161.7000000000 0.5023400000 2
161.8000000000 0.5023600000 2
161.9000000000 0.5023800000 2
162.0000000000 0.5024000000 2
162.1000000000 0.5024200000 2
162.2000000000 0.5024400000 2
162.3000000000 0.5024600000 2
162.4000000000 0.5024800000 2
162.5000000000 0.5025000000 2
162.6000000000 0.5025200000 2
162.7000000000 0.5025400000 2
162.8000000000 0.5025600000 2
162.9000000000 0.5025800000 2
163.0000000000 0.5026000000 2
163.1000000000 0.5026200000 2
163.2000000000 0.5026400000 2
163.3000000000 0.5026600000 2
163.4000000000 0.5026800000 2
163.5000000000 0.5027000000 2
163.6000000000 0.5027200000 2
163.7000000000 0.5027400000 2
163.8000000000 0.5027600000 2
163.9000000000 0.5027800000 2
164.0000000000 0.5028000000 2
164.1000000000 0.5028200000 2
164.2000000000 0.5028400000 2
164.3000000000 0.5028600000 2
164.4000000000 0.5028800000 2
164.5000000000 0.5029000000 2
164.6000000000 0.5029200000 2
164.7000000000 0.5029400000 2
164.8000000000 0.5029600000 2
164.9000000000 0.5029800000 2
165.0000000000 0.5030000000 2
165.1000000000 0.5030200000 2
165.2000000000 0.5030400000 2
165.3000000000 0.5030600000 2
165.4000000000 0.5030800000 2
165.5000000000 0.5031000000 2
165.6000000000 0.5031200000 2
165.7000000000 0.5031400000 2
165.8000000000 0.5031600000 2
165.9000000000 0.5031800000 2
166.0000000000 0.5032000000 2
166.1000000000 0.5032200000 2
166.2000000000 0.5032400000 2
166.3000000000 0.5032600000 2
166.4000000000 0.5032800000 2
166.5000000000 0.5033000000 2
166.6000000000 0.5033200000 2
166.7000000000 0.5033400000 2
166.8000000000 0.5033600000 2
166.9000000000 0.5033800000 2
167.0000000000 0.5034000000 2
167.1000000000 0.5034200000 2
167.2000000000 0.5034400000 2
167.3000000000 0.5034600000 2
167.4000000000 0.5034800000 2
167.5000000000 0.5035000000 2
167.6000000000 0.5035200000 2
167.7000000000 0.5035400000 2
167.8000000000 0.5035600000 2
167.9000000000 0.5035800000 2
168.0000000000 0.5036000000 2
168.1000000000 0.5036200000 2
168.2000000000 0.5036400000 2
168.3000000000 0.5036600000 2
168.4000000000 0.5036800000 2
168.5000000000 0.5037000000 2
168.6000000000 0.5037200000 2
168.7000000000 0.5037400000 2
168.8000000000 0.5037600000 2
168.9000000000 0.5037800000 2
169.0000000000 0.5038000000 2
169.1000000000 0.5038200000 2
169.2000000000 0.5038400000 2
169.3000000000 0.5038600000 2
169.4000000000 0.5038800000 2
169.5000000000 0.5039000000 2
169.6000000000 0.5039200000 2
169.7000000000 0.5039400000 2
169.8000000000 0.5039600000 2
169.9000000000 0.5039800000 2
170.0000000000 0.5040000000 2
170.1000000000 0.5040200000 2
170.2000000000 0.5040400000 2
170.3000000000 0.5040600000 2
170.4000000000 0.5040800000 2
170.5000000000 0.5041000000 2
170.6000000000 0.5041200000 2
170.7000000000 0.5041400000 2
170.8000000000 0.5041600000 2
170.9000000000 0.5041800000 2
171.0000000000 0.5042000000 2
171.1000000000 0.5042200000 2
171.2000000000 0.5042400000 2
171.3000000000 0.5042600000 2
171.4000000000 0.5042800000 2
171.5000000000 0.5043000000 2
171.6000000000 0.5043200000 2
171.7000000000 0.5043400000 2
171.8000000000 0.5043600000 2
171.9000000000 0.5043800000 2
172.0000000000 0.5044000000 2
172.1000000000 0.5044200000 2
172.2000000000 0.5044400000 2
172.3000000000 0.5044600000 2
172.4000000000 0.5044800000 2
172.5000000000 0.5045000000 2
172.6000000000 0.5045200000 2
172.7000000000 0.5045400000 2
172.8000000000 0.5045600000 2
172.9000000000 0.5045800000 2
173.0000000000 0.5046000000 2
173.1000000000 0.5046200000 2
173.2000000000 0.5046400000 2
173.3000000000 0.5046600000 2
173.4000000000 0.5046800000 2
173.5000000000 0.5047000000 2
173.6000000000 0.5047200000 2
173.7000000000 0.5047400000 2
173.8000000000 0.5047600000 2
173.9000000000 0.5047800000 2
174.0000000000 0.5048000000 2
174.1000000000 0.5048200000 2
174.2000000000 0.5048400000 2
174.3000000000 0.5048600000 2
174.4000000000 0.5048800000 2
174.5000000000 0.5049000000 2
174.6000000000 0.5049200000 2
174.7000000000 0.5049400000 2
174.8000000000 0.5049600000 2
174.9000000000 0.5049800000 2
175.0000000000 0.5050000000 2
175.1000000000 0.5050200000 2
175.2000000000 0.5050400000 2
175.3000000000 0.5050600000 2
175.4000000000 0.5050800000 2
175.5000000000 0.5051000000 2
175.6000000000 0.5051200000 2
175.7000000000 0.5051400000 2
175.8000000000 0.5051600000 2
175.9000000000 0.5051800000 2
176.0000000000 0.5052000000 2
176.1000000000 0.5052200000 2
176.2000000000 0.5052400000 2
176.3000000000 0.5052600000 2
176.4000000000 0.5052800000 2
176.5000000000 0.5053000000 2
176.6000000000 0.5053200000 2
176.7000000000 0.5053400000 2
176.8000000000 0.5053600000 2
176.9000000000 0.5053800000 2
177.0000000000 0.5054000000 2
177.1000000000 0.5054200000 2
177.2000000000 0.5054400000 2
177.3000000000 0.5054600000 2
177.4000000000 0.5054800000 2
177.5000000000 0.5055000000 2
177.6000000000 0.5055200000 2
177.7000000000 0.5055400000 2
177.8000000000 0.5055600000 2
177.9000000000 0.5055800000 2
178.0000000000 0.5056000000 2
178.1000000000 0.5056200000 2
178.2000000000 0.5056400000 2
178.3000000000 0.5056600000 2
178.4000000000 0.5056800000 2
178.5000000000 0.5057000000 2
178.6000000000 0.5057200000 2
178.7000000000 0.5057400000 2
178.8000000000 0.5057600000 2
178.9000000000 0.5057800000 2
179.0000000000 0.5058000000 2
179.1000000000 0.5058200000 2
179.2000000000 0.5058400000 2
179.3000000000 0.5058600000 2
179.4000000000 0.5058800000 2
179.5000000000 0.5059000000 2
179.6000000000 0.5059200000 2
179.7000000000 0.5059400000 2
179.8000000000 0.5059600000 2
179.9000000000 0.5059800000 2
180.0000000000 0.5060000000 2
180.1000000000 0.5060200000 2
180.2000000000 0.5060400000 2
180.3000000000 0.5060600000 2
180.4000000000 0.5060800000 2
180.5000000000 0.5061000000 2
180.6000000000 0.5061200000 2
180.7000000000 0.5061400000 2
180.8000000000 0.5061600000 2
180.9000000000 0.5061800000 2
181.0000000000 0.5062000000 2
181.1000000000 0.5062200000 2
181.2000000000 0.5062400000 2
181.3000000000 0.5062600000 2
181.4000000000 0.5062800000 2
181.5000000000 0.5063000000 2
181.6000000000 0.5063200000 2
181.7000000000 0.5063400000 2
181.8000000000 0.5063600000 2
181.9000000000 0.5063800000 2
182.0000000000 0.5064000000 2
182.1000000000 0.5064200000 2
182.2000000000 0.5064400000 2
182.3000000000 0.5064600000 2
182.4000000000 0.5064800000 2
182.5000000000 0.5065000000 2
182.6000000000 0.5065200000 2
182.7000000000 0.5065400000 2
182.8000000000 0.5065600000 2
182.9000000000 0.5065800000 2
183.0000000000 0.5066000000 2
183.1000000000 0.5066200000 2
183.2000000000 0.5066400000 2
183.3000000000 0.5066600000 2
183.4000000000 0.5066800000 2
183.5000000000 0.5067000000 2
183.6000000000 0.5067200000 2
183.7000000000 0.5067400000 2
183.8000000000 0.5067600000 2
183.9000000000 0.5067800000 2
184.0000000000 0.5068000000 2
184.1000000000 0.5068200000 2
184.2000000000 0.5068400000 2
184.3000000000 0.5068600000 2
184.4000000000 0.5068800000 2
184.5000000000 0.5069000000 2
184.6000000000 0.5069200000 2
184.7000000000 0.5069400000 2
184.8000000000 0.5069600000 2
184.9000000000 0.5069800000 2
185.0000000000 0.5070000000 2
185.1000000000 0.5070200000 2
185.2000000000 0.5070400000 2
185.3000000000 0.5070600000 2
185.4000000000 0.5070800000 2
185.5000000000 0.5071000000 2
185.6000000000 0.5071200000 2
185.7000000000 0.5071400000 2
185.8000000000 0.5071600000 2
185.9000000000 0.5071800000 2
186.0000000000 0.5072000000 2
186.1000000000 0.5072200000 2
186.2000000000 0.5072400000 2
186.3000000000 0.5072600000 2
186.4000000000 0.5072800000 2
186.5000000000 0.5073000000 2
186.6000000000 0.5073200000 2
186.7000000000 0.5073400000 2
186.8000000000 0.5073600000 2
186.9000000000 0.5073800000 2
187.0000000000 0.5074000000 2
187.1000000000 0.5074200000 2
187.2000000000 0.5074400000 2
187.3000000000 0.5074600000 2
187.4000000000 0.5074800000 2
187.5000000000 0.5075000000 2
187.6000000000 0.5075200000 2
187.7000000000 0.5075400000 2
187.8000000000 0.5075600000 2
187.9000000000 0.5075800000 2
188.0000000000 0.5076000000 2
188.1000000000 0.5076200000 2
188.2000000000 0.5076400000 2
188.3000000000 0.5076600000 2
188.4000000000 0.5076800000 2
188.5000000000 0.5077000000 2
188.6000000000 0.5077200000 2
188.7000000000 0.5077400000 2
188.8000000000 0.5077600000 2
188.9000000000 0.5077800000 2
189.0000000000 0.5078000000 2
189.1000000000 0.5078200000 2
189.2000000000 0.5078400000 2
189.3000000000 0.5078600000 2
189.4000000000 0.5078800000 2
189.5000000000 0.5079000000 2
189.6000000000 0.5079200000 2
189.7000000000 0.5079400000 2
189.8000000000 0.5079600000 2
189.9000000000 0.5079800000 2
190.0000000000 0.5080000000 2
190.1000000000 0.5080200000 2
190.2000000000 0.5080400000 2
190.3000000000 0.5080600000 2
190.4000000000 0.5080800000 2
190.5000000000 0.5081000000 2
190.6000000000 0.5081200000 2
190.7000000000 0.5081400000 2
190.8000000000 0.5081600000 2
190.9000000000 0.5081800000 2
191.0000000000 0.5082000000 2
191.1000000000 0.5082200000 2
191.2000000000 0.5082400000 2
191.3000000000 0.5082600000 2
191.4000000000 0.5082800000 2
191.5000000000 0.5083000000 2
191.6000000000 0.5083200000 2
191.7000000000 0.5083400000 2
191.8000000000 0.5083600000 2
191.9000000000 0.5083800000 2
192.0000000000 0.5084000000 2
192.1000000000 0.5084200000 2
192.2000000000 0.5084400000 2
192.3000000000 0.5084600000 2
192.4000000000 0.5084800000 2
192.5000000000 0.5085000000 2
192.6000000000 0.5085200000 2
192.7000000000 0.5085400000 2
192.8000000000 0.5085600000 2
192.9000000000 0.5085800000 2
193.0000000000 0.5086000000 2
193.1000000000 0.5086200000 2
193.2000000000 0.5086400000 2
193.3000000000 0.5086600000 2
193.4000000000 0.5086800000 2
193.5000000000 0.5087000000 2
193.6000000000 0.5087200000 2
193.7000000000 0.5087400000 2
193.8000000000 0.5087600000 2
193.9000000000 0.5087800000 2
194.0000000000 0.5088000000 2
194.1000000000 0.5088200000 2
194.2000000000 0.5088400000 2
194.3000000000 0.5088600000 2
194.4000000000 0.5088800000 2
194.5000000000 0.5089000000 2
194.6000000000 0.5089200000 2
194.7000000000 0.5089400000 2
194.8000000000 0.5089600000 2
194.9000000000 0.5089800000 2
195.0000000000 0.5090000000 2
195.1000000000 0.5090200000 2
195.2000000000 0.5090400000 2
195.3000000000 0.5090600000 2
195.4000000000 0.5090800000 2
195.5000000000 0.5091000000 2
195.6000000000 0.5091200000 2
195.7000000000 0.5091400000 2
195.8000000000 0.5091600000 2
195.9000000000 0.5091800000 2
196.0000000000 0.5092000000 2
196.1000000000 0.5092200000 2
196.2000000000 0.5092400000 2
196.3000000000 0.5092600000 2
196.4000000000 0.5092800000 2
196.5000000000 0.5093000000 2
196.6000000000 0.5093200000 2
196.7000000000 0.5093400000 2
196.8000000000 0.5093600000 2
196.9000000000 0.5093800000 2
197.0000000000 0.5094000000 2
197.1000000000 0.5094200000 2
197.2000000000 0.5094400000 2
197.3000000000 0.5094600000 2
197.4000000000 0.5094800000 2
197.5000000000 0.5095000000 2
197.6000000000 0.5095200000 2
197.7000000000 0.5095400000 2
197.8000000000 0.5095600000 2
197.9000000000 0.5095800000 2
198.0000000000 0.5096000000 2
198.1000000000 0.5096200000 2
198.2000000000 0.5096400000 2
198.3000000000 0.5096600000 2
198.4000000000 0.5096800000 2
198.5000000000 0.5097000000 2
198.6000000000 0.5097200000 2
198.7000000000 0.5097400000 2
198.8000000000 0.5097600000 2
198.9000000000 0.5097800000 2
199.0000000000 0.5098000000 2
199.1000000000 0.5098200000 2
199.2000000000 0.5098400000 2
199.3000000000 0.5098600000 2
199.4000000000 0.5098800000 2
199.5000000000 0.5099000000 2
199.6000000000 0.5099200000 2
199.7000000000 0.5099400000 2
199.8000000000 0.5099600000 2
199.9000000000 0.5099800000 2
200.0000000000 0.5100000000 2
200.1000000000 0.5100200000 2
200.2000000000 0.5100400000 2
200.3000000000 0.5100600000 2
200.4000000000 0.5100800000 2
200.5000000000 0.5101000000 2
200.6000000000 0.5101200000 2
200.7000000000 0.5101400000 2
200.8000000000 0.5101600000 2
200.9000000000 0.5101800000 2
201.0000000000 0.5102000000 2
201.1000000000 0.5102200000 2
201.2000000000 0.5102400000 2
201.3000000000 0.5102600000 2
201.4000000000 0.5102800000 2
201.5000000000 0.5103000000 2
201.6000000000 0.5103200000 2
201.7000000000 0.5103400000 2
201.8000000000 0.5103600000 2
201.9000000000 0.5103800000 2
202.0000000000 0.5104000000 2
202.1000000000 0.5104200000 2
202.2000000000 0.5104400000 2
202.3000000000 0.5104600000 2
202.4000000000 0.5104800000 2
202.5000000000 0.5105000000 2
202.6000000000 0.5105200000 2
202.7000000000 0.5105400000 2
202.8000000000 0.5105600000 2
202.9000000000 0.5105800000 2
203.0000000000 0.5106000000 2
203.1000000000 0.5106200000 2
203.2000000000 0.5106400000 2
203.3000000000 0.5106600000 2
203.4000000000 0.5106800000 2
203.5000000000 0.5107000000 2
203.6000000000 0.5107200000 2
203.7000000000 0.5107400000 2
203.8000000000 0.5107600000 2
203.9000000000 0.5107800000 2
204.0000000000 0.5108000000 2
204.1000000000 0.5108200000 2
204.2000000000 0.5108400000 2
204.3000000000 0.5108600000 2
204.4000000000 0.5108800000 2
204.5000000000 0.5109000000 2
204.6000000000 0.5109200000 2
204.7000000000 0.5109400000 2
204.8000000000 0.5109600000 2
204.9000000000 0.5109800000 2
205.0000000000 0.5110000000 2
205.1000000000 0.5110200000 2
205.2000000000 0.5110400000 2
205.3000000000 0.5110600000 2
205.4000000000 0.5110800000 2
205.5000000000 0.5111000000 2
205.6000000000 0.5111200000 2
205.7000000000 0.5111400000 2
205.8000000000 0.5111600000 2
205.9000000000 0.5111800000 2
206.0000000000 0.5112000000 2
206.1000000000 0.5112200000 2
206.2000000000 0.5112400000 2
206.3000000000 0.5112600000 2
206.4000000000 0.5112800000 2
206.5000000000 0.5113000000 2
206.6000000000 0.5113200000 2
206.7000000000 0.5113400000 2
206.8000000000 0.5113600000 2
206.9000000000 0.5113800000 2
207.0000000000 0.5114000000 2
207.1000000000 0.5114200000 2
207.2000000000 0.5114400000 2
207.3000000000 0.5114600000 2
207.4000000000 0.5114800000 2
207.5000000000 0.5115000000 2
207.6000000000 0.5115200000 2
207.7000000000 0.5115400000 2
207.8000000000 0.5115600000 2
207.9000000000 0.5115800000 2
208.0000000000 0.5116000000 2
208.1000000000 0.5116200000 2
208.2000000000 0.5116400000 2
208.3000000000 0.5116600000 2
208.4000000000 0.5116800000 2
208.5000000000 0.5117000000 2
208.6000000000 0.5117200000 2
208.7000000000 0.5117400000 2
208.8000000000 0.5117600000 2
208.9000000000 0.5117800000 2
209.0000000000 0.5118000000 2
209.1000000000 0.5118200000 2
209.2000000000 0.5118400000 2
209.3000000000 0.5118600000 2
209.4000000000 0.5118800000 2
209.5000000000 0.5119000000 2
209.6000000000 0.5119200000 2
209.7000000000 0.5119400000 2
209.8000000000 0.5119600000 2
209.9000000000 0.5119800000 2
210.0000000000 0.5120000000 2
210.1000000000 0.5120200000 2
210.2000000000 0.5120400000 2
210.3000000000 0.5120600000 2
210.4000000000 0.5120800000 2
210.5000000000 0.5121000000 2
210.6000000000 0.5121200000 2
210.7000000000 0.5121400000 2
210.8000000000 0.5121600000 2
210.9000000000 0.5121800000 2
211.0000000000 0.5122000000 2
211.1000000000 0.5122200000 2
211.2000000000 0.5122400000 2
211.3000000000 0.5122600000 2
211.4000000000 0.5122800000 2
211.5000000000 0.5123000000 2
211.6000000000 0.5123200000 2
211.7000000000 0.5123400000 2
211.8000000000 0.5123600000 2
211.9000000000 0.5123800000 2
212.0000000000 0.5124000000 2
212.1000000000 0.5124200000 2
212.2000000000 0.5124400000 2
212.3000000000 0.5124600000 2
212.4000000000 0.5124800000 2
212.5000000000 0.5125000000 2
212.6000000000 0.5125200000 2
212.7000000000 0.5125400000 2
212.8000000000 0.5125600000 2
212.9000000000 0.5125800000 2
213.0000000000 0.5126000000 2
213.1000000000 0.5126200000 2
213.2000000000 0.5126400000 2
213.3000000000 0.5126600000 2
213.4000000000 0.5126800000 2
213.5000000000 0.5127000000 2
213.6000000000 0.5127200000 2
213.7000000000 0.5127400000 2
213.8000000000 0.5127600000 2
213.9000000000 0.5127800000 2
214.0000000000 0.5128000000 2
214.1000000000 0.5128200000 2
214.2000000000 0.5128400000 2
214.3000000000 0.5128600000 2
214.4000000000 0.5128800000 2
214.5000000000 0.5129000000 2
214.6000000000 0.5129200000 2
214.7000000000 0.5129400000 2
214.8000000000 0.5129600000 2
214.9000000000 0.5129800000 2
215.0000000000 0.5130000000 2
215.1000000000 0.5130200000 2
215.2000000000 0.5130400000 2
215.3000000000 0.5130600000 2
215.4000000000 0.5130800000 2
215.5000000000 0.5131000000 2
215.6000000000 0.5131200000 2
215.7000000000 0.5131400000 2
215.8000000000 0.5131600000 2
215.9000000000 0.5131800000 2
216.0000000000 0.5132000000 2
216.1000000000 0.5132200000 2
216.2000000000 0.5132400000 2
216.3000000000 0.5132600000 2
216.4000000000 0.5132800000 2
216.5000000000 0.5133000000 2
216.6000000000 0.5133200000 2
216.7000000000 0.5133400000 2
216.8000000000 0.5133600000 2
216.9000000000 0.5133800000 2
217.0000000000 0.5134000000 2
217.1000000000 0.5134200000 2
217.2000000000 0.5134400000 2
217.3000000000 0.5134600000 2
217.4000000000 0.5134800000 2
217.5000000000 0.5135000000 2
217.6000000000 0.5135200000 2
217.7000000000 0.5135400000 2
217.8000000000 0.5135600000 2
217.9000000000 0.5135800000 2
218.0000000000 0.5136000000 2
218.1000000000 0.5136200000 2
218.2000000000 0.5136400000 2
218.3000000000 0.5136600000 2
218.4000000000 0.5136800000 2
218.5000000000 0.5137000000 2
218.6000000000 0.5137200000 2
218.7000000000 0.5137400000 2
218.8000000000 0.5137600000 2
218.9000000000 0.5137800000 2
219.0000000000 0.5138000000 2
219.1000000000 0.5138200000 2
219.2000000000 0.5138400000 2
219.3000000000 0.5138600000 2
219.4000000000 0.5138800000 2
219.5000000000 0.5139000000 2
219.6000000000 0.5139200000 2
219.7000000000 0.5139400000 2
219.8000000000 0.5139600000 2
219.9000000000 0.5139800000 2
220.0000000000 0.5140000000 2
220.1000000000 0.5140200000 2
220.2000000000 0.5140400000 2
220.3000000000 0.5140600000 2
220.4000000000 0.5140800000 2
220.5000000000 0.5141000000 2
220.6000000000 0.5141200000 2
220.7000000000 0.5141400000 2
220.8000000000 0.5141600000 2
220.9000000000 0.5141800000 2
221.0000000000 0.5142000000 2
221.1000000000 0.5142200000 2
221.2000000000 0.5142400000 2
221.3000000000 0.5142600000 2
221.4000000000 0.5142800000 2
221.5000000000 0.5143000000 2
221.6000000000 0.5143200000 2
221.7000000000 0.5143400000 2
221.8000000000 0.5143600000 2
221.9000000000 0.5143800000 2
222.0000000000 0.5144000000 2
222.1000000000 0.5144200000 2
222.2000000000 0.5144400000 2
222.3000000000 0.5144600000 2
222.4000000000 0.5144800000 2
222.5000000000 0.5145000000 2
222.6000000000 0.5145200000 2
222.7000000000 0.5145400000 2
222.8000000000 0.5145600000 2
222.9000000000 0.5145800000 2
223.0000000000 0.5146000000 2
223.1000000000 0.5146200000 2
223.2000000000 0.5146400000 2
223.3000000000 0.5146600000 2
223.4000000000 0.5146800000 2
223.5000000000 0.5147000000 2
223.6000000000 0.5147200000 2
223.7000000000 0.5147400000 2
223.8000000000 0.5147600000 2
223.9000000000 0.5147800000 2
224.0000000000 0.5148000000 2
224.1000000000 0.5148200000 2
224.2000000000 0.5148400000 2
224.3000000000 0.5148600000 2
224.4000000000 0.5148800000 2
224.5000000000 0.5149000000 2
224.6000000000 0.5149200000 2
224.7000000000 0.5149400000 2
224.8000000000 0.5149600000 2
224.9000000000 0.5149800000 2
225.0000000000 0.5150000000 2
225.1000000000 0.5150200000 2
225.2000000000 0.5150400000 2
225.3000000000 0.5150600000 2
225.4000000000 0.5150800000 2
225.5000000000 0.5151000000 2
225.6000000000 0.5151200000 2
225.7000000000 0.5151400000 2
225.8000000000 0.5151600000 2
225.9000000000 0.5151800000 2
226.0000000000 0.5152000000 2
226.1000000000 0.5152200000 2
226.2000000000 0.5152400000 2
226.3000000000 0.5152600000 2
226.4000000000 0.5152800000 2
226.5000000000 0.5153000000 2
226.6000000000 0.5153200000 2
226.7000000000 0.5153400000 2
226.8000000000 0.5153600000 2
226.9000000000 0.5153800000 2
227.0000000000 0.5154000000 2
227.1000000000 0.5154200000 2
227.2000000000 0.5154400000 2
227.3000000000 0.5154600000 2
227.4000000000 0.5154800000 2
227.5000000000 0.5155000000 2
227.6000000000 0.5155200000 2
227.7000000000 0.5155400000 2
227.8000000000 0.5155600000 2
227.9000000000 0.5155800000 2
228.0000000000 0.5156000000 2
228.1000000000 0.5156200000 2
228.2000000000 0.5156400000 2
228.3000000000 0.5156600000 2
228.4000000000 0.5156800000 2
228.5000000000 0.5157000000 2
228.6000000000 0.5157200000 2
228.7000000000 0.5157400000 2
228.8000000000 0.5157600000 2
228.9000000000 0.5157800000 2
229.0000000000 0.5158000000 2
229.1000000000 0.5158200000 2
229.2000000000 0.5158400000 2
229.3000000000 0.5158600000 2
229.4000000000 0.5158800000 2
229.5000000000 0.5159000000 2
229.6000000000 0.5159200000 2
229.7000000000 0.5159400000 2
229.8000000000 0.5159600000 2
229.9000000000 0.5159800000 2
230.0000000000 0.5160000000 2
230.1000000000 0.5160200000 2
230.2000000000 0.5160400000 2
230.3000000000 0.5160600000 2
230.4000000000 0.5160800000 2
230.5000000000 0.5161000000 2
230.6000000000 0.5161200000 2
230.7000000000 0.5161400000 2
230.8000000000 0.5161600000 2
230.9000000000 0.5161800000 2
231.0000000000 0.5162000000 2
231.1000000000 0.5162200000 2
231.2000000000 0.5162400000 2
231.3000000000 0.5162600000 2
231.4000000000 0.5162800000 2
231.5000000000 0.5163000000 2
231.6000000000 0.5163200000 2
231.7000000000 0.5163400000 2
231.8000000000 0.5163600000 2
231.9000000000 0.5163800000 2
232.0000000000 0.5164000000 2
232.1000000000 0.5164200000 2
232.2000000000 0.5164400000 2
232.3000000000 0.5164600000 2
232.4000000000 0.5164800000 2
232.5000000000 0.5165000000 2
232.6000000000 0.5165200000 2
232.7000000000 0.5165400000 2
232.8000000000 0.5165600000 2
232.9000000000 0.5165800000 2
233.0000000000 0.5166000000 2
233.1000000000 0.5166200000 2
233.2000000000 0.5166400000 2
233.3000000000 0.5166600000 2
233.4000000000 0.5166800000 2
233.5000000000 0.5167000000 2
233.6000000000 0.5167200000 2
233.7000000000 0.5167400000 2
233.8000000000 0.5167600000 2
233.9000000000 0.5167800000 2
234.0000000000 0.5168000000 2
234.1000000000 0.5168200000 2
234.2000000000 0.5168400000 2
234.3000000000 0.5168600000 2
234.4000000000 0.5168800000 2
234.5000000000 0.5169000000 2
234.6000000000 0.5169200000 2
234.7000000000 0.5169400000 2
234.8000000000 0.5169600000 2
234.9000000000 0.5169800000 2
235.0000000000 0.5170000000 2
235.1000000000 0.5170200000 2
235.2000000000 0.5170400000 2
235.3000000000 0.5170600000 2
235.4000000000 0.5170800000 2
235.5000000000 0.5171000000 2
235.6000000000 0.5171200000 2
235.7000000000 0.5171400000 2
235.8000000000 0.5171600000 2
235.9000000000 0.5171800000 2
236.0000000000 0.5172000000 2
236.1000000000 0.5172200000 2
236.2000000000 0.5172400000 2
236.3000000000 0.5172600000 2
236.4000000000 0.5172800000 2
236.5000000000 0.5173000000 2
236.6000000000 0.5173200000 2
236.7000000000 0.5173400000 2
236.8000000000 0.5173600000 2
236.9000000000 0.5173800000 2
237.0000000000 0.5174000000 2
237.1000000000 0.5174200000 2
237.2000000000 0.5174400000 2
237.3000000000 0.5174600000 2
237.4000000000 0.5174800000 2
237.5000000000 0.5175000000 2
237.6000000000 0.5175200000 2
237.7000000000 0.5175400000 2
237.8000000000 0.5175600000 2
237.9000000000 0.5175800000 2
238.0000000000 0.5176000000 2
238.1000000000 0.5176200000 2
238.2000000000 0.5176400000 2
238.3000000000 0.5176600000 2
238.4000000000 0.5176800000 2
238.5000000000 0.5177000000 2
238.6000000000 0.5177200000 2
238.7000000000 0.5177400000 2
238.8000000000 0.5177600000 2
238.9000000000 0.5177800000 2
239.0000000000 0.5178000000 2
239.1000000000 0.5178200000 2
239.2000000000 0.5178400000 2
239.3000000000 0.5178600000 2
239.4000000000 0.5178800000 2
239.5000000000 0.5179000000 2
239.6000000000 0.5179200000 2
239.7000000000 0.5179400000 2
239.8000000000 0.5179600000 2
239.9000000000 0.5179800000 2
240.0000000000 0.5180000000 2
240.1000000000 0.5180200000 2
240.2000000000 0.5180400000 2
240.3000000000 0.5180600000 2
240.4000000000 0.5180800000 2
240.5000000000 0.5181000000 2
240.6000000000 0.5181200000 2
240.7000000000 0.5181400000 2
240.8000000000 0.5181600000 2
240.9000000000 0.5181800000 2
241.0000000000 0.5182000000 2
241.1000000000 0.5182200000 2
241.2000000000 0.5182400000 2
241.3000000000 0.5182600000 2
241.4000000000 0.5182800000 2
241.5000000000 0.5183000000 2
241.6000000000 0.5183200000 2
241.7000000000 0.5183400000 2
241.8000000000 0.5183600000 2
241.9000000000 0.5183800000 2
242.0000000000 0.5184000000 2
242.1000000000 0.5184200000 2
242.2000000000 0.5184400000 2
242.3000000000 0.5184600000 2
242.4000000000 0.5184800000 2
242.5000000000 0.5185000000 2
242.6000000000 0.5185200000 2
242.7000000000 0.5185400000 2
242.8000000000 0.5185600000 2
242.9000000000 0.5185800000 2
243.0000000000 0.5186000000 2
243.1000000000 0.5186200000 2
243.2000000000 0.5186400000 2
243.3000000000 0.5186600000 2
243.4000000000 0.5186800000 2
243.5000000000 0.5187000000 2
243.6000000000 0.5187200000 2
243.7000000000 0.5187400000 2
243.8000000000 0.5187600000 2
243.9000000000 0.5187800000 2
244.0000000000 0.5188000000 2
244.1000000000 0.5188200000 2
244.2000000000 0.5188400000 2
244.3000000000 0.5188600000 2
244.4000000000 0.5188800000 2
244.5000000000 0.5189000000 2
244.6000000000 0.5189200000 2
244.7000000000 0.5189400000 2
244.8000000000 0.5189600000 2
244.9000000000 0.5189800000 2
245.0000000000 0.5190000000 2
245.1000000000 0.5190200000 2
245.2000000000 0.5190400000 2
245.3000000000 0.5190600000 2
245.4000000000 0.5190800000 2
245.5000000000 0.5191000000 2
245.6000000000 0.5191200000 2
245.7000000000 0.5191400000 2
245.8000000000 0.5191600000 2
245.9000000000 0.5191800000 2
246.0000000000 0.5192000000 2
246.1000000000 0.5192200000 2
246.2000000000 0.5192400000 2
246.3000000000 0.5192600000 2
246.4000000000 0.5192800000 2
246.5000000000 0.5193000000 2
246.6000000000 0.5193200000 2
246.7000000000 0.5193400000 2
246.8000000000 0.5193600000 2
246.9000000000 0.5193800000 2
247.0000000000 0.5194000000 2
247.1000000000 0.5194200000 2
247.2000000000 0.5194400000 2
247.3000000000 0.5194600000 2
247.4000000000 0.5194800000 2
247.5000000000 0.5195000000 2
247.6000000000 0.5195200000 2
247.7000000000 0.5195400000 2
247.8000000000 0.5195600000 2
247.9000000000 0.5195800000 2
248.0000000000 0.5196000000 2
248.1000000000 0.5196200000 2
248.2000000000 0.5196400000 2
248.3000000000 0.5196600000 2
248.4000000000 0.5196800000 2
248.5000000000 0.5197000000 2
248.6000000000 0.5197200000 2
248.7000000000 0.5197400000 2
248.8000000000 0.5197600000 2
248.9000000000 0.5197800000 2
249.0000000000 0.5198000000 2
249.1000000000 0.5198200000 2
249.2000000000 0.5198400000 2
249.3000000000 0.5198600000 2
249.4000000000 0.5198800000 2
249.5000000000 0.5199000000 2
249.6000000000 0.5199200000 2
249.7000000000 0.5199400000 2
249.8000000000 0.5199600000 2
249.9000000000 0.5199800000 2
250.0000000000 0.5200000000 2
250.1000000000 0.5200200000 2
250.2000000000 0.5200400000 2
250.3000000000 0.5200600000 2
250.4000000000 0.5200800000 2
250.5000000000 0.5201000000 2
250.6000000000 0.5201200000 2
250.7000000000 0.5201400000 2
250.8000000000 0.5201600000 2
250.9000000000 0.5201800000 2
251.0000000000 0.5202000000 2
251.1000000000 0.5202200000 2
251.2000000000 0.5202400000 2
251.3000000000 0.5202600000 2
251.4000000000 0.5202800000 2
251.5000000000 0.5203000000 2
251.6000000000 0.5203200000 2
251.7000000000 0.5203400000 2
251.8000000000 0.5203600000 2
251.9000000000 0.5203800000 2
252.0000000000 0.5204000000 2
252.1000000000 0.5204200000 2
252.2000000000 0.5204400000 2
252.3000000000 0.5204600000 2
252.4000000000 0.5204800000 2
252.5000000000 0.5205000000 2
252.6000000000 0.5205200000 2
252.7000000000 0.5205400000 2
252.8000000000 0.5205600000 2
252.9000000000 0.5205800000 2
253.0000000000 0.5206000000 2
253.1000000000 0.5206200000 2
253.2000000000 0.5206400000 2
253.3000000000 0.5206600000 2
253.4000000000 0.5206800000 2
253.5000000000 0.5207000000 2
253.6000000000 0.5207200000 2
253.7000000000 0.5207400000 2
253.8000000000 0.5207600000 2
253.9000000000 0.5207800000 2
254.0000000000 0.5208000000 2
254.1000000000 0.5208200000 2
254.2000000000 0.5208400000 2
254.3000000000 0.5208600000 2
254.4000000000 0.5208800000 2
254.5000000000 0.5209000000 2
254.6000000000 0.5209200000 2
254.7000000000 0.5209400000 2
254.8000000000 0.5209600000 2
254.9000000000 0.5209800000 2
255.0000000000 0.5210000000 2
255.1000000000 0.5210200000 2
255.2000000000 0.5210400000 2
255.3000000000 0.5210600000 2
255.4000000000 0.5210800000 2
255.5000000000 0.5211000000 2
255.6000000000 0.5211200000 2
255.7000000000 0.5211400000 2
255.8000000000 0.5211600000 2
255.9000000000 0.5211800000 2
256.0000000000 0.5212000000 2
256.1000000000 0.5212200000 2
256.2000000000 0.5212400000 2
256.3000000000 0.5212600000 2
256.4000000000 0.5212800000 2
256.5000000000 0.5213000000 2
256.6000000000 0.5213200000 2
256.7000000000 0.5213400000 2
256.8000000000 0.5213600000 2
256.9000000000 0.5213800000 2
257.0000000000 0.5214000000 2
257.1000000000 0.5214200000 2
257.2000000000 0.5214400000 2
257.3000000000 0.5214600000 2
257.4000000000 0.5214800000 2
257.5000000000 0.5215000000 2
257.6000000000 0.5215200000 2
257.7000000000 0.5215400000 2
257.8000000000 0.5215600000 2
257.9000000000 0.5215800000 2
258.0000000000 0.5216000000 2
258.1000000000 0.5216200000 2
258.2000000000 0.5216400000 2
258.3000000000 0.5216600000 2
258.4000000000 0.5216800000 2
258.5000000000 0.5217000000 2
258.6000000000 0.5217200000 2
258.7000000000 0.5217400000 2
258.8000000000 0.5217600000 2
258.9000000000 0.5217800000 2
259.0000000000 0.5218000000 2
259.1000000000 0.5218200000 2
259.2000000000 0.5218400000 2
259.3000000000 0.5218600000 2
259.4000000000 0.5218800000 2
259.5000000000 0.5219000000 2
259.6000000000 0.5219200000 2
259.7000000000 0.5219400000 2
259.8000000000 0.5219600000 2
259.9000000000 0.5219800000 2
260.0000000000 0.5220000000 2
260.1000000000 0.5220200000 2
260.2000000000 0.5220400000 2
260.3000000000 0.5220600000 2
260.4000000000 0.5220800000 2
260.5000000000 0.5221000000 2
260.6000000000 0.5221200000 2
260.7000000000 0.5221400000 2
260.8000000000 0.5221600000 2
260.9000000000 0.5221800000 2
261.0000000000 0.5222000000 2
261.1000000000 0.5222200000 2
261.2000000000 0.5222400000 2
261.3000000000 0.5222600000 2
261.4000000000 0.5222800000 2
261.5000000000 0.5223000000 2
261.6000000000 0.5223200000 2
261.7000000000 0.5223400000 2
261.8000000000 0.5223600000 2
261.9000000000 0.5223800000 2
262.0000000000 0.5224000000 2
262.1000000000 0.5224200000 2
262.2000000000 0.5224400000 2
262.3000000000 0.5224600000 2
262.4000000000 0.5224800000 2
262.5000000000 0.5225000000 2
262.6000000000 0.5225200000 2
262.7000000000 0.5225400000 2
262.8000000000 0.5225600000 2
262.9000000000 0.5225800000 2
263.0000000000 0.5226000000 2
263.1000000000 0.5226200000 2
263.2000000000 0.5226400000 2
263.3000000000 0.5226600000 2
263.4000000000 0.5226800000 2
263.5000000000 0.5227000000 2
263.6000000000 0.5227200000 2
263.7000000000 0.5227400000 2
263.8000000000 0.5227600000 2
263.9000000000 0.5227800000 2
264.0000000000 0.5228000000 2
264.1000000000 0.5228200000 2
264.2000000000 0.5228400000 2
264.3000000000 0.5228600000 2
264.4000000000 0.5228800000 2
264.5000000000 0.5229000000 2
264.6000000000 0.5229200000 2
264.7000000000 0.5229400000 2
264.8000000000 0.5229600000 2
264.9000000000 0.5229800000 2
265.0000000000 0.5230000000 2
265.1000000000 0.5230200000 2
265.2000000000 0.5230400000 2
265.3000000000 0.5230600000 2
265.4000000000 0.5230800000 2
265.5000000000 0.5231000000 2
265.6000000000 0.5231200000 2
265.7000000000 0.5231400000 2
265.8000000000 0.5231600000 2
265.9000000000 0.5231800000 2
266.0000000000 0.5232000000 2
266.1000000000 0.5232200000 2
266.2000000000 0.5232400000 2
266.3000000000 0.5232600000 2
266.4000000000 0.5232800000 2
266.5000000000 0.5233000000 2
266.6000000000 0.5233200000 2
266.7000000000 0.5233400000 2
266.8000000000 0.5233600000 2
266.9000000000 0.5233800000 2
267.0000000000 0.5234000000 2
267.1000000000 0.5234200000 2
267.2000000000 0.5234400000 2
267.3000000000 0.5234600000 2
267.4000000000 0.5234800000 2
267.5000000000 0.5235000000 2
267.6000000000 0.5235200000 2
267.7000000000 0.5235400000 2
267.8000000000 0.5235600000 2
267.9000000000 0.5235800000 2
268.0000000000 0.5236000000 2
268.1000000000 0.5236200000 2
268.2000000000 0.5236400000 2
268.3000000000 0.5236600000 2
268.4000000000 0.5236800000 2
268.5000000000 0.5237000000 2
268.6000000000 0.5237200000 2
268.7000000000 0.5237400000 2
268.8000000000 0.5237600000 2
268.9000000000 0.5237800000 2
269.0000000000 0.5238000000 2
269.1000000000 0.5238200000 2
269.2000000000 0.5238400000 2
269.3000000000 0.5238600000 2
269.4000000000 0.5238800000 2
269.5000000000 0.5239000000 2
269.6000000000 0.5239200000 2
269.7000000000 0.5239400000 2
269.8000000000 0.5239600000 2
269.9000000000 0.5239800000 2
270.0000000000 0.5240000000 2
270.1000000000 0.5240200000 2
270.2000000000 0.5240400000 2
270.3000000000 0.5240600000 2
270.4000000000 0.5240800000 2
270.5000000000 0.5241000000 2
270.6000000000 0.5241200000 2
270.7000000000 0.5241400000 2
270.8000000000 0.5241600000 2
270.9000000000 0.5241800000 2
271.0000000000 0.5242000000 2
271.1000000000 0.5242200000 2
271.2000000000 0.5242400000 2
271.3000000000 0.5242600000 2
271.4000000000 0.5242800000 2
271.5000000000 0.5243000000 2
271.6000000000 0.5243200000 2
271.7000000000 0.5243400000 2
271.8000000000 0.5243600000 2
271.9000000000 0.5243800000 2
272.0000000000 0.5244000000 2
272.1000000000 0.5244200000 2
272.2000000000 0.5244400000 2
272.3000000000 0.5244600000 2
272.4000000000 0.5244800000 2
272.5000000000 0.5245000000 2
272.6000000000 0.5245200000 2
272.7000000000 0.5245400000 2
272.8000000000 0.5245600000 2
272.9000000000 0.5245800000 2
273.0000000000 0.5246000000 2
273.1000000000 0.5246200000 2
273.2000000000 0.5246400000 2
273.3000000000 0.5246600000 2
273.4000000000 0.5246800000 2
273.5000000000 0.5247000000 2
273.6000000000 0.5247200000 2
273.7000000000 0.5247400000 2
273.8000000000 0.5247600000 2
273.9000000000 0.5247800000 2
274.0000000000 0.5248000000 2
274.1000000000 0.5248200000 2
274.2000000000 0.5248400000 2
274.3000000000 0.5248600000 2
274.4000000000 0.5248800000 2
274.5000000000 0.5249000000 2
274.6000000000 0.5249200000 2
274.7000000000 0.5249400000 2
274.8000000000 0.5249600000 2
274.9000000000 0.5249800000 2
275.0000000000 0.5250000000 2
275.1000000000 0.5250200000 2
275.2000000000 0.5250400000 2
275.3000000000 0.5250600000 2
275.4000000000 0.5250800000 2
275.5000000000 0.5251000000 2
275.6000000000 0.5251200000 2
275.7000000000 0.5251400000 2
275.8000000000 0.5251600000 2
275.9000000000 0.5251800000 2
276.0000000000 0.5252000000 2
276.1000000000 0.5252200000 2
276.2000000000 0.5252400000 2
276.3000000000 0.5252600000 2
276.4000000000 0.5252800000 2
276.5000000000 0.5253000000 2
276.6000000000 0.5253200000 2
276.7000000000 0.5253400000 2
276.8000000000 0.5253600000 2
276.9000000000 0.5253800000 2
277.0000000000 0.5254000000 2
277.1000000000 0.5254200000 2
277.2000000000 0.5254400000 2
277.3000000000 0.5254600000 2
277.4000000000 0.5254800000 2
277.5000000000 0.5255000000 2
277.6000000000 0.5255200000 2
277.7000000000 0.5255400000 2
277.8000000000 0.5255600000 2
277.9000000000 0.5255800000 2
278.0000000000 0.5256000000 2
278.1000000000 0.5256200000 2
278.2000000000 0.5256400000 2
278.3000000000 0.5256600000 2
278.4000000000 0.5256800000 2
278.5000000000 0.5257000000 2
278.6000000000 0.5257200000 2
278.7000000000 0.5257400000 2
278.8000000000 0.5257600000 2
278.9000000000 0.5257800000 2
279.0000000000 0.5258000000 2
279.1000000000 0.5258200000 2
279.2000000000 0.5258400000 2
279.3000000000 0.5258600000 2
279.4000000000 0.5258800000 2
279.5000000000 0.5259000000 2
279.6000000000 0.5259200000 2
279.7000000000 0.5259400000 2
279.8000000000 0.5259600000 2
279.9000000000 0.5259800000 2
280.0000000000 0.5260000000 2
280.1000000000 0.5260200000 2
280.2000000000 0.5260400000 2
280.3000000000 0.5260600000 2
280.4000000000 0.5260800000 2
280.5000000000 0.5261000000 2
280.6000000000 0.5261200000 2
280.7000000000 0.5261400000 2
280.8000000000 0.5261600000 2
280.9000000000 0.5261800000 2
281.0000000000 0.5262000000 2
281.1000000000 0.5262200000 2
281.2000000000 0.5262400000 2
281.3000000000 0.5262600000 2
281.4000000000 0.5262800000 2
281.5000000000 0.5263000000 2
281.6000000000 0.5263200000 2
281.7000000000 0.5263400000 2
281.8000000000 0.5263600000 2
281.9000000000 0.5263800000 2
282.0000000000 0.5264000000 2
282.1000000000 0.5264200000 2
282.2000000000 0.5264400000 2
282.3000000000 0.5264600000 2
282.4000000000 0.5264800000 2
282.5000000000 0.5265000000 2
282.6000000000 0.5265200000 2
282.7000000000 0.5265400000 2
282.8000000000 0.5265600000 2
282.9000000000 0.5265800000 2
283.0000000000 0.5266000000 2
283.1000000000 0.5266200000 2
283.2000000000 0.5266400000 2
283.3000000000 0.5266600000 2
283.4000000000 0.5266800000 2
283.5000000000 0.5267000000 2
283.6000000000 0.5267200000 2
283.7000000000 0.5267400000 2
283.8000000000 0.5267600000 2
283.9000000000 0.5267800000 2
284.0000000000 0.5268000000 2
284.1000000000 0.5268200000 2
284.2000000000 0.5268400000 2
284.3000000000 0.5268600000 2
284.4000000000 0.5268800000 2
284.5000000000 0.5269000000 2
284.6000000000 0.5269200000 2
284.7000000000 0.5269400000 2
284.8000000000 0.5269600000 2
284.9000000000 0.5269800000 2
285.0000000000 0.5270000000 2
285.1000000000 0.5270200000 2
285.2000000000 0.5270400000 2
285.3000000000 0.5270600000 2
285.4000000000 0.5270800000 2
285.5000000000 0.5271000000 2
285.6000000000 0.5271200000 2
285.7000000000 0.5271400000 2
285.8000000000 0.5271600000 2
285.9000000000 0.5271800000 2
286.0000000000 0.5272000000 2
286.1000000000 0.5272200000 2
286.2000000000 0.5272400000 2
286.3000000000 0.5272600000 2
286.4000000000 0.5272800000 2
286.5000000000 0.5273000000 2
286.6000000000 0.5273200000 2
286.7000000000 0.5273400000 2
286.8000000000 0.5273600000 2
286.9000000000 0.5273800000 2
287.0000000000 0.5274000000 2
287.1000000000 0.5274200000 2
287.2000000000 0.5274400000 2
287.3000000000 0.5274600000 2
287.4000000000 0.5274800000 2
287.5000000000 0.5275000000 2
287.6000000000 0.5275200000 2
287.7000000000 0.5275400000 2
287.8000000000 0.5275600000 2
287.9000000000 0.5275800000 2
288.0000000000 0.5276000000 2
288.1000000000 0.5276200000 2
288.2000000000 0.5276400000 2
288.3000000000 0.5276600000 2
288.4000000000 0.5276800000 2
288.5000000000 0.5277000000 2
288.6000000000 0.5277200000 2
288.7000000000 0.5277400000 2
288.8000000000 0.5277600000 2
288.9000000000 0.5277800000 2
289.0000000000 0.5278000000 2
289.1000000000 0.5278200000 2
289.2000000000 0.5278400000 2
289.3000000000 0.5278600000 2
289.4000000000 0.5278800000 2
289.5000000000 0.5279000000 2
289.6000000000 0.5279200000 2
289.7000000000 0.5279400000 2
289.8000000000 0.5279600000 2
289.9000000000 0.5279800000 2
290.0000000000 0.5280000000 2
290.1000000000 0.5280200000 2
290.2000000000 0.5280400000 2
290.3000000000 0.5280600000 2
290.4000000000 0.5280800000 2
290.5000000000 0.5281000000 2
290.6000000000 0.5281200000 2
290.7000000000 0.5281400000 2
290.8000000000 0.5281600000 2
290.9000000000 0.5281800000 2
291.0000000000 0.5282000000 2
291.1000000000 0.5282200000 2
291.2000000000 0.5282400000 2
291.3000000000 0.5282600000 2
291.4000000000 0.5282800000 2
291.5000000000 0.5283000000 2
291.6000000000 0.5283200000 2
291.7000000000 0.5283400000 2
291.8000000000 0.5283600000 2
291.9000000000 0.5283800000 2
292.0000000000 0.5284000000 2
292.1000000000 0.5284200000 2
292.2000000000 0.5284400000 2
292.3000000000 0.5284600000 2
292.4000000000 0.5284800000 2
292.5000000000 0.5285000000 2
292.6000000000 0.5285200000 2
292.7000000000 0.5285400000 2
292.8000000000 0.5285600000 2
292.9000000000 0.5285800000 2
293.0000000000 0.5286000000 2
293.1000000000 0.5286200000 2
293.2000000000 0.5286400000 2
293.3000000000 0.5286600000 2
293.4000000000 0.5286800000 2
293.5000000000 0.5287000000 2
293.6000000000 0.5287200000 2
293.7000000000 0.5287400000 2
293.8000000000 0.5287600000 2
293.9000000000 0.5287800000 2
294.0000000000 0.5288000000 2
294.1000000000 0.5288200000 2
294.2000000000 0.5288400000 2
294.3000000000 0.5288600000 2
294.4000000000 0.5288800000 2
294.5000000000 0.5289000000 2
294.6000000000 0.5289200000 2
294.7000000000 0.5289400000 2
294.8000000000 0.5289600000 2
294.9000000000 0.5289800000 2
295.0000000000 0.5290000000 2
295.1000000000 0.5290200000 2
295.2000000000 0.5290400000 2
295.3000000000 0.5290600000 2
295.4000000000 0.5290800000 2
295.5000000000 0.5291000000 2
295.6000000000 0.5291200000 2
295.7000000000 0.5291400000 2
295.8000000000 0.5291600000 2
295.9000000000 0.5291800000 2
296.0000000000 0.5292000000 2
296.1000000000 0.5292200000 2
296.2000000000 0.5292400000 2
296.3000000000 0.5292600000 2
296.4000000000 0.5292800000 2
296.5000000000 0.5293000000 2
296.6000000000 0.5293200000 2
296.7000000000 0.5293400000 2
296.8000000000 0.5293600000 2
296.9000000000 0.5293800000 2
297.0000000000 0.5294000000 2
297.1000000000 0.5294200000 2
297.2000000000 0.5294400000 2
297.3000000000 0.5294600000 2
297.4000000000 0.5294800000 2
297.5000000000 0.5295000000 2
297.6000000000 0.5295200000 2
297.7000000000 0.5295400000 2
297.8000000000 0.5295600000 2
297.9000000000 0.5295800000 2
298.0000000000 0.5296000000 2
298.1000000000 0.5296200000 2
298.2000000000 0.5296400000 2
298.3000000000 0.5296600000 2
298.4000000000 0.5296800000 2
298.5000000000 0.5297000000 2
298.6000000000 0.5297200000 2
298.7000000000 0.5297400000 2
298.8000000000 0.5297600000 2
298.9000000000 0.5297800000 2
299.0000000000 0.5298000000 2
299.1000000000 0.5298200000 2
299.2000000000 0.5298400000 2
299.3000000000 0.5298600000 2
299.4000000000 0.5298800000 2
299.5000000000 0.5299000000 2
299.6000000000 0.5299200000 2
299.7000000000 0.5299400000 2
299.8000000000 0.5299600000 2
299.9000000000 0.5299800000 2
300.0000000000 0.5300000000 2
