	1.530	1.540	1.550	1.560	1.570
0.0	0.0000000000	0.0000000000	0.0000000000	0.0000000000	0.0000000000
0.1	0.0000367875	0.0000413341	0.0000464185	0.0000521001	0.0000584442
0.2	0.0001471444	0.0001653294	0.0001856652	0.0002083895	0.0002337630
0.3	0.0003310547	0.0003719656	0.0004177143	0.0004688357	0.0005259154
0.4	0.0005884911	0.0006612084	0.0007425228	0.0008333844	0.0009348332
0.5	0.0009194159	0.0010330099	0.0011600304	0.0013019595	0.0014604208
0.6	0.0013237803	0.0014873089	0.0016701594	0.0018744636	0.0021025553
0.7	0.0018015249	0.0020240300	0.0022728153	0.0025507772	0.0028610866
0.8	0.0023525792	0.0026430846	0.0029678860	0.0033307594	0.0037358373
0.9	0.0029768623	0.0033443704	0.0037552426	0.0042142476	0.0047266030
1.0	0.0036742823	0.0041277713	0.0046347388	0.0052010578	0.0058331520
1.1	0.0044447366	0.0049931579	0.0056062114	0.0062909843	0.0070552257
1.2	0.0052881117	0.0059403871	0.0066694799	0.0074837999	0.0083925383
1.3	0.0062042836	0.0069693023	0.0078243470	0.0087792560	0.0098447773
1.4	0.0071931175	0.0080797333	0.0090705983	0.0101770828	0.0114116031
1.5	0.0082544678	0.0092714965	0.0104080022	0.0116769888	0.0130926494
1.6	0.0093881784	0.0105443950	0.0118363106	0.0132786616	0.0148875233
1.7	0.0105940825	0.0118982182	0.0133552582	0.0149817672	0.0167958051
1.8	0.0118720025	0.0133327423	0.0149645629	0.0167859509	0.0188170488
1.9	0.0132217505	0.0148477302	0.0166639260	0.0186908365	0.0209507818
2.0	0.0146431279	0.0164429314	0.0184530320	0.0206960271	0.0231965053
2.1	0.0161359255	0.0181180820	0.0203315486	0.0228011049	0.0255536944
2.2	0.0176999236	0.0198729052	0.0222991271	0.0250056311	0.0280217978
2.3	0.0193348920	0.0217071109	0.0243554021	0.0273091463	0.0306002388
2.4	0.0210405903	0.0236203957	0.0264999919	0.0297111704	0.0332884144
2.5	0.0228167674	0.0256124433	0.0287324982	0.0322112029	0.0360856963
2.6	0.0246631619	0.0276829243	0.0310525066	0.0348087228	0.0389914305
2.7	0.0265795021	0.0298314965	0.0334595862	0.0375031887	0.0420049377
2.8	0.0285655061	0.0320578047	0.0359532901	0.0402940391	0.0451255135
2.9	0.0306208816	0.0343614806	0.0385331553	0.0431806925	0.0483524283
3.0	0.0327453262	0.0367421434	0.0411987029	0.0461625471	0.0516849277
3.1	0.0349385272	0.0391993996	0.0439494378	0.0492389816	0.0551222327
3.2	0.0372001620	0.0417328428	0.0467848494	0.0524093549	0.0586635397
3.3	0.0395298977	0.0443420542	0.0497044111	0.0556730063	0.0623080209
3.4	0.0419273915	0.0470266024	0.0527075810	0.0590292555	0.0660548242
3.5	0.0443922906	0.0497860435	0.0557938013	0.0624774033	0.0699030738
3.6	0.0469242323	0.0526199213	0.0589624991	0.0660167309	0.0738518699
3.7	0.0495228440	0.0555277672	0.0622130860	0.0696465008	0.0779002896
3.8	0.0521877434	0.0585091005	0.0655449584	0.0733659565	0.0820473862
3.9	0.0549185383	0.0615634283	0.0689574978	0.0771743229	0.0862921904
4.0	0.0577148269	0.0646902455	0.0724500705	0.0810708063	0.0906337099
4.1	0.0605761976	0.0678890352	0.0760220280	0.0850545948	0.0950709296
4.2	0.0635022295	0.0711592685	0.0796727071	0.0891248580	0.0996028122
4.3	0.0664924920	0.0745004048	0.0834014299	0.0932807477	0.1042282984
4.4	0.0695465451	0.0779118915	0.0872075042	0.0975213979	0.1089463067
4.5	0.0726639393	0.0813931647	0.0910902232	0.1018459248	0.1137557342
4.6	0.0758442159	0.0849436488	0.0950488661	0.1062534272	0.1186554566
4.7	0.0790869070	0.0885627568	0.0990826978	0.1107429865	0.1236443285
4.8	0.0823915354	0.0922498903	0.1031909694	0.1153136671	0.1287211835
4.9	0.0857576148	0.0960044396	0.1073729179	0.1199645164	0.1338848348
5.0	0.0891846499	0.0998257841	0.1116277671	0.1246945653	0.1391340752
5.1	0.0926721365	0.1037132918	0.1159547267	0.1295028280	0.1444676777
5.2	0.0962195612	0.1076663202	0.1203529936	0.1343883025	0.1498843953
5.3	0.0998264022	0.1116842155	0.1248217509	0.1393499706	0.1553829618
5.4	0.1034921287	0.1157663134	0.1293601690	0.1443867982	0.1609620917
5.5	0.1072162013	0.1199119392	0.1339674052	0.1494977358	0.1666204807
5.6	0.1109980719	0.1241204073	0.1386426041	0.1546817182	0.1723568060
5.7	0.1148371841	0.1283910219	0.1433848976	0.1599376651	0.1781697267
5.8	0.1187329730	0.1327230769	0.1481934051	0.1652644810	0.1840578838
5.9	0.1226848652	0.1371158561	0.1530672339	0.1706610560	0.1900199007
6.0	0.1266922793	0.1415686333	0.1580054791	0.1761262654	0.1960543837
6.1	0.1307546256	0.1460806721	0.1630072237	0.1816589701	0.2021599222
6.2	0.1348713063	0.1506512267	0.1680715390	0.1872580172	0.2083350886
6.3	0.1390417156	0.1552795412	0.1731974847	0.1929222399	0.2145784395
6.4	0.1432652398	0.1599648506	0.1783841091	0.1986504577	0.2208885153
6.5	0.1475412576	0.1647063800	0.1836304491	0.2044414769	0.2272638408
6.6	0.1518691395	0.1695033457	0.1889355306	0.2102940906	0.2337029257
6.7	0.1562482489	0.1743549545	0.1942983687	0.2162070791	0.2402042646
6.8	0.1606779413	0.1792604042	0.1997179676	0.2221792101	0.2467663376
6.9	0.1651575649	0.1842188837	0.2051933210	0.2282092391	0.2533876108
7.0	0.1696864605	0.1892295734	0.2107234122	0.2342959094	0.2600665362
7.1	0.1742639617	0.1942916446	0.2163072146	0.2404379525	0.2668015524
7.2	0.1788893949	0.1994042606	0.2219436912	0.2466340885	0.2735910849
7.3	0.1835620795	0.2045665759	0.2276317956	0.2528830260	0.2804335466
7.4	0.1882813278	0.2097777371	0.2333704717	0.2591834628	0.2873273378
7.5	0.1930464456	0.2150368825	0.2391586539	0.2655340858	0.2942708468
7.6	0.1978567315	0.2203431426	0.2449952675	0.2719335716	0.3012624506
7.7	0.2027114777	0.2256956402	0.2508792287	0.2783805866	0.3083005145
7.8	0.2076099699	0.2310934903	0.2568094452	0.2848737871	0.3153833932
7.9	0.2125514872	0.2365358003	0.2627848158	0.2914118200	0.3225094311
8.0	0.2175353025	0.2420216705	0.2688042311	0.2979933228	0.3296769620
8.1	0.2225606825	0.2475501939	0.2748665733	0.3046169238	0.3368843106
8.2	0.2276268876	0.2531204564	0.2809707169	0.3112812427	0.3441297917
8.3	0.2327331724	0.2587315370	0.2871155285	0.3179848907	0.3514117117
8.4	0.2378787855	0.2643825081	0.2932998672	0.3247264707	0.3587283681
8.5	0.2430629697	0.2700724353	0.2995225847	0.3315045778	0.3660780505
8.6	0.2482849621	0.2758003778	0.3057825256	0.3383177994	0.3734590408
8.7	0.2535439943	0.2815653887	0.3120785276	0.3451647156	0.3808696133
8.8	0.2588392925	0.2873665147	0.3184094217	0.3520438996	0.3883080358
8.9	0.2641700775	0.2932027968	0.3247740323	0.3589539176	0.3957725692
9.0	0.2695355648	0.2990732699	0.3311711779	0.3658933297	0.4032614686
9.1	0.2749349649	0.3049769635	0.3375996706	0.3728606897	0.4107729832
9.2	0.2803674832	0.3109129015	0.3440583167	0.3798545456	0.4183053569
9.3	0.2858323205	0.3168801024	0.3505459171	0.3868734398	0.4258568290
9.4	0.2913286725	0.3228775797	0.3570612673	0.3939159097	0.4334256340
9.5	0.2968557305	0.3289043417	0.3636031574	0.4009804875	0.4410100025
9.6	0.3024126811	0.3349593921	0.3701703728	0.4080657010	0.4486081616
9.7	0.3079987067	0.3410417296	0.3767616942	0.4151700737	0.4562183348
9.8	0.3136129852	0.3471503488	0.3833758977	0.4222921249	0.4638387431
9.9	0.3192546906	0.3532842395	0.3900117552	0.4294303705	0.4714676051
10.0	0.3249229926	0.3594423876	0.3966680347	0.4365833229	0.4791031374
10.1	0.3306170571	0.3656237750	0.4033435003	0.4437494913	0.4867435548
10.2	0.3363360463	0.3718273797	0.4100369124	0.4509273823	0.4943870712
10.3	0.3420791187	0.3780521760	0.4167470283	0.4581155001	0.5020318999
10.4	0.3478454291	0.3842971346	0.4234726021	0.4653123466	0.5096762535
10.5	0.3536341290	0.3905612232	0.4302123850	0.4725164220	0.5173183451
10.6	0.3594443666	0.3968434059	0.4369651256	0.4797262250	0.5249563880
10.7	0.3652752869	0.4031426442	0.4437295702	0.4869402531	0.5325885967
10.8	0.3711260320	0.4094578965	0.4505044627	0.4941570029	0.5402131869
10.9	0.3769957409	0.4157881186	0.4572885453	0.5013749703	0.5478283763
11.0	0.3828835498	0.4221322641	0.4640805582	0.5085926512	0.5554323845
11.1	0.3887885924	0.4284892839	0.4708792405	0.5158085414	0.5630234338
11.2	0.3947099997	0.4348581271	0.4776833297	0.5230211370	0.5705997498
11.3	0.4006469005	0.4412377405	0.4844915625	0.5302289351	0.5781595612
11.4	0.4065984210	0.4476270695	0.4913026749	0.5374304334	0.5857011008
11.5	0.4125636856	0.4540250576	0.4981154021	0.5446241312	0.5932226054
11.6	0.4185418164	0.4604306471	0.5049284792	0.5518085294	0.6007223168
11.7	0.4245319337	0.4668427788	0.5117406412	0.5589821306	0.6081984816
11.8	0.4305331562	0.4732603926	0.5185506233	0.5661434399	0.6156493522
11.9	0.4365446007	0.4796824274	0.5253571611	0.5732909649	0.6230731866
12.0	0.4425653827	0.4861078214	0.5321589907	0.5804232160	0.6304682494
12.1	0.4485946161	0.4925355123	0.5389548492	0.5875387069	0.6378328118
12.2	0.4546314139	0.4989644374	0.5457434748	0.5946359547	0.6451651521
12.3	0.4606748876	0.5053935337	0.5525236070	0.6017134804	0.6524635562
12.4	0.4667241480	0.5118217383	0.5592939870	0.6087698089	0.6597263179
12.5	0.4727783050	0.5182479883	0.5660533576	0.6158034697	0.6669517393
12.6	0.4788364676	0.5246712212	0.5728004639	0.6228129971	0.6741381312
12.7	0.4848977444	0.5310903751	0.5795340530	0.6297969302	0.6812838138
12.8	0.4909612435	0.5375043886	0.5862528748	0.6367538135	0.6883871164
12.9	0.4970260727	0.5439122013	0.5929556816	0.6436821973	0.6954463786
13.0	0.5030913395	0.5503127537	0.5996412290	0.6505806377	0.7024599499
13.1	0.5091561514	0.5567049876	0.6063082756	0.6574476970	0.7094261908
13.2	0.5152196160	0.5630878460	0.6129555836	0.6642819442	0.7163434728
13.3	0.5212808410	0.5694602738	0.6195819187	0.6710819549	0.7232101788
13.4	0.5273389345	0.5758212173	0.6261860505	0.6778463121	0.7300247034
13.5	0.5333930051	0.5821696248	0.6327667530	0.6845736061	0.7367854536
13.6	0.5394421620	0.5885044467	0.6393228041	0.6912624348	0.7434908490
13.7	0.5454855149	0.5948246355	0.6458529866	0.6979114044	0.7501393218
13.8	0.5515221747	0.6011291465	0.6523560880	0.7045191292	0.7567293180
13.9	0.5575512529	0.6074169371	0.6588309009	0.7110842321	0.7632592968
14.0	0.5635718625	0.6136869678	0.6652762230	0.7176053450	0.7697277317
14.1	0.5695831176	0.6199382019	0.6716908577	0.7240811088	0.7761331107
14.2	0.5755841334	0.6261696059	0.6780736139	0.7305101741	0.7824739361
14.3	0.5815740271	0.6323801494	0.6844233065	0.7368912009	0.7887487258
14.4	0.5875519172	0.6385688058	0.6907387566	0.7432228595	0.7949560127
14.5	0.5935169240	0.6447345517	0.6970187914	0.7495038304	0.8010943458
14.6	0.5994681698	0.6508763677	0.7032622450	0.7557328046	0.8071622902
14.7	0.6054047789	0.6569932384	0.7094679581	0.7619084840	0.8131584271
14.8	0.6113258777	0.6630841524	0.7156347785	0.7680295816	0.8190813549
14.9	0.6172305949	0.6691481027	0.7217615612	0.7740948217	0.8249296890
15.0	0.6231180617	0.6751840866	0.7278471686	0.7801029403	0.8307020621
15.1	0.6289874116	0.6811911063	0.7338904707	0.7860526854	0.8363971248
15.2	0.6348377811	0.6871681685	0.7398903455	0.7919428170	0.8420135458
15.3	0.6406683092	0.6931142851	0.7458456790	0.7977721076	0.8475500119
15.4	0.6464781380	0.6990284728	0.7517553653	0.8035393424	0.8530052290
15.5	0.6522664125	0.7049097540	0.7576183073	0.8092433195	0.8583779217
15.6	0.6580322811	0.7107571561	0.7634334163	0.8148828501	0.8636668340
15.7	0.6637748953	0.7165697124	0.7691996126	0.8204567590	0.8688707296
15.8	0.6694934100	0.7223464619	0.7749158256	0.8259638847	0.8739883918
15.9	0.6751869837	0.7280864495	0.7805809939	0.8314030793	0.8790186242
16.0	0.6808547788	0.7337887261	0.7861940657	0.8367732094	0.8839602510
16.1	0.6864959610	0.7394523489	0.7917539987	0.8420731559	0.8888121168
16.2	0.6921097005	0.7450763816	0.7972597607	0.8473018141	0.8935730874
16.3	0.6976951710	0.7506598943	0.8027103294	0.8524580946	0.8982420499
16.4	0.7032515507	0.7562019638	0.8081046926	0.8575409226	0.9028179127
16.5	0.7087780219	0.7617016739	0.8134418489	0.8625492390	0.9072996060
16.6	0.7142737715	0.7671581151	0.8187208072	0.8674820000	0.9116860823
16.7	0.7197379908	0.7725703855	0.8239405875	0.8723381776	0.9159763159
16.8	0.7251698756	0.7779375901	0.8291002204	0.8771167597	0.9201693041
16.9	0.7305686268	0.7832588415	0.8341987481	0.8818167506	0.9242640664
17.0	0.7359334498	0.7885332599	0.8392352238	0.8864371708	0.9282596458
17.1	0.7412635552	0.7937599734	0.8442087125	0.8909770573	0.9321551080
17.2	0.7465581587	0.7989381177	0.8491182905	0.8954354640	0.9359495425
17.3	0.7518164812	0.8040668366	0.8539630465	0.8998114619	0.9396420622
17.4	0.7570377490	0.8091452823	0.8587420808	0.9041041388	0.9432318039
17.5	0.7622211937	0.8141726151	0.8634545061	0.9083126003	0.9467179283
17.6	0.7673660526	0.8191480037	0.8680994474	0.9124359694	0.9500996205
17.7	0.7724715687	0.8240706256	0.8726760423	0.9164733866	0.9533760900
17.8	0.7775369905	0.8289396669	0.8771834410	0.9204240106	0.9565465707
17.9	0.7825615729	0.8337543225	0.8816208067	0.9242870181	0.9596103215
18.0	0.7875445763	0.8385137965	0.8859873153	0.9280616040	0.9625666262
18.1	0.7924852677	0.8432173018	0.8902821562	0.9317469817	0.9654147936
18.2	0.7973829198	0.8478640609	0.8945045320	0.9353423831	0.9681541579
18.3	0.8022368121	0.8524533054	0.8986536586	0.9388470591	0.9707840787
18.4	0.8070462303	0.8569842767	0.9027287656	0.9422602791	0.9733039412
18.5	0.8118104667	0.8614562254	0.9067290965	0.9455813320	0.9757131563
18.6	0.8165288203	0.8658684124	0.9106539084	0.9488095255	0.9780111608
18.7	0.8212005966	0.8702201080	0.9145024727	0.9519441870	0.9801974174
18.8	0.8258251084	0.8745105929	0.9182740747	0.9549846631	0.9822714152
18.9	0.8304016750	0.8787391575	0.9219680142	0.9579303203	0.9842326691
19.0	0.8349296231	0.8829051029	0.9255836053	0.9607805446	0.9860807208
19.1	0.8394082863	0.8870077401	0.9291201766	0.9635347420	0.9878151382
19.2	0.8438370057	0.8910463909	0.9325770716	0.9661923387	0.9894355158
19.3	0.8482151295	0.8950203876	0.9359536483	0.9687527807	0.9909414748
19.4	0.8525420135	0.8989290731	0.9392492799	0.9712155344	0.9923326632
19.5	0.8568170210	0.9027718012	0.9424633544	0.9735800866	0.9936087557
19.6	0.8610395229	0.9065479365	0.9455952750	0.9758459446	0.9947694540
19.7	0.8652088979	0.9102568546	0.9486444603	0.9780126361	0.9958144868
19.8	0.8693245325	0.9138979425	0.9516103441	0.9800797096	0.9967436098
19.9	0.8733858210	0.9174705979	0.9544923756	0.9820467343	0.9975566057
20.0	0.8773921659	0.9209742304	0.9572900198	0.9839133002	0.9982532845
20.1	0.8813429775	0.9244082606	0.9600027573	0.9856790185	0.9988334834
20.2	0.8852376746	0.9277721207	0.9626300842	0.9873435211	0.9992970666
20.3	0.8890756841	0.9310652545	0.9651715129	0.9889064611	0.9996439259
20.4	0.8928564411	0.9342871176	0.9676265715	0.9903675128	0.9998739801
20.5	0.8965793893	0.9374371774	0.9699948040	0.9917263717	0.9999871755
20.6	0.9002439810	0.9405149129	0.9722757708	0.9929827547	0.9999834855
20.7	0.9038496768	0.9435198153	0.9744690484	0.9941363998	0.9998629111
20.8	0.9073959462	0.9464513878	0.9765742295	0.9951870668	0.9996254805
20.9	0.9108822673	0.9493091457	0.9785909232	0.9961345366	0.9992712491
21.0	0.9143081272	0.9520926165	0.9805187552	0.9969786118	0.9988002997
21.1	0.9176730217	0.9548013400	0.9823573674	0.9977191164	0.9982127425
21.2	0.9209764557	0.9574348684	0.9841064185	0.9983558962	0.9975087148
21.3	0.9242179430	0.9599927662	0.9857655837	0.9988888184	0.9966883812
21.4	0.9273970068	0.9624746105	0.9873345549	0.9993177720	0.9957519335
21.5	0.9305131791	0.9648799910	0.9888130409	0.9996426677	0.9946995905
21.6	0.9335660015	0.9672085099	0.9902007672	0.9998634375	0.9935315984
21.7	0.9365550247	0.9694597824	0.9914974760	0.9999800357	0.9922482301
21.8	0.9394798090	0.9716334362	0.9927029265	0.9999924378	0.9908497857
21.9	0.9423399238	0.9737291118	0.9938168951	0.9999006413	0.9893365921
22.0	0.9451349484	0.9757464628	0.9948391748	0.9997046654	0.9877090030
22.1	0.9478644714	0.9776851557	0.9957695758	0.9994045508	0.9859673990
22.2	0.9505280913	0.9795448699	0.9966079255	0.9990003601	0.9841121871
22.3	0.9531254160	0.9813252980	0.9973540680	0.9984921775	0.9821438012
22.4	0.9556560634	0.9830261456	0.9980078649	0.9978801090	0.9800627013
22.5	0.9581196610	0.9846471314	0.9985691948	0.9971642821	0.9778693740
22.6	0.9605158465	0.9861879874	0.9990379535	0.9963448459	0.9755643319
22.7	0.9628442670	0.9876484590	0.9994140539	0.9954219713	0.9731481141
22.8	0.9651045802	0.9890283046	0.9996974261	0.9943958506	0.9706212853
22.9	0.9672964532	0.9903272961	0.9998880177	0.9932666976	0.9679844362
23.0	0.9694195637	0.9915452187	0.9999857932	0.9920347476	0.9652381834
23.1	0.9714735991	0.9926818710	0.9999907344	0.9907002574	0.9623831687
23.2	0.9734582573	0.9937370652	0.9999028404	0.9892635051	0.9594200596
23.3	0.9753732461	0.9947106268	0.9997221275	0.9877247901	0.9563495489
23.4	0.9772182839	0.9956023947	0.9994486294	0.9860844331	0.9531723543
23.5	0.9789930990	0.9964122216	0.9990823967	0.9843427759	0.9498892186
23.6	0.9806974304	0.9971399736	0.9986234975	0.9825001814	0.9465009094
23.7	0.9823310273	0.9977855303	0.9980720170	0.9805570338	0.9430082186
23.8	0.9838936492	0.9983487850	0.9974280575	0.9785137379	0.9394119629
23.9	0.9853850662	0.9988296445	0.9966917387	0.9763707195	0.9357129830
24.0	0.9868050589	0.9992280295	0.9958631973	0.9741284253	0.9319121436
24.1	0.9881534183	0.9995438740	0.9949425870	0.9717873225	0.9280103332
24.2	0.9894299460	0.9997771257	0.9939300789	0.9693478992	0.9240084639
24.3	0.9906344542	0.9999277462	0.9928258609	0.9668106635	0.9199074715
24.4	0.9917667656	0.9999957104	0.9916301381	0.9641761443	0.9157083144
24.5	0.9928267135	0.9999810073	0.9903431324	0.9614448906	0.9114119745
24.6	0.9938141421	0.9998836392	0.9889650828	0.9586174716	0.9070194561
24.7	0.9947289061	0.9997036222	0.9874962453	0.9556944766	0.9025317861
24.8	0.9955708707	0.9994409860	0.9859368924	0.9526765147	0.8979500135
24.9	0.9963399122	0.9990957742	0.9842873138	0.9495642148	0.8932752095
25.0	0.9970359173	0.9986680437	0.9825478158	0.9463582256	0.8885084670
25.1	0.9976587836	0.9981578653	0.9807187212	0.9430592151	0.8836509003
25.2	0.9982084196	0.9975653234	0.9788003698	0.9396678710	0.8787036450
25.3	0.9986847442	0.9968905159	0.9767931177	0.9361848999	0.8736678576
25.4	0.9990876875	0.9961335543	0.9746973376	0.9326110277	0.8685447154
25.5	0.9994171901	0.9952945639	0.9725134187	0.9289469992	0.8633354161
25.6	0.9996732035	0.9943736833	0.9702417664	0.9251935780	0.8580411775
25.7	0.9998556901	0.9933710649	0.9678828025	0.9213515462	0.8526632371
25.8	0.9999646230	0.9922868743	0.9654369650	0.9174217047	0.8472028524
25.9	0.9999999862	0.9911212909	0.9629047081	0.9134048723	0.8416612998
26.0	0.9999617745	0.9898745073	0.9602865019	0.9093018862	0.8360398747
26.1	0.9998499934	0.9885467297	0.9575828326	0.9051136014	0.8303398914
26.2	0.9996646596	0.9871381775	0.9547942021	0.9008408908	0.8245626824
26.3	0.9994058001	0.9856490838	0.9519211283	0.8964846448	0.8187095981
26.4	0.9990734532	0.9840796947	0.9489641445	0.8920457713	0.8127820070
26.5	0.9986676676	0.9824302697	0.9459237999	0.8875251952	0.8067812948
26.6	0.9981885032	0.9807010814	0.9428006589	0.8829238588	0.8007088644
26.7	0.9976360305	0.9788924159	0.9395953014	0.8782427209	0.7945661352
26.8	0.9970103306	0.9770045720	0.9363083226	0.8734827571	0.7883545433
26.9	0.9963114958	0.9750378620	0.9329403328	0.8686449593	0.7820755409
27.0	0.9955396288	0.9729926110	0.9294919572	0.8637303358	0.7757305958
27.1	0.9946948433	0.9708691572	0.9259638363	0.8587399107	0.7693211913
27.2	0.9937772634	0.9686678517	0.9223566251	0.8536747241	0.7628488259
27.3	0.9927870243	0.9663890583	0.9186709933	0.8485358316	0.7563150125
27.4	0.9917242717	0.9640331540	0.9149076252	0.8433243040	0.7497212787
27.5	0.9905891620	0.9616005281	0.9110672197	0.8380412276	0.7430691659
27.6	0.9893818621	0.9590915829	0.9071504898	0.8326877032	0.7363602292
27.7	0.9881025497	0.9565067333	0.9031581627	0.8272648466	0.7295960370
27.8	0.9867514131	0.9538464065	0.8990909797	0.8217737879	0.7227781706
27.9	0.9853286512	0.9511110425	0.8949496959	0.8162156713	0.7159082239
28.0	0.9838344732	0.9483010934	0.8907350804	0.8105916554	0.7089878029
28.1	0.9822690990	0.9454170240	0.8864479156	0.8049029120	0.7020185255
28.2	0.9806327590	0.9424593109	0.8820889975	0.7991506267	0.6950020208
28.3	0.9789256940	0.9394284433	0.8776591355	0.7933359983	0.6879399292
28.4	0.9771481551	0.9363249222	0.8731591521	0.7874602386	0.6808339017
28.5	0.9753004039	0.9331492608	0.8685898828	0.7815245721	0.6736855994
28.6	0.9733827124	0.9299019841	0.8639521760	0.7755302357	0.6664966935
28.7	0.9713953627	0.9265836291	0.8592468929	0.7694784788	0.6592688646
28.8	0.9693386472	0.9231947443	0.8544749070	0.7633705624	0.6520038023
28.9	0.9672128686	0.9197358900	0.8496371044	0.7572077595	0.6447032051
29.0	0.9650183397	0.9162076382	0.8447343834	0.7509913544	0.6373687796
29.1	0.9627553834	0.9126105722	0.8397676542	0.7447226426	0.6300022406
29.2	0.9604243328	0.9089452867	0.8347378390	0.7384029305	0.6226053100
29.3	0.9580255307	0.9052123877	0.8296458719	0.7320335352	0.6151797172
29.4	0.9555593303	0.9014124924	0.8244926981	0.7256157840	0.6077271981
29.5	0.9530260944	0.8975462291	0.8192792745	0.7191510143	0.6002494949
29.6	0.9504261958	0.8936142370	0.8140065691	0.7126405735	0.5927483557
29.7	0.9477600170	0.8896171662	0.8086755610	0.7060858184	0.5852255341
29.8	0.9450279504	0.8855556775	0.8032872399	0.6994881149	0.5776827888
29.9	0.9422303981	0.8814304425	0.7978426062	0.6928488379	0.5701218830
30.0	0.9393677715	0.8772421432	0.7923426710	0.6861693712	0.5625445844
30.1	0.9364404921	0.8729914721	0.7867884555	0.6794511068	0.5549526643
30.2	0.9334489906	0.8686791320	0.7811809908	0.6726954447	0.5473478976
30.3	0.9303937070	0.8643058358	0.7755213182	0.6659037927	0.5397320621
30.4	0.9272750912	0.8598723067	0.7698104885	0.6590775664	0.5321069381
30.5	0.9240936018	0.8553792777	0.7640495621	0.6522181882	0.5244743082
30.6	0.9208497071	0.8508274916	0.7582396085	0.6453270877	0.5168359569
30.7	0.9175438845	0.8462177009	0.7523817067	0.6384057010	0.5091936697
30.8	0.9141766204	0.8415506680	0.7464769442	0.6314554705	0.5015492332
30.9	0.9107484102	0.8368271643	0.7405264173	0.6244778446	0.4939044346
31.0	0.9072597584	0.8320479709	0.7345312310	0.6174742775	0.4862610609
31.1	0.9037111785	0.8272138779	0.7284924984	0.6104462287	0.4786208991
31.2	0.9001031925	0.8223256846	0.7224113408	0.6033951628	0.4709857353
31.3	0.8964363314	0.8173841992	0.7162888872	0.5963225494	0.4633573542
31.4	0.8927111347	0.8123902386	0.7101262743	0.5892298623	0.4557375394
31.5	0.8889281507	0.8073446287	0.7039246466	0.5821185797	0.4481280721
31.6	0.8850879359	0.8022482035	0.6976851554	0.5749901836	0.4405307313
31.7	0.8811910555	0.7971018057	0.6914089592	0.5678461594	0.4329472930
31.8	0.8772380829	0.7919062863	0.6850972234	0.5606879961	0.4253795300
31.9	0.8732295998	0.7866625041	0.6787511199	0.5535171854	0.4178292116
32.0	0.8691661960	0.7813713262	0.6723718270	0.5463352217	0.4102981027
32.1	0.8650484694	0.7760336275	0.6659605292	0.5391436017	0.4027879641
32.2	0.8608770261	0.7706502904	0.6595184169	0.5319438242	0.3953005514
32.3	0.8566524797	0.7652222049	0.6530466861	0.5247373895	0.3878376149
32.4	0.8523754520	0.7597502687	0.6465465386	0.5175257996	0.3804008994
32.5	0.8480465722	0.7542353863	0.6400191813	0.5103105573	0.3729921434
32.6	0.8436664775	0.7486784695	0.6334658260	0.5030931663	0.3656130788
32.7	0.8392358123	0.7430804372	0.6268876896	0.4958751307	0.3582654308
32.8	0.8347552286	0.7374422149	0.6202859936	0.4886579546	0.3509509170
32.9	0.8302253857	0.7317647348	0.6136619635	0.4814431423	0.3436712473
33.0	0.8256469502	0.7260489356	0.6070168295	0.4742321972	0.3364281237
33.1	0.8210205958	0.7202957623	0.6003518252	0.4670266222	0.3292232394
33.2	0.8163470033	0.7145061661	0.5936681881	0.4598279188	0.3220582787
33.3	0.8116268604	0.7086811042	0.5869671594	0.4526375873	0.3149349166
33.4	0.8068608616	0.7028215398	0.5802499831	0.4454571261	0.3078548183
33.5	0.8020497083	0.6969284417	0.5735179066	0.4382880317	0.3008196392
33.6	0.7971941084	0.6910027841	0.5667721796	0.4311317981	0.2938310237
33.7	0.7922947765	0.6850455469	0.5600140549	0.4239899166	0.2868906057
33.8	0.7873524334	0.6790577149	0.5532447871	0.4168638757	0.2800000078
33.9	0.7823678065	0.6730402782	0.5464656331	0.4097551604	0.2731608406
34.0	0.7773416291	0.6669942317	0.5396778517	0.4026652521	0.2663747032
34.1	0.7722746410	0.6609205749	0.5328827031	0.3955956284	0.2596431819
34.2	0.7671675878	0.6548203122	0.5260814491	0.3885477627	0.2529678504
34.3	0.7620212208	0.6486944520	0.5192753524	0.3815231236	0.2463502692
34.4	0.7568362975	0.6425440073	0.5124656768	0.3745231752	0.2397919855
34.5	0.7516135807	0.6363699948	0.5056536867	0.3675493761	0.2332945322
34.6	0.7463538391	0.6301734355	0.4988406468	0.3606031799	0.2268594285
34.7	0.7410578465	0.6239553537	0.4920278222	0.3536860340	0.2204881786
34.8	0.7357263823	0.6177167777	0.4852164778	0.3467993799	0.2141822721
34.9	0.7303602310	0.6114587388	0.4784078783	0.3399446530	0.2079431831
35.0	0.7249601822	0.6051822717	0.4716032880	0.3331232816	0.2017723701
35.1	0.7195270306	0.5988884142	0.4648039701	0.3263366874	0.1956712758
35.2	0.7140615756	0.5925782069	0.4580111872	0.3195862847	0.1896413264
35.3	0.7085646215	0.5862526930	0.4512262006	0.3128734803	0.1836839317
35.4	0.7030369771	0.5799129184	0.4444502699	0.3061996731	0.1778004842
35.5	0.6974794559	0.5735599313	0.4376846534	0.2995662540	0.1719923594
35.6	0.6918928755	0.5671947821	0.4309306072	0.2929746053	0.1662609152
35.7	0.6862780582	0.5608185232	0.4241893854	0.2864261008	0.1606074913
35.8	0.6806358301	0.5544322087	0.4174622396	0.2799221052	0.1550334095
35.9	0.6749670215	0.5480368947	0.4107504190	0.2734639740	0.1495399728
36.0	0.6692724665	0.5416336383	0.4040551696	0.2670530529	0.1441284654
36.1	0.6635530030	0.5352234985	0.3973777347	0.2606906780	0.1388001525
36.2	0.6578094728	0.5288075349	0.3907193541	0.2543781753	0.1335562797
36.3	0.6520427209	0.5223868084	0.3840812640	0.2481168603	0.1283980729
36.4	0.6462535960	0.5159623805	0.3774646969	0.2419080378	0.1233267379
36.5	0.6404429499	0.5095353135	0.3708708815	0.2357530018	0.1183434603
36.6	0.6346116376	0.5031066700	0.3643010420	0.2296530349	0.1134494051
36.7	0.6287605172	0.4966775128	0.3577563982	0.2236094085	0.1086457163
36.8	0.6228904498	0.4902489049	0.3512381653	0.2176233820	0.1039335171
36.9	0.6170022990	0.4838219092	0.3447475536	0.2116962028	0.0993139089
37.0	0.6110969313	0.4773975884	0.3382857682	0.2058291063	0.0947879718
37.1	0.6051752158	0.4709770046	0.3318540089	0.2000233151	0.0903567637
37.2	0.5992380238	0.4645612193	0.3254534699	0.1942800391	0.0860213207
37.3	0.5932862288	0.4581512933	0.3190853396	0.1886004754	0.0817826562
37.4	0.5873207069	0.4517482864	0.3127508005	0.1829858073	0.0776417612
37.5	0.5813423357	0.4453532573	0.3064510286	0.1774372052	0.0735996036
37.6	0.5753519950	0.4389672633	0.3001871937	0.1719558253	0.0696571284
37.7	0.5693505662	0.4325913602	0.2939604587	0.1665428099	0.0658152574
37.8	0.5633389326	0.4262266022	0.2877719800	0.1611992871	0.0620748886
37.9	0.5573179786	0.4198740416	0.2816229064	0.1559263705	0.0584368965
38.0	0.5512885903	0.4135347288	0.2755143797	0.1507251590	0.0549021315
38.1	0.5452516548	0.4072097118	0.2694475341	0.1455967365	0.0514714199
38.2	0.5392080607	0.4009000364	0.2634234961	0.1405421717	0.0481455639
38.3	0.5331586970	0.3946067458	0.2574433841	0.1355625181	0.0449253409
38.4	0.5271044540	0.3883308805	0.2515083085	0.1306588134	0.0418115036
38.5	0.5210462227	0.3820734782	0.2456193714	0.1258320796	0.0388047802
38.6	0.5149848944	0.3758355734	0.2397776660	0.1210833225	0.0359058734
38.7	0.5089213610	0.3696181975	0.2339842771	0.1164135317	0.0331154609
38.8	0.5028565149	0.3634223784	0.2282402804	0.1118236806	0.0304341951
38.9	0.4967912484	0.3572491406	0.2225467423	0.1073147255	0.0278627029
39.0	0.4907264542	0.3510995047	0.2169047200	0.1028876062	0.0254015853
39.1	0.4846630245	0.3449744874	0.2113152611	0.0985432452	0.0230514177
39.2	0.4786018516	0.3388751014	0.2057794034	0.0942825480	0.0208127495
39.3	0.4725438275	0.3328023553	0.2002981748	0.0901064025	0.0186861041
39.4	0.4664898435	0.3267572529	0.1948725929	0.0860156789	0.0166719787
39.5	0.4604407906	0.3207407939	0.1895036652	0.0820112298	0.0147708440
39.6	0.4543975588	0.3147539729	0.1841923885	0.0780938898	0.0129831446
39.7	0.4483610374	0.3087977798	0.1789397491	0.0742644751	0.0113092983
39.8	0.4423321147	0.3028731994	0.1737467221	0.0705237839	0.0097496965
39.9	0.4363116777	0.2969812112	0.1686142718	0.0668725957	0.0083047037
40.0	0.4303006125	0.2911227893	0.1635433511	0.0633116714	0.0069746578
40.1	0.4242998036	0.2852989024	0.1585349016	0.0598417531	0.0057598697
40.2	0.4183101339	0.2795105134	0.1535898533	0.0564635640	0.0046606234
40.3	0.4123324849	0.2737585793	0.1487091242	0.0531778080	0.0036771759
40.4	0.4063677361	0.2680440511	0.1438936206	0.0499851699	0.0028097570
40.5	0.4004167654	0.2623678737	0.1391442367	0.0468863151	0.0020585695
40.6	0.3944804482	0.2567309854	0.1344618543	0.0438818893	0.0014237892
40.7	0.3885596583	0.2511343183	0.1298473426	0.0409725188	0.0009055643
40.8	0.3826552668	0.2455787978	0.1253015587	0.0381588097	0.0005040160
40.9	0.3767681425	0.2400653423	0.1208253464	0.0354413485	0.0002192382
41.0	0.3708991518	0.2345948634	0.1164195369	0.0328207015	0.0000512974
41.1	0.3650491583	0.2291682656	0.1120849483	0.0302974149	0.0000002330
41.2	0.3592190228	0.2237864462	0.1078223853	0.0278720144	0.0000660568
41.3	0.3534096031	0.2184502948	0.1036326394	0.0255450056	0.0002487535
41.4	0.3476217542	0.2131606938	0.0995164886	0.0233168734	0.0005482803
41.5	0.3418563278	0.2079185178	0.0954746971	0.0211880822	0.0009645673
41.6	0.3361141722	0.2027246334	0.0915080153	0.0191590755	0.0014975171
41.7	0.3303961323	0.1975798994	0.0876171797	0.0172302763	0.0021470051
41.8	0.3247030496	0.1924851664	0.0838029129	0.0154020864	0.0029128795
41.9	0.3190357619	0.1874412767	0.0800659230	0.0136748869	0.0037949612
42.0	0.3133951030	0.1824490644	0.0764069038	0.0120490378	0.0047930441
42.1	0.3077819030	0.1775093547	0.0728265347	0.0105248778	0.0059068948
42.2	0.3021969878	0.1726229645	0.0693254806	0.0091027247	0.0071362529
42.3	0.2966411794	0.1677907015	0.0659043914	0.0077828747	0.0084808310
42.4	0.2911152951	0.1630133648	0.0625639024	0.0065656029	0.0099403148
42.5	0.2856201482	0.1582917441	0.0593046339	0.0054511631	0.0115143631
42.6	0.2801565473	0.1536266203	0.0561271909	0.0044397874	0.0132026079
42.7	0.2747252963	0.1490187645	0.0530321635	0.0035316866	0.0150046546
42.8	0.2693271944	0.1444689386	0.0500201263	0.0027270501	0.0169200819
42.9	0.2639630360	0.1399778949	0.0470916386	0.0020260454	0.0189484419
43.0	0.2586336104	0.1355463760	0.0442472441	0.0014288186	0.0210892605
43.1	0.2533397019	0.1311751144	0.0414874709	0.0009354943	0.0233420373
43.2	0.2480820893	0.1268648329	0.0388128315	0.0005461752	0.0257062456
43.3	0.2428615465	0.1226162443	0.0362238225	0.0002609425	0.0281813326
43.4	0.2376788415	0.1184300508	0.0337209245	0.0000798556	0.0307667198
43.5	0.2325347370	0.1143069447	0.0313046024	0.0000029523	0.0334618028
43.6	0.2274299901	0.1102476076	0.0289753047	0.0000302485	0.0362659515
43.7	0.2223653517	0.1062527107	0.0267334640	0.0001617386	0.0391785104
43.8	0.2173415673	0.1023229146	0.0245794964	0.0003973951	0.0421987986
43.9	0.2123593760	0.0984588689	0.0225138020	0.0007371691	0.0453261100
44.0	0.2074195109	0.0946612124	0.0205367643	0.0011809896	0.0485597135
44.1	0.2025226991	0.0909305732	0.0186487503	0.0017287642	0.0518988532
44.2	0.1976696610	0.0872675680	0.0168501107	0.0023803786	0.0553427485
44.3	0.1928611107	0.0836728024	0.0151411793	0.0031356973	0.0588905942
44.4	0.1880977559	0.0801468708	0.0135222735	0.0039945626	0.0625415610
44.5	0.1833802974	0.0766903562	0.0119936939	0.0049567956	0.0662947954
44.6	0.1787094295	0.0733038300	0.0105557242	0.0060221958	0.0701494199
44.7	0.1740858395	0.0699878521	0.0092086315	0.0071905412	0.0741045334
44.8	0.1695102077	0.0667429708	0.0079526660	0.0084615883	0.0781592113
44.9	0.1649832073	0.0635697226	0.0067880607	0.0098350721	0.0823125057
45.0	0.1605055047	0.0604686322	0.0057150320	0.0113107065	0.0865634457
45.1	0.1560777586	0.0574402123	0.0047337790	0.0128881839	0.0909110375
45.2	0.1517006207	0.0544849635	0.0038444840	0.0145671757	0.0953542647
45.3	0.1473747349	0.0516033745	0.0030473121	0.0163473318	0.0998920887
45.4	0.1431007379	0.0487959217	0.0023424112	0.0182282813	0.1045234485
45.5	0.1388792585	0.0460630693	0.0017299124	0.0202096322	0.1092472615
45.6	0.1347109181	0.0434052692	0.0012099292	0.0222909716	0.1140624233
45.7	0.1305963298	0.0408229607	0.0007825583	0.0244718657	0.1189678083
45.8	0.1265360993	0.0383165709	0.0004478790	0.0267518601	0.1239622698
45.9	0.1225308239	0.0358865140	0.0002059534	0.0291304796	0.1290446400
46.0	0.1185810930	0.0335331919	0.0000568265	0.0316072284	0.1342137310
46.1	0.1146874879	0.0312569937	0.0000005260	0.0341815905	0.1394683342
46.2	0.1108505814	0.0290582958	0.0000370622	0.0368530294	0.1448072213
46.3	0.1070709382	0.0269374615	0.0001664285	0.0396209882	0.1502291442
46.4	0.1033491145	0.0248948417	0.0003886008	0.0424848902	0.1557328353
46.5	0.0996856579	0.0229307739	0.0007035378	0.0454441385	0.1613170080
46.6	0.0960811075	0.0210455830	0.0011111810	0.0484981164	0.1669803569
46.7	0.0925359937	0.0192395806	0.0016114549	0.0516461875	0.1727215580
46.8	0.0890508381	0.0175130654	0.0022042665	0.0548876956	0.1785392692
46.9	0.0856261537	0.0158663227	0.0028895056	0.0582219654	0.1844321303
47.0	0.0822624443	0.0142996249	0.0036670452	0.0616483019	0.1903987638
47.1	0.0789602049	0.0128132310	0.0045367408	0.0651659910	0.1964377749
47.2	0.0757199215	0.0114073867	0.0054984310	0.0687742997	0.2025477517
47.3	0.0725420708	0.0100823245	0.0065519371	0.0724724760	0.2087272659
47.4	0.0694271205	0.0088382634	0.0076970636	0.0762597491	0.2149748729
47.5	0.0663755289	0.0076754092	0.0089335979	0.0801353300	0.2212891121
47.6	0.0633877451	0.0065939541	0.0102613103	0.0840984107	0.2276685073
47.7	0.0604642087	0.0055940769	0.0116799544	0.0881481655	0.2341115673
47.8	0.0576053499	0.0046759429	0.0131892667	0.0922837504	0.2406167858
47.9	0.0548115895	0.0038397039	0.0147889670	0.0965043035	0.2471826420
48.0	0.0520833384	0.0030854983	0.0164787583	0.1008089453	0.2538076010
48.1	0.0494209982	0.0024134506	0.0182583269	0.1051967786	0.2604901140
48.2	0.0468249607	0.0018236720	0.0201273422	0.1096668891	0.2672286189
48.3	0.0442956078	0.0013162600	0.0220854573	0.1142183452	0.2740215402
48.4	0.0418333117	0.0008912985	0.0241323086	0.1188501982	0.2808672900
48.5	0.0394384348	0.0005488578	0.0262675161	0.1235614831	0.2877642680
48.6	0.0371113294	0.0002889945	0.0284906833	0.1283512179	0.2947108617
48.7	0.0348523381	0.0001117515	0.0308013974	0.1332184044	0.3017054471
48.8	0.0326617931	0.0000171582	0.0331992294	0.1381620283	0.3087463892
48.9	0.0305400169	0.0000052301	0.0356837341	0.1431810594	0.3158320420
49.0	0.0284873217	0.0000759693	0.0382544501	0.1482744517	0.3229607489
49.1	0.0265040095	0.0002293641	0.0409109002	0.1534411438	0.3301308434
49.2	0.0245903721	0.0004653891	0.0436525911	0.1586800588	0.3373406494
49.3	0.0227466912	0.0007840053	0.0464790138	0.1639901051	0.3445884813
49.4	0.0209732380	0.0011851600	0.0493896434	0.1693701759	0.3518726448
49.5	0.0192702736	0.0016687869	0.0523839396	0.1748191501	0.3591914370
49.6	0.0176380485	0.0022348059	0.0554613463	0.1803358922	0.3665431470
49.7	0.0160768028	0.0028831237	0.0586212922	0.1859192523	0.3739260560
49.8	0.0145867664	0.0036136328	0.0618631906	0.1915680670	0.3813384382
49.9	0.0131681585	0.0044262126	0.0651864395	0.1972811590	0.3887785607
50.0	0.0118211877	0.0053207288	0.0685904219	0.2030573378	0.3962446842
50.1	0.0105460525	0.0062970333	0.0720745058	0.2088953995	0.4037350632
50.2	0.0093429403	0.0073549649	0.0756380442	0.2147941275	0.4112479468
50.3	0.0082120282	0.0084943485	0.0792803755	0.2207522925	0.4187815784
50.4	0.0071534826	0.0097149959	0.0830008234	0.2267686529	0.4263341971
50.5	0.0061674594	0.0110167051	0.0867986971	0.2328419547	0.4339040371
50.6	0.0052541035	0.0123992610	0.0906732915	0.2389709324	0.4414893288
50.7	0.0044135494	0.0138624350	0.0946238872	0.2451543087	0.4490882989
50.8	0.0036459207	0.0154059851	0.0986497505	0.2513907949	0.4566991709
50.9	0.0029513305	0.0170296563	0.1027501341	0.2576790914	0.4643201657
51.0	0.0023298809	0.0187331799	0.1069242766	0.2640178876	0.4719495016
51.1	0.0017816634	0.0205162743	0.1111714030	0.2704058625	0.4795853951
51.2	0.0013067587	0.0223786449	0.1154907246	0.2768416850	0.4872260610
51.3	0.0009052366	0.0243199835	0.1198814395	0.2833240138	0.4948697132
51.4	0.0005771562	0.0263399693	0.1243427325	0.2898514979	0.5025145647
51.5	0.0003225658	0.0284382683	0.1288737752	0.2964227771	0.5101588283
51.6	0.0001415029	0.0306145335	0.1334737263	0.3030364818	0.5178007171
51.7	0.0000339941	0.0328684052	0.1381417317	0.3096912338	0.5254384444
51.8	0.0000000551	0.0351995106	0.1428769248	0.3163856462	0.5330702249
51.9	0.0000396911	0.0376074644	0.1476784262	0.3231183239	0.5406942743
52.0	0.0001528962	0.0400918685	0.1525453445	0.3298878638	0.5483088103
52.1	0.0003396537	0.0426523121	0.1574767761	0.3366928551	0.5559120529
52.2	0.0005999362	0.0452883718	0.1624718052	0.3435318797	0.5635022246
52.3	0.0009337053	0.0479996118	0.1675295045	0.3504035124	0.5710775509
52.4	0.0013409119	0.0507855839	0.1726489348	0.3573063210	0.5786362609
52.5	0.0018214962	0.0536458274	0.1778291457	0.3642388670	0.5861765876
52.6	0.0023753873	0.0565798695	0.1830691752	0.3711997057	0.5936967682
52.7	0.0030025038	0.0595872250	0.1883680505	0.3781873864	0.6011950448
52.8	0.0037027534	0.0626673966	0.1937247877	0.3852004529	0.6086696643
52.9	0.0044760331	0.0658198752	0.1991383922	0.3922374437	0.6161188793
53.0	0.0053222291	0.0690441396	0.2046078588	0.3992968922	0.6235409485
53.1	0.0062412168	0.0723396565	0.2101321719	0.4063773273	0.6309341367
53.2	0.0072328610	0.0757058812	0.2157103059	0.4134772734	0.6382967156
53.3	0.0082970159	0.0791422571	0.2213412251	0.4205952509	0.6456269639
53.4	0.0094335247	0.0826482161	0.2270238839	0.4277297763	0.6529231681
53.5	0.0106422204	0.0862231784	0.2327572272	0.4348793629	0.6601836224
53.6	0.0119229250	0.0898665531	0.2385401905	0.4420425206	0.6674066295
53.7	0.0132754500	0.0935777377	0.2443717001	0.4492177568	0.6745905008
53.8	0.0146995965	0.0973561186	0.2502506731	0.4564035759	0.6817335570
53.9	0.0161951549	0.1012010711	0.2561760180	0.4635984806	0.6888341281
54.0	0.0177619050	0.1051119596	0.2621466347	0.4708009713	0.6958905542
54.1	0.0193996165	0.1090881374	0.2681614144	0.4780095472	0.7029011857
54.2	0.0211080482	0.1131289471	0.2742192406	0.4852227058	0.7098643836
54.3	0.0228869488	0.1172337206	0.2803189883	0.4924389441	0.7167785201
54.4	0.0247360565	0.1214017792	0.2864595250	0.4996567581	0.7236419789
54.5	0.0266550992	0.1256324339	0.2926397106	0.5068746436	0.7304531554
54.6	0.0286437945	0.1299249850	0.2988583975	0.5140910964	0.7372104574
54.7	0.0307018499	0.1342787230	0.3051144312	0.5213046127	0.7439123051
54.8	0.0328289624	0.1386929280	0.3114066501	0.5285136890	0.7505571318
54.9	0.0350248190	0.1431668702	0.3177338857	0.5357168231	0.7571433841
55.0	0.0372890967	0.1476998098	0.3240949634	0.5429125138	0.7636695223
55.1	0.0396214622	0.1522909974	0.3304887021	0.5500992615	0.7701340208
55.2	0.0420215723	0.1569396739	0.3369139146	0.5572755685	0.7765353682
55.3	0.0444890739	0.1616450707	0.3433694079	0.5644399393	0.7828720681
55.4	0.0470236038	0.1664064098	0.3498539834	0.5715908807	0.7891426391
55.5	0.0496247892	0.1712229041	0.3563664371	0.5787269026	0.7953456154
55.6	0.0522922472	0.1760937571	0.3629055597	0.5858465178	0.8014795467
55.7	0.0550255853	0.1810181636	0.3694701372	0.5929482425	0.8075429992
55.8	0.0578244014	0.1859953094	0.3760589507	0.6000305968	0.8135345553
55.9	0.0606882835	0.1910243715	0.3826707768	0.6070921046	0.8194528144
56.0	0.0636168103	0.1961045185	0.3893043878	0.6141312944	0.8252963929
56.1	0.0666095508	0.2012349104	0.3959585522	0.6211466993	0.8310639247
56.2	0.0696660646	0.2064146990	0.4026320343	0.6281368571	0.8367540615
56.3	0.0727859020	0.2116430279	0.4093235950	0.6351003111	0.8423654730
56.4	0.0759686039	0.2169190327	0.4160319920	0.6420356102	0.8478968475
56.5	0.0792137019	0.2222418411	0.4227559797	0.6489413090	0.8533468919
56.6	0.0825207186	0.2276105729	0.4294943096	0.6558159683	0.8587143320
56.7	0.0858891673	0.2330243406	0.4362457305	0.6626581556	0.8639979131
56.8	0.0893185524	0.2384822490	0.4430089889	0.6694664449	0.8691964000
56.9	0.0928083691	0.2439833958	0.4497828291	0.6762394172	0.8743085774
57.0	0.0963581041	0.2495268714	0.4565659932	0.6829756612	0.8793332502
57.1	0.0999672348	0.2551117593	0.4633572219	0.6896737731	0.8842692438
57.2	0.1036352304	0.2607371361	0.4701552543	0.6963323568	0.8891154042
57.3	0.1073615510	0.2664020718	0.4769588280	0.7029500248	0.8938705985
57.4	0.1111456482	0.2721056296	0.4837666798	0.7095253979	0.8985337151
57.5	0.1149869653	0.2778468667	0.4905775458	0.7160571059	0.9031036639
57.6	0.1188849370	0.2836248337	0.4973901613	0.7225437875	0.9075793764
57.7	0.1228389898	0.2894385754	0.5042032613	0.7289840908	0.9119598064
57.8	0.1268485417	0.2952871305	0.5110155809	0.7353766738	0.9162439298
57.9	0.1309130028	0.3011695321	0.5178258552	0.7417202043	0.9204307451
58.0	0.1350317750	0.3070848075	0.5246328197	0.7480133601	0.9245192736
58.1	0.1392042522	0.3130319789	0.5314352105	0.7542548299	0.9285085593
58.2	0.1434298205	0.3190100628	0.5382317647	0.7604433128	0.9323976698
58.3	0.1477078580	0.3250180709	0.5450212202	0.7665775193	0.9361856958
58.4	0.1520377352	0.3310550099	0.5518023164	0.7726561709	0.9398717518
58.5	0.1564188150	0.3371198816	0.5585737943	0.7786780009	0.9434549761
58.6	0.1608504528	0.3432116833	0.5653343966	0.7846417542	0.9469345310
58.7	0.1653319963	0.3493294078	0.5720828680	0.7905461881	0.9503096030
58.8	0.1698627862	0.3554720437	0.5788179556	0.7963900721	0.9535794031
58.9	0.1744421558	0.3616385752	0.5855384086	0.8021721883	0.9567431670
59.0	0.1790694311	0.3678279829	0.5922429795	0.8078913317	0.9598001551
59.1	0.1837439313	0.3740392434	0.5989304232	0.8135463104	0.9627496526
59.2	0.1884649686	0.3802713298	0.6055994981	0.8191359459	0.9655909701
59.3	0.1932318481	0.3865232116	0.6122489660	0.8246590734	0.9683234432
59.4	0.1980438686	0.3927938554	0.6188775922	0.8301145418	0.9709464333
59.5	0.2029003219	0.3990822241	0.6254841459	0.8355012143	0.9734593272
59.6	0.2078004933	0.4053872783	0.6320674006	0.8408179681	0.9758615373
59.7	0.2127436619	0.4117079753	0.6386261337	0.8460636954	0.9781525021
59.8	0.2177291001	0.4180432702	0.6451591276	0.8512373028	0.9803316861
59.9	0.2227560745	0.4243921156	0.6516651693	0.8563377123	0.9823985797
60.0	0.2278238453	0.4307534617	0.6581430507	0.8613638608	0.9843526998
60.1	0.2329316668	0.4371262567	0.6645915692	0.8663147010	0.9861935896
60.2	0.2380787873	0.4435094470	0.6710095272	0.8711892011	0.9879208187
60.3	0.2432644495	0.4499019773	0.6773957333	0.8759863452	0.9895339834
60.4	0.2484878903	0.4563027906	0.6837490016	0.8807051336	0.9910327064
60.5	0.2537483411	0.4627108286	0.6900681526	0.8853445829	0.9924166374
60.6	0.2590450278	0.4691250319	0.6963520129	0.8899037262	0.9936854530
60.7	0.2643771709	0.4755443400	0.7025994157	0.8943816135	0.9948388564
60.8	0.2697439859	0.4819676914	0.7088092012	0.8987773115	0.9958765781
60.9	0.2751446831	0.4883940242	0.7149802162	0.9030899041	0.9967983755
61.0	0.2805784676	0.4948222760	0.7211113151	0.9073184927	0.9976040329
61.1	0.2860445401	0.5012513837	0.7272013594	0.9114621959	0.9982933623
61.2	0.2915420960	0.5076802846	0.7332492183	0.9155201503	0.9988662022
61.3	0.2970703265	0.5141079157	0.7392537690	0.9194915101	0.9993224189
61.4	0.3026284180	0.5205332142	0.7452138965	0.9233754477	0.9996619058
61.5	0.3082155528	0.5269551178	0.7511284942	0.9271711537	0.9998845833
61.6	0.3138309086	0.5333725648	0.7569964640	0.9308778371	0.9999903995
61.7	0.3194736592	0.5397844941	0.7628167162	0.9344947254	0.9999793297
61.8	0.3251429741	0.5461898455	0.7685881703	0.9380210648	0.9998513763
61.9	0.3308380193	0.5525875601	0.7743097545	0.9414561205	0.9996065694
62.0	0.3365579566	0.5589765801	0.7799804067	0.9447991765	0.9992449662
62.1	0.3423019444	0.5653558491	0.7855990738	0.9480495362	0.9987666512
62.2	0.3480691375	0.5717243124	0.7911647126	0.9512065223	0.9981717362
62.3	0.3538586871	0.5780809171	0.7966762898	0.9542694767	0.9974603603
62.4	0.3596697414	0.5844246122	0.8021327820	0.9572377612	0.9966326898
62.5	0.3655014453	0.5907543488	0.8075331760	0.9601107572	0.9956889181
62.6	0.3713529407	0.5970690804	0.8128764692	0.9628878659	0.9946292660
62.7	0.3772233664	0.6033677630	0.8181616694	0.9655685086	0.9934539812
62.8	0.3831118587	0.6096493552	0.8233877953	0.9681521267	0.9921633383
62.9	0.3890175510	0.6159128183	0.8285538766	0.9706381816	0.9907576392
63.0	0.3949395744	0.6221571169	0.8336589540	0.9730261555	0.9892372124
63.1	0.4008770575	0.6283812184	0.8387020797	0.9753155504	0.9876024134
63.2	0.4068291265	0.6345840939	0.8436823173	0.9775058895	0.9858536243
63.3	0.4127949055	0.6407647178	0.8485987422	0.9795967161	0.9839912540
63.4	0.4187735168	0.6469220681	0.8534504413	0.9815875946	0.9820157379
63.5	0.4247640805	0.6530551269	0.8582365140	0.9834781101	0.9799275378
63.6	0.4307657152	0.6591628802	0.8629560715	0.9852678685	0.9777271418
63.7	0.4367775377	0.6652443180	0.8676082376	0.9869564969	0.9754150644
63.8	0.4427986633	0.6712984350	0.8721921485	0.9885436435	0.9729918461
63.9	0.4488282062	0.6773242301	0.8767069530	0.9900289773	0.9704580534
64.0	0.4548652789	0.6833207071	0.8811518130	0.9914121889	0.9678142785
64.1	0.4609089933	0.6892868745	0.8855259030	0.9926929901	0.9650611396
64.2	0.4669584598	0.6952217460	0.8898284110	0.9938711138	0.9621992803
64.3	0.4730127884	0.7011243402	0.8940585380	0.9949463146	0.9592293696
64.4	0.4790710882	0.7069936813	0.8982154987	0.9959183684	0.9561521018
64.5	0.4851324677	0.7128287988	0.9022985213	0.9967870726	0.9529681963
64.6	0.4911960349	0.7186287280	0.9063068475	0.9975522462	0.9496783975
64.7	0.4972608977	0.7243925100	0.9102397332	0.9982137298	0.9462834743
64.8	0.5033261634	0.7301191917	0.9140964481	0.9987713854	0.9427842206
64.9	0.5093909398	0.7358078264	0.9178762761	0.9992250969	0.9391814542
65.0	0.5154543342	0.7414574735	0.9215785155	0.9995747696	0.9354760174
65.1	0.5215154546	0.7470671989	0.9252024788	0.9998203308	0.9316687766
65.2	0.5275734090	0.7526360752	0.9287474932	0.9999617293	0.9277606217
65.3	0.5336273059	0.7581631815	0.9322129003	0.9999989355	0.9237524663
65.4	0.5396762546	0.7636476041	0.9355980569	0.9999319418	0.9196452476
65.5	0.5457193650	0.7690884362	0.9389023343	0.9997607621	0.9154399255
65.6	0.5517557477	0.7744847783	0.9421251190	0.9994854320	0.9111374834
65.7	0.5577845146	0.7798357380	0.9452658127	0.9991060090	0.9067389269
65.8	0.5638047785	0.7851404308	0.9483238322	0.9986225721	0.9022452844
65.9	0.5698156535	0.7903979795	0.9512986097	0.9980352221	0.8976576063
66.0	0.5758162552	0.7956075149	0.9541895928	0.9973440814	0.8929769652
66.1	0.5818057005	0.8007681756	0.9569962449	0.9965492939	0.8882044552
66.2	0.5877831082	0.8058791085	0.9597180448	0.9956510254	0.8833411921
66.3	0.5937475985	0.8109394685	0.9623544870	0.9946494631	0.8783883129
66.4	0.5996982940	0.8159484189	0.9649050821	0.9935448156	0.8733469752
66.5	0.6056343188	0.8209051315	0.9673693565	0.9923373131	0.8682183578
66.6	0.6115547995	0.8258087869	0.9697468527	0.9910272074	0.8630036596
66.7	0.6174588650	0.8306585743	0.9720371292	0.9896147715	0.8577040995
66.8	0.6233456465	0.8354536919	0.9742397608	0.9881002996	0.8523209167
66.9	0.6292142776	0.8401933468	0.9763543385	0.9864841075	0.8468553694
67.0	0.6350638949	0.8448767554	0.9783804697	0.9847665319	0.8413087354
67.1	0.6408936375	0.8495031434	0.9803177781	0.9829479307	0.8356823115
67.2	0.6467026477	0.8540717458	0.9821659041	0.9810286831	0.8299774129
67.3	0.6524900706	0.8585818073	0.9839245045	0.9790091888	0.8241953732
67.4	0.6582550546	0.8630325823	0.9855932529	0.9768898689	0.8183375443
67.5	0.6639967514	0.8674233348	0.9871718393	0.9746711650	0.8124052955
67.6	0.6697143161	0.8717533389	0.9886599706	0.9723535394	0.8064000137
67.7	0.6754069074	0.8760218787	0.9900573706	0.9699374751	0.8003231026
67.8	0.6810736875	0.8802282485	0.9913637798	0.9674234757	0.7941759831
67.9	0.6867138227	0.8843717527	0.9925789556	0.9648120651	0.7879600921
68.0	0.6923264830	0.8884517064	0.9937026723	0.9621037874	0.7816768828
68.1	0.6979108425	0.8924674349	0.9947347215	0.9592992072	0.7753278240
68.2	0.7034660794	0.8964182743	0.9956749113	0.9563989088	0.7689144000
68.3	0.7089913763	0.9003035714	0.9965230674	0.9534034967	0.7624381101
68.4	0.7144859202	0.9041226838	0.9972790321	0.9503135952	0.7559004683
68.5	0.7199489025	0.9078749800	0.9979426651	0.9471298481	0.7493030029
68.6	0.7253795194	0.9115598398	0.9985138432	0.9438529191	0.7426472563
68.7	0.7307769717	0.9151766537	0.9989924603	0.9404834908	0.7359347845
68.8	0.7361404652	0.9187248240	0.9993784276	0.9370222657	0.7291671567
68.9	0.7414692106	0.9222037638	0.9996716734	0.9334699650	0.7223459549
69.0	0.7467624239	0.9256128980	0.9998721433	0.9298273290	0.7154727738
69.1	0.7520193262	0.9289516630	0.9999798000	0.9260951167	0.7085492203
69.2	0.7572391439	0.9322195068	0.9999946236	0.9222741062	0.7015769128
69.3	0.7624211088	0.9354158890	0.9999166113	0.9183650935	0.6945574813
69.4	0.7675644585	0.9385402811	0.9997457775	0.9143688934	0.6874925669
69.5	0.7726684362	0.9415921666	0.9994821541	0.9102863386	0.6803838211
69.6	0.7777322907	0.9445710410	0.9991257899	0.9061182800	0.6732329057
69.7	0.7827552770	0.9474764116	0.9986767511	0.9018655863	0.6660414926
69.8	0.7877366559	0.9503077982	0.9981351211	0.8975291435	0.6588112628
69.9	0.7926756943	0.9530647325	0.9975010005	0.8931098556	0.6515439067
70.0	0.7975716656	0.9557467588	0.9967745070	0.8886086434	0.6442411231
70.1	0.8024238493	0.9583534337	0.9959557754	0.8840264450	0.6369046194
70.2	0.8072315313	0.9608843261	0.9950449579	0.8793642154	0.6295361105
70.3	0.8119940043	0.9633390177	0.9940422235	0.8746229261	0.6221373192
70.4	0.8167105674	0.9657171024	0.9929477584	0.8698035653	0.6147099750
70.5	0.8213805266	0.9680181873	0.9917617658	0.8649071373	0.6072558142
70.6	0.8260031947	0.9702418918	0.9904844659	0.8599346625	0.5997765796
70.7	0.8305778914	0.9723878483	0.9891160960	0.8548871771	0.5922740196
70.8	0.8351039437	0.9744557019	0.9876569099	0.8497657332	0.5847498880
70.9	0.8395806855	0.9764451108	0.9861071788	0.8445713979	0.5772059439
71.0	0.8440074581	0.9783557460	0.9844671903	0.8393052538	0.5696439509
71.1	0.8483836100	0.9801872917	0.9827372489	0.8339683984	0.5620656767
71.2	0.8527084973	0.9819394450	0.9809176759	0.8285619438	0.5544728930
71.3	0.8569814836	0.9836119163	0.9790088091	0.8230870168	0.5468673748
71.4	0.8612019401	0.9852044290	0.9770110029	0.8175447584	0.5392509002
71.5	0.8653692458	0.9867167197	0.9749246282	0.8119363235	0.5316252496
71.6	0.8694827875	0.9881485386	0.9727500725	0.8062628810	0.5239922057
71.7	0.8735419599	0.9894996488	0.9704877394	0.8005256131	0.5163535530
71.8	0.8775461656	0.9907698270	0.9681380491	0.7947257156	0.5087110773
71.9	0.8814948154	0.9919588631	0.9657014379	0.7888643972	0.5010665651
72.0	0.8853873284	0.9930665606	0.9631783581	0.7829428793	0.4934218036
72.1	0.8892231317	0.9940927363	0.9605692782	0.7769623960	0.4857785799
72.2	0.8930016608	0.9950372206	0.9578746827	0.7709241936	0.4781386808
72.3	0.8967223598	0.9958998573	0.9550950718	0.7648295306	0.4705038924
72.4	0.9003846812	0.9966805037	0.9522309617	0.7586796769	0.4628759995
72.5	0.9039880860	0.9973790309	0.9492828841	0.7524759144	0.4552567853
72.6	0.9075320441	0.9979953232	0.9462513865	0.7462195357	0.4476480311
72.7	0.9110160338	0.9985292789	0.9431370317	0.7399118448	0.4400515155
72.8	0.9144395426	0.9989808096	0.9399403980	0.7335541562	0.4324690144
72.9	0.9178020667	0.9993498407	0.9366620789	0.7271477948	0.4249023005
73.0	0.9211031113	0.9996363112	0.9333026830	0.7206940957	0.4173531428
73.1	0.9243421907	0.9998401736	0.9298628342	0.7141944039	0.4098233059
73.2	0.9275188281	0.9999613944	0.9263431712	0.7076500739	0.4023145502
73.3	0.9306325562	0.9999999534	0.9227443473	0.7010624696	0.3948286311
73.4	0.9336829168	0.9999558443	0.9190670310	0.6944329637	0.3873672986
73.5	0.9366694611	0.9998290744	0.9153119048	0.6877629379	0.3799322970
73.6	0.9395917494	0.9996196646	0.9114796662	0.6810537823	0.3725253644
73.7	0.9424493520	0.9993276495	0.9075710265	0.6743068950	0.3651482324
73.8	0.9452418481	0.9989530775	0.9035867115	0.6675236821	0.3578026256
73.9	0.9479688270	0.9984960105	0.8995274611	0.6607055572	0.3504902612
74.0	0.9506298874	0.9979565240	0.8953940289	0.6538539412	0.3432128487
74.1	0.9532246376	0.9973347072	0.8911871824	0.6469702619	0.3359720893
74.2	0.9557526959	0.9966306629	0.8869077027	0.6400559540	0.3287696759
74.3	0.9582136903	0.9958445076	0.8825563844	0.6331124584	0.3216072921
74.4	0.9606072586	0.9949763713	0.8781340353	0.6261412221	0.3144866123
74.5	0.9629330486	0.9940263974	0.8736414767	0.6191436980	0.3074093013
74.6	0.9651907180	0.9929947430	0.8690795427	0.6121213442	0.3003770134
74.7	0.9673799348	0.9918815787	0.8644490802	0.6050756243	0.2933913927
74.8	0.9695003766	0.9906870886	0.8597509491	0.5980080066	0.2864540723
74.9	0.9715517315	0.9894114700	0.8549860217	0.5909199640	0.2795666739
75.0	0.9735336977	0.9880549341	0.8501551826	0.5838129737	0.2727308077
75.1	0.9754459835	0.9866177049	0.8452593290	0.5766885167	0.2659480717
75.2	0.9772883074	0.9851000202	0.8402993697	0.5695480777	0.2592200516
75.3	0.9790603985	0.9835021309	0.8352762257	0.5623931450	0.2525483202
75.4	0.9807619959	0.9818243011	0.8301908297	0.5552252094	0.2459344372
75.5	0.9823928492	0.9800668084	0.8250441260	0.5480457650	0.2393799488
75.6	0.9839527185	0.9782299431	0.8198370700	0.5408563077	0.2328863873
75.7	0.9854413742	0.9763140091	0.8145706287	0.5336583360	0.2264552707
75.8	0.9868585973	0.9743193232	0.8092457799	0.5264533499	0.2200881025
75.9	0.9882041793	0.9722462151	0.8038635123	0.5192428509	0.2137863711
76.0	0.9894779220	0.9700950275	0.7984248251	0.5120283417	0.2075515497
76.1	0.9906796382	0.9678661162	0.7929307283	0.5048113258	0.2013850960
76.2	0.9918091509	0.9655598496	0.7873822419	0.4975933072	0.1952884515
76.3	0.9928662940	0.9631766092	0.7817803961	0.4903757901	0.1892630414
76.4	0.9938509119	0.9607167888	0.7761262311	0.4831602787	0.1833102743
76.5	0.9947628597	0.9581807953	0.7704207968	0.4759482768	0.1774315419
76.6	0.9956020033	0.9555690478	0.7646651523	0.4687412872	0.1716282184
76.7	0.9963682190	0.9528819783	0.7588603665	0.4615408119	0.1659016606
76.8	0.9970613943	0.9501200310	0.7530075171	0.4543483516	0.1602532072
76.9	0.9976814270	0.9472836625	0.7471076908	0.4471654051	0.1546841786
77.0	0.9982282260	0.9443733418	0.7411619831	0.4399934693	0.1491958768
77.1	0.9987017108	0.9413895501	0.7351714979	0.4328340389	0.1437895848
77.2	0.9991018118	0.9383327807	0.7291373475	0.4256886060	0.1384665665
77.3	0.9994284699	0.9352035389	0.7230606524	0.4185586595	0.1332280662
77.4	0.9996816373	0.9320023423	0.7169425407	0.4114456855	0.1280753086
77.5	0.9998612765	0.9287297200	0.7107841485	0.4043511662	0.1230094983
77.6	0.9999673613	0.9253862131	0.7045866192	0.3972765801	0.1180318196
77.7	0.9999998759	0.9219723745	0.6983511035	0.3902234017	0.1131434361
77.8	0.9999588157	0.9184887686	0.6920787592	0.3831931007	0.1083454906
77.9	0.9998441865	0.9149359712	0.6857707509	0.3761871424	0.1036391048
78.0	0.9996560054	0.9113145699	0.6794282498	0.3692069867	0.0990253790
78.1	0.9993943000	0.9076251635	0.6730524337	0.3622540883	0.0945053916
78.2	0.9990591087	0.9038683617	0.6666444862	0.3553298962	0.0900801993
78.3	0.9986504810	0.9000447859	0.6602055972	0.3484358534	0.0857508367
78.4	0.9981684770	0.8961550682	0.6537369622	0.3415733966	0.0815183159
78.5	0.9976131675	0.8921998517	0.6472397823	0.3347439560	0.0773836263
78.6	0.9969846344	0.8881797904	0.6407152639	0.3279489548	0.0733477346
78.7	0.9962829700	0.8840955488	0.6341646182	0.3211898092	0.0694115842
78.8	0.9955082777	0.8799478023	0.6275890618	0.3144679276	0.0655760952
78.9	0.9946606714	0.8757372367	0.6209898154	0.3077847110	0.0618421645
79.0	0.9937402758	0.8714645481	0.6143681043	0.3011415521	0.0582106647
79.1	0.9927472265	0.8671304430	0.6077251581	0.2945398354	0.0546824450
79.2	0.9916816694	0.8627356378	0.6010622102	0.2879809367	0.0512583302
79.3	0.9905437615	0.8582808593	0.5943804976	0.2814662228	0.0479391206
79.4	0.9893336702	0.8537668440	0.5876812611	0.2749970515	0.0447255923
79.5	0.9880515734	0.8491943382	0.5809657444	0.2685747708	0.0416184965
79.6	0.9866976600	0.8445640979	0.5742351946	0.2622007193	0.0386185596
79.7	0.9852721291	0.8398768887	0.5674908612	0.2558762252	0.0357264829
79.8	0.9837751904	0.8351334855	0.5607339965	0.2496026066	0.0329429425
79.9	0.9822070643	0.8303346726	0.5539658551	0.2433811709	0.0302685891
80.0	0.9805679815	0.8254812434	0.5471876936	0.2372132147	0.0277040479
