	1.530	1.540	1.550	1.560	1.570
0.0	0.9999973512	0.9998935353	0.9997934653	0.9998334519	0.9998998247
0.1	0.9997941191	0.9996928592	0.9995959622	0.9996392190	0.9997087279
0.2	0.9991843182	0.9990913126	0.9990032920	0.9990554827	0.9991338066
0.3	0.9981684448	0.9980893779	0.9980159233	0.9980826980	0.9981755025
0.4	0.9967473253	0.9966878591	0.9966346371	0.9967216233	0.9968345516
0.5	0.9949221157	0.9948878803	0.9948605257	0.9949733194	0.9951119839
0.6	0.9926943009	0.9926908855	0.9926949923	0.9928391491	0.9930091224
0.7	0.9900656932	0.9900986371	0.9901397494	0.9903207761	0.9905275821
0.8	0.9870384310	0.9871132147	0.9871968179	0.9874201634	0.9876692692
0.9	0.9836149770	0.9837370129	0.9838685252	0.9841395718	0.9844363789
1.0	0.9797981162	0.9799727403	0.9801575035	0.9804815587	0.9808313944
1.1	0.9755909535	0.9758234164	0.9760666877	0.9764489753	0.9768570845
1.2	0.9709969116	0.9712923698	0.9715993130	0.9720449650	0.9725165016
1.3	0.9660197278	0.9663832352	0.9667589124	0.9672729607	0.9678129797
1.4	0.9606634508	0.9610999506	0.9615493140	0.9621366820	0.9627501313
1.5	0.9549324382	0.9554467543	0.9559746378	0.9566401326	0.9573318450
1.6	0.9488313520	0.9494281811	0.9500392925	0.9507875970	0.9515622824
1.7	0.9423651555	0.9430490590	0.9437479721	0.9445836370	0.9454458749
1.8	0.9355391090	0.9363145053	0.9371056521	0.9380330887	0.9389873202
1.9	0.9283587654	0.9292299224	0.9301175856	0.9311410579	0.9321915789
2.0	0.9208299660	0.9218009933	0.9227892990	0.9239129170	0.9250638706
2.1	0.9129588355	0.9140336774	0.9151265880	0.9163543001	0.9176096697
2.2	0.9047517769	0.9059342056	0.9071355127	0.9084710990	0.9098347016
2.3	0.8962154669	0.8975090751	0.8988223927	0.9002694586	0.9017449379
2.4	0.8873568495	0.8887650444	0.8901938024	0.8917557718	0.8933465919
2.5	0.8781831314	0.8797091278	0.8812565659	0.8829366749	0.8846461143
2.6	0.8687017754	0.8703485899	0.8720177511	0.8738190423	0.8756501874
2.7	0.8589204944	0.8606909395	0.8624846645	0.8644099810	0.8663657207
2.8	0.8488472457	0.8507439238	0.8526648454	0.8547168251	0.8567998451
2.9	0.8384902237	0.8405155221	0.8425660597	0.8447471303	0.8469599080
3.0	0.8278578539	0.8300139395	0.8321962941	0.8345086678	0.8368534669
3.1	0.8169587858	0.8192476002	0.8215637495	0.8240094182	0.8264882842
3.2	0.8058018857	0.8082251408	0.8106768346	0.8132575656	0.8158723210
3.3	0.7943962298	0.7969554033	0.7995441593	0.8022614907	0.8050137310
3.4	0.7827510965	0.7854474280	0.7881745279	0.7910297648	0.7939208542
3.5	0.7708759592	0.7737104465	0.7765769321	0.7795711429	0.7826022106
3.6	0.7587804782	0.7617538740	0.7647605438	0.7678945566	0.7710664937
3.7	0.7464744933	0.7495873018	0.7527347079	0.7560091078	0.7593225636
3.8	0.7339680154	0.7372204898	0.7405089352	0.7439240607	0.7473794402
3.9	0.7212712184	0.7246633584	0.7280928942	0.7316488356	0.7352462967
4.0	0.7083944312	0.7119259806	0.7154964043	0.7191930007	0.7229324521
4.1	0.6953481290	0.6990185743	0.7027294274	0.7065662650	0.7104473640
4.2	0.6821429250	0.6859514935	0.6898020601	0.6937784709	0.6978006218
4.3	0.6687895617	0.6727352204	0.6767245261	0.6808395862	0.6850019389
4.4	0.6552989020	0.6593803569	0.6635071677	0.6677596965	0.6720611456
4.5	0.6416819204	0.6458976159	0.6501604379	0.6545489973	0.6589881810
4.6	0.6279496945	0.6322978131	0.6366948918	0.6412177861	0.6457930861
4.7	0.6141133954	0.6185918581	0.6231211787	0.6277764543	0.6324859954
4.8	0.6001842788	0.6047907454	0.6094500334	0.6142354791	0.6190771297
4.9	0.5861736762	0.5909055462	0.5956922676	0.6006054155	0.6055767875
5.0	0.5720929850	0.5769473989	0.5818587616	0.5868968878	0.5919953382
5.1	0.5579536601	0.5629275003	0.5679604556	0.5731205816	0.5783432130
5.2	0.5437672035	0.5488570972	0.5540083411	0.5592872351	0.5646308975
5.3	0.5295451562	0.5347474764	0.5400134521	0.5454076312	0.5508689237
5.4	0.5152990876	0.5206099565	0.5259868563	0.5314925889	0.5370678615
5.5	0.5010405869	0.5064558783	0.5119396468	0.5175529544	0.5232383110
5.6	0.4867812534	0.4922965960	0.4978829327	0.5035995936	0.5093908941
5.7	0.4725326871	0.4781434680	0.4838278307	0.4896433828	0.4955362464
5.8	0.4583064791	0.4640078474	0.4697854562	0.4756952005	0.4816850091
5.9	0.4441142025	0.4499010738	0.4557669147	0.4617659191	0.4678478208
6.0	0.4299674026	0.4358344634	0.4417832926	0.4478663961	0.4540353093
6.1	0.4158775879	0.4218193000	0.4278456489	0.4340074659	0.4402580834
6.2	0.4018562204	0.4078668264	0.4139650061	0.4201999314	0.4265267248
6.3	0.3879147064	0.3939882351	0.4001523417	0.4064545551	0.4128517799
6.4	0.3740643875	0.3801946591	0.3864185794	0.3927820512	0.3992437520
6.5	0.3603165307	0.3664971634	0.3727745805	0.3791930773	0.3857130929
6.6	0.3466823200	0.3529067360	0.3592311352	0.3656982257	0.3722701948
6.7	0.3331728468	0.3394342787	0.3457989545	0.3523080152	0.3589253826
6.8	0.3197991010	0.3260905990	0.3324886611	0.3390328832	0.3456889061
6.9	0.3065719621	0.3128864009	0.3193107813	0.3258831775	0.3325709315
7.0	0.2935021905	0.2998322766	0.3062757369	0.3128691479	0.3195815342
7.1	0.2806004183	0.2869386977	0.2933938366	0.3000009386	0.3067306909
7.2	0.2678771411	0.2742160075	0.2806752680	0.2872885801	0.2940282717
7.3	0.2553427094	0.2616744116	0.2681300895	0.2747419814	0.2814840328
7.4	0.2430073197	0.2493239708	0.2557682225	0.2623709222	0.2691076090
7.5	0.2308810071	0.2371745923	0.2435994432	0.2501850456	0.2569085060
7.6	0.2189736362	0.2252360222	0.2316333753	0.2381938501	0.2448960934
7.7	0.2072948936	0.2135178373	0.2198794821	0.2264066826	0.2330795974
7.8	0.1958542800	0.2020294377	0.2083470591	0.2148327309	0.2214680939
7.9	0.1846611023	0.1907800392	0.1970452266	0.2034810168	0.2100705011
8.0	0.1737244662	0.1797786659	0.1859829228	0.1923603884	0.1988955729
8.1	0.1630532685	0.1690341429	0.1751688961	0.1814795143	0.1879518925
8.2	0.1526561904	0.1585550891	0.1646116988	0.1708468756	0.1772478650
8.3	0.1425416898	0.1483499107	0.1543196799	0.1604707603	0.1667917119
8.4	0.1327179948	0.1384267941	0.1443009789	0.1503592564	0.1565914640
8.5	0.1231930970	0.1287936994	0.1345635190	0.1405202455	0.1466549558
8.6	0.1139747450	0.1194583541	0.1251150010	0.1309613968	0.1369898189
8.7	0.1050704378	0.1104282467	0.1159628972	0.1216901613	0.1276034768
8.8	0.0964874190	0.1017106211	0.1071144454	0.1127137657	0.1185031386
8.9	0.0882326710	0.0933124704	0.0985766435	0.1040392068	0.1096957940
9.0	0.0803129090	0.0852405314	0.0903562435	0.0956732462	0.1011882074
9.1	0.0727345756	0.0775012792	0.0824597463	0.0876224049	0.0929869131
9.2	0.0655038360	0.0701009221	0.0748933970	0.0798929585	0.0850982102
9.3	0.0586265722	0.0630453965	0.0676631793	0.0724909317	0.0775281576
9.4	0.0521083788	0.0563403621	0.0607748111	0.0654220943	0.0702825696
9.5	0.0459545586	0.0499911977	0.0542337400	0.0586919561	0.0633670110
9.6	0.0401701175	0.0440029964	0.0480451390	0.0523057632	0.0567867934
9.7	0.0347597613	0.0383805618	0.0422139024	0.0462684934	0.0505469708
9.8	0.0297278912	0.0331284040	0.0367446415	0.0405848526	0.0446523356
9.9	0.0250786006	0.0282507362	0.0316416818	0.0352592710	0.0391074152
10.0	0.0208156718	0.0237514712	0.0269090588	0.0302958997	0.0339164684
10.1	0.0169425727	0.0196342182	0.0225505153	0.0256986075	0.0290834820
10.2	0.0134624539	0.0159022799	0.0185694982	0.0214709778	0.0246121681
10.3	0.0103781467	0.0125586500	0.0149691558	0.0176163059	0.0205059608
10.4	0.0076921600	0.0096060106	0.0117523353	0.0141375963	0.0167680138
10.5	0.0054066789	0.0070467303	0.0089215807	0.0110375607	0.0134011981
10.6	0.0035235627	0.0048828620	0.0064791306	0.0083186152	0.0104080994
10.7	0.0020443433	0.0031161415	0.0044269166	0.0059828793	0.0077910166
10.8	0.0009702240	0.0017479861	0.0027665616	0.0040321735	0.0055519598
10.9	0.0003020786	0.0007794932	0.0014993786	0.0024680182	0.0036926484
11.0	0.0000404507	0.0002114396	0.0006263698	0.0012916326	0.0022145106
11.1	0.0001855530	0.0000442810	0.0001482253	0.0005039336	0.0011186815
11.2	0.0007372677	0.0002781515	0.0000653234	0.0001055351	0.0004060027
11.3	0.0016951458	0.0009128634	0.0003777294	0.0000967476	0.0000770216
11.4	0.0030584080	0.0019479075	0.0010851964	0.0004775778	0.0001319907
11.5	0.0048259455	0.0033824535	0.0021871646	0.0012477288	0.0005708677
11.6	0.0069963204	0.0052153506	0.0036827625	0.0024066001	0.0013933155
11.7	0.0095677669	0.0074451284	0.0055708073	0.0039532885	0.0025987022
11.8	0.0125381933	0.0100699982	0.0078498057	0.0058865881	0.0041861020
11.9	0.0159051832	0.0130878543	0.0105179553	0.0082049919	0.0061542955
12.0	0.0196659975	0.0164962758	0.0135731460	0.0109066927	0.0085017711
12.1	0.0238175767	0.0202925285	0.0170129613	0.0139895845	0.0112267255
12.2	0.0283565436	0.0244735670	0.0208346810	0.0174512640	0.0143270658
12.3	0.0332792058	0.0290360375	0.0250352825	0.0212890330	0.0178004107
12.4	0.0385815586	0.0339762798	0.0296114437	0.0254998998	0.0216440922
12.5	0.0442592887	0.0392903309	0.0345595454	0.0300805821	0.0258551582
12.6	0.0503077772	0.0449739281	0.0398756745	0.0350275092	0.0304303741
12.7	0.0567221036	0.0510225119	0.0455556264	0.0403368249	0.0353662259
12.8	0.0634970499	0.0574312302	0.0515949092	0.0460043908	0.0406589224
12.9	0.0706271048	0.0641949421	0.0579887467	0.0520257888	0.0463043984
13.0	0.0781064679	0.0713082217	0.0647320822	0.0583963254	0.0522983177
13.1	0.0859290548	0.0787653629	0.0718195825	0.0651110347	0.0586360766
13.2	0.0940885018	0.0865603836	0.0792456427	0.0721646827	0.0653128071
13.3	0.1025781713	0.0946870308	0.0870043895	0.0795517711	0.0723233811
13.4	0.1113911569	0.1031387853	0.0950896870	0.0872665417	0.0796624139
13.5	0.1205202892	0.1119088673	0.1034951409	0.0953029808	0.0873242685
13.6	0.1299581417	0.1209902415	0.1122141035	0.1036548241	0.0953030601
13.7	0.1396970368	0.1303756229	0.1212396795	0.1123155614	0.1035926604
13.8	0.1497290519	0.1400574828	0.1305647308	0.1212784418	0.1121867024
13.9	0.1600460260	0.1500280543	0.1401818827	0.1305364786	0.1210785853
14.0	0.1706395661	0.1602793394	0.1500835294	0.1400824555	0.1302614794
14.1	0.1815010546	0.1708031144	0.1602618401	0.1499089313	0.1397283315
14.2	0.1926216555	0.1815909375	0.1707087652	0.1600082464	0.1494718706
14.3	0.2039923223	0.1926341547	0.1814160426	0.1703725284	0.1594846128
14.4	0.2156038050	0.2039239073	0.1923752045	0.1809936986	0.1697588677
14.5	0.2274466577	0.2154511388	0.2035775837	0.1918634778	0.1802867438
14.6	0.2395112461	0.2272066022	0.2150143208	0.2029733931	0.1910601552
14.7	0.2517877559	0.2391808675	0.2266763708	0.2143147845	0.2020708269
14.8	0.2642662001	0.2513643291	0.2385545108	0.2258788114	0.2133103021
14.9	0.2769364274	0.2637472135	0.2506393470	0.2376564598	0.2247699480
15.0	0.2897881307	0.2763195874	0.2629213219	0.2496385492	0.2364409629
