z[um]	g[um]	pcm(0:si, 1:cpcm, 2:apcm)
0.0000000000	0.2000000000	1	1
0.1000000000	0.2000000000	1	1
0.2000000000	0.2000000000	1	1
0.3000000000	0.2000000000	1	1
0.4000000000	0.2000000000	1	1
0.5000000000	0.2000000000	1	1
0.6000000000	0.2000000000	1	1
0.7000000000	0.2000000000	1	1
0.8000000000	0.2000000000	1	1
0.9000000000	0.2000000000	1	1
1.0000000000	0.2000000000	1	1
1.1000000000	0.2000000000	1	1
1.2000000000	0.2000000000	1	1
1.3000000000	0.2000000000	1	1
1.4000000000	0.2000000000	1	1
1.5000000000	0.2000000000	1	1
1.6000000000	0.2000000000	1	1
1.7000000000	0.2000000000	1	1
1.8000000000	0.2000000000	1	1
1.9000000000	0.2000000000	1	1
2.0000000000	0.2000000000	1	1
2.1000000000	0.2000000000	1	1
2.2000000000	0.2000000000	1	1
2.3000000000	0.2000000000	1	1
2.4000000000	0.2000000000	1	1
2.5000000000	0.2000000000	1	1
2.6000000000	0.2000000000	1	1
2.7000000000	0.2000000000	1	1
2.8000000000	0.2000000000	1	1
2.9000000000	0.2000000000	1	1
3.0000000000	0.2000000000	1	1
3.1000000000	0.2000000000	1	1
3.2000000000	0.2000000000	1	1
3.3000000000	0.2000000000	1	1
3.4000000000	0.2000000000	1	1
3.5000000000	0.2000000000	1	1
3.6000000000	0.2000000000	1	1
3.7000000000	0.2000000000	1	1
3.8000000000	0.2000000000	1	1
3.9000000000	0.2000000000	1	1
4.0000000000	0.2000000000	1	1
4.1000000000	0.2000000000	1	1
4.2000000000	0.2000000000	1	1
4.3000000000	0.2000000000	1	1
4.4000000000	0.2000000000	1	1
4.5000000000	0.2000000000	1	1
4.6000000000	0.2000000000	1	1
4.7000000000	0.2000000000	1	1
4.8000000000	0.2000000000	1	1
4.9000000000	0.2000000000	1	1
5.0000000000	0.2000000000	1	1
5.1000000000	0.2000000000	1	1
5.2000000000	0.2000000000	1	1
5.3000000000	0.2000000000	1	1
5.4000000000	0.2000000000	1	1
5.5000000000	0.2000000000	1	1
5.6000000000	0.2000000000	1	1
5.7000000000	0.2000000000	1	1
5.8000000000	0.2000000000	1	1
5.9000000000	0.2000000000	1	1
6.0000000000	0.2000000000	1	1
6.1000000000	0.2000000000	1	1
6.2000000000	0.2000000000	1	1
6.3000000000	0.2000000000	1	1
6.4000000000	0.2000000000	1	1
6.5000000000	0.2000000000	1	1
6.6000000000	0.2000000000	1	1
6.7000000000	0.2000000000	1	1
6.8000000000	0.2000000000	1	1
6.9000000000	0.2000000000	1	1
7.0000000000	0.2000000000	1	1
7.1000000000	0.2000000000	1	1
7.2000000000	0.2000000000	1	1
7.3000000000	0.2000000000	1	1
7.4000000000	0.2000000000	1	1
7.5000000000	0.2000000000	1	1
7.6000000000	0.2000000000	1	1
7.7000000000	0.2000000000	1	1
7.8000000000	0.2000000000	1	1
7.9000000000	0.2000000000	1	1
8.0000000000	0.2000000000	1	1
8.1000000000	0.2000000000	1	1
8.2000000000	0.2000000000	1	1
8.3000000000	0.2000000000	1	1
8.4000000000	0.2000000000	1	1
8.5000000000	0.2000000000	1	1
8.6000000000	0.2000000000	1	1
8.7000000000	0.2000000000	1	1
8.8000000000	0.2000000000	1	1
8.9000000000	0.2000000000	1	1
9.0000000000	0.2000000000	1	1
9.1000000000	0.2000000000	1	1
9.2000000000	0.2000000000	1	1
9.3000000000	0.2000000000	1	1
9.4000000000	0.2000000000	1	1
9.5000000000	0.2000000000	1	1
9.6000000000	0.2000000000	1	1
9.7000000000	0.2000000000	1	1
9.8000000000	0.2000000000	1	1
9.9000000000	0.2000000000	1	1
10.0000000000	0.2000000000	1	1
10.1000000000	0.2000000000	1	1
10.2000000000	0.2000000000	1	1
10.3000000000	0.2000000000	1	1
10.4000000000	0.2000000000	1	1
10.5000000000	0.2000000000	1	1
10.6000000000	0.2000000000	1	1
10.7000000000	0.2000000000	1	1
10.8000000000	0.2000000000	1	1
10.9000000000	0.2000000000	1	1
11.0000000000	0.2000000000	1	1
11.1000000000	0.2000000000	1	1
11.2000000000	0.2000000000	1	1
11.3000000000	0.2000000000	1	1
11.4000000000	0.2000000000	1	1
11.5000000000	0.2000000000	1	1
11.6000000000	0.2000000000	1	1
11.7000000000	0.2000000000	1	1
11.8000000000	0.2000000000	1	1
11.9000000000	0.2000000000	1	1
12.0000000000	0.2000000000	1	1
12.1000000000	0.2000000000	1	1
12.2000000000	0.2000000000	1	1
12.3000000000	0.2000000000	1	1
12.4000000000	0.2000000000	1	1
12.5000000000	0.2000000000	1	1
12.6000000000	0.2000000000	1	1
12.7000000000	0.2000000000	1	1
12.8000000000	0.2000000000	1	1
12.9000000000	0.2000000000	1	1
13.0000000000	0.2000000000	1	1
13.1000000000	0.2000000000	1	1
13.2000000000	0.2000000000	1	1
13.3000000000	0.2000000000	1	1
13.4000000000	0.2000000000	1	1
13.5000000000	0.2000000000	1	1
13.6000000000	0.2000000000	1	1
13.7000000000	0.2000000000	1	1
13.8000000000	0.2000000000	1	1
13.9000000000	0.2000000000	1	1
14.0000000000	0.2000000000	1	1
14.1000000000	0.2000000000	1	1
14.2000000000	0.2000000000	1	1
14.3000000000	0.2000000000	1	1
14.4000000000	0.2000000000	1	1
14.5000000000	0.2000000000	1	1
14.6000000000	0.2000000000	1	1
14.7000000000	0.2000000000	1	1
14.8000000000	0.2000000000	1	1
14.9000000000	0.2000000000	1	1
15.0000000000	0.2000000000	1	1
15.1000000000	0.2000000000	1	1
15.2000000000	0.2000000000	1	1
15.3000000000	0.2000000000	1	1
15.4000000000	0.2000000000	1	1
15.5000000000	0.2000000000	1	1
15.6000000000	0.2000000000	1	1
15.7000000000	0.2000000000	1	1
15.8000000000	0.2000000000	1	1
15.9000000000	0.2000000000	1	1
16.0000000000	0.2000000000	1	1
16.1000000000	0.2000000000	1	1
16.2000000000	0.2000000000	1	1
16.3000000000	0.2000000000	1	1
16.4000000000	0.2000000000	1	1
16.5000000000	0.2000000000	1	1
16.6000000000	0.2000000000	1	1
16.7000000000	0.2000000000	1	1
16.8000000000	0.2000000000	1	1
16.9000000000	0.2000000000	1	1
17.0000000000	0.2000000000	1	1
17.1000000000	0.2000000000	1	1
17.2000000000	0.2000000000	1	1
17.3000000000	0.2000000000	1	1
17.4000000000	0.2000000000	1	1
17.5000000000	0.2000000000	1	1
17.6000000000	0.2000000000	1	1
17.7000000000	0.2000000000	1	1
17.8000000000	0.2000000000	1	1
17.9000000000	0.2000000000	1	1
18.0000000000	0.2000000000	1	1
18.1000000000	0.2000000000	1	1
18.2000000000	0.2000000000	1	1
18.3000000000	0.2000000000	1	1
18.4000000000	0.2000000000	1	1
18.5000000000	0.2000000000	1	1
18.6000000000	0.2000000000	1	1
18.7000000000	0.2000000000	1	1
18.8000000000	0.2000000000	1	4
18.9000000000	0.2000000000	1	4
19.0000000000	0.2000000000	1	4
19.1000000000	0.2000000000	1	4
19.2000000000	0.2000000000	1	4
19.3000000000	0.2000000000	1	4
19.4000000000	0.2000000000	1	4
19.5000000000	0.2000000000	1	4
19.6000000000	0.2000000000	1	4
19.7000000000	0.2000000000	1	4
19.8000000000	0.2000000000	1	4
19.9000000000	0.2000000000	1	4
20.0000000000	0.2000000000	1	4
20.1000000000	0.2000000000	1	4
20.2000000000	0.2000000000	1	4
20.3000000000	0.2000000000	1	4
20.4000000000	0.2000000000	1	4
20.5000000000	0.2000000000	1	4
20.6000000000	0.2000000000	1	4
20.7000000000	0.2000000000	1	4
20.8000000000	0.2000000000	1	4
20.9000000000	0.2000000000	1	4
21.0000000000	0.2000000000	1	4
21.1000000000	0.2000000000	1	4
21.2000000000	0.2000000000	1	4
21.3000000000	0.2000000000	1	4
21.4000000000	0.2000000000	1	4
21.5000000000	0.2000000000	1	4
21.6000000000	0.2000000000	1	4
21.7000000000	0.2000000000	1	4
21.8000000000	0.2000000000	1	4
21.9000000000	0.2000000000	1	4
22.0000000000	0.2000000000	1	4
22.1000000000	0.2000000000	1	4
22.2000000000	0.2000000000	1	4
22.3000000000	0.2000000000	1	4
22.4000000000	0.2000000000	1	4
22.5000000000	0.2000000000	1	4
22.6000000000	0.2000000000	1	4
22.7000000000	0.2000000000	1	4
22.8000000000	0.2000000000	1	4
22.9000000000	0.2000000000	1	4
23.0000000000	0.2000000000	1	4
23.1000000000	0.2000000000	1	4
23.2000000000	0.2000000000	1	4
23.3000000000	0.2000000000	1	4
23.4000000000	0.2000000000	1	4
23.5000000000	0.2000000000	1	4
23.6000000000	0.2000000000	1	4
23.7000000000	0.2000000000	1	4
23.8000000000	0.2000000000	1	4
23.9000000000	0.2000000000	1	4
24.0000000000	0.2000000000	1	4
24.1000000000	0.2000000000	1	4
24.2000000000	0.2000000000	1	4
24.3000000000	0.2000000000	1	4
24.4000000000	0.2000000000	1	4
24.5000000000	0.2000000000	1	4
24.6000000000	0.2000000000	1	4
24.7000000000	0.2000000000	1	4
24.8000000000	0.2000000000	1	4
24.9000000000	0.2000000000	1	4
25.0000000000	0.2000000000	1	1
25.1000000000	0.2000000000	1	1
25.2000000000	0.2000000000	1	1
25.3000000000	0.2000000000	1	1
25.4000000000	0.2000000000	1	1
25.5000000000	0.2000000000	1	1
25.6000000000	0.2000000000	1	1
25.7000000000	0.2000000000	1	1
25.8000000000	0.2000000000	1	1
25.9000000000	0.2000000000	1	1
26.0000000000	0.2000000000	1	1
26.1000000000	0.2000000000	1	1
26.2000000000	0.2000000000	1	1
26.3000000000	0.2000000000	1	1
26.4000000000	0.2000000000	1	1
26.5000000000	0.2000000000	1	1
26.6000000000	0.2000000000	1	1
26.7000000000	0.2000000000	1	1
26.8000000000	0.2000000000	1	1
26.9000000000	0.2000000000	1	1
27.0000000000	0.2000000000	1	1
27.1000000000	0.2000000000	1	1
27.2000000000	0.2000000000	1	1
27.3000000000	0.2000000000	1	1
27.4000000000	0.2000000000	1	1
27.5000000000	0.2000000000	1	1
27.6000000000	0.2000000000	1	1
27.7000000000	0.2000000000	1	1
27.8000000000	0.2000000000	1	1
27.9000000000	0.2000000000	1	1
28.0000000000	0.2000000000	1	1
28.1000000000	0.2000000000	1	1
28.2000000000	0.2000000000	1	1
28.3000000000	0.2000000000	1	1
28.4000000000	0.2000000000	1	1
28.5000000000	0.2000000000	1	1
28.6000000000	0.2000000000	1	1
28.7000000000	0.2000000000	1	1
28.8000000000	0.2000000000	1	1
28.9000000000	0.2000000000	1	1
29.0000000000	0.2000000000	1	1
29.1000000000	0.2000000000	1	1
29.2000000000	0.2000000000	1	1
29.3000000000	0.2000000000	1	1
29.4000000000	0.2000000000	1	1
29.5000000000	0.2000000000	1	1
29.6000000000	0.2000000000	1	1
29.7000000000	0.2000000000	1	1
29.8000000000	0.2000000000	2	1
29.9000000000	0.2001987086	2	1
30.0000000000	0.2007948367	2	1
30.1000000000	0.2017883914	2	1
30.2000000000	0.2031793845	2	1
30.3000000000	0.2049678325	2	1
30.4000000000	0.2071537565	2	1
30.5000000000	0.2097371824	2	1
30.6000000000	0.2127181408	2	1
30.7000000000	0.2160966672	2	1
30.8000000000	0.2198728014	2	1
30.9000000000	0.2240465884	2	1
31.0000000000	0.2286180775	2	1
31.1000000000	0.2335873229	2	1
31.2000000000	0.2389543837	2	1
31.3000000000	0.2447193235	2	1
31.4000000000	0.2508822106	2	1
31.5000000000	0.2574431183	2	1
31.6000000000	0.2644021244	2	1
31.7000000000	0.2717593115	2	1
31.8000000000	0.2795147670	2	1
31.9000000000	0.2876685831	2	1
32.0000000000	0.2962208567	2	1
32.1000000000	0.3051716894	2	1
32.2000000000	0.3145211878	2	1
32.3000000000	0.3242694630	2	1
32.4000000000	0.3344166311	2	1
32.5000000000	0.3449628128	2	1
32.6000000000	0.3559081339	2	1
32.7000000000	0.3672527247	2	1
32.8000000000	0.3789967204	2	1
32.9000000000	0.3911402613	2	1
33.0000000000	0.4036834921	2	1
33.1000000000	0.4166265627	2	1
33.2000000000	0.4299696276	2	1
33.3000000000	0.4437128463	2	1
33.4000000000	0.4578563831	2	1
33.5000000000	0.4724004073	2	1
33.6000000000	0.4873450929	2	1
33.7000000000	0.5026906190	2	1
33.8000000000	0.5184371696	2	1
33.9000000000	0.5345849333	2	1
34.0000000000	0.5511341041	2	1
34.1000000000	0.5680848807	2	1
34.2000000000	0.5854374667	2	1
34.3000000000	0.6031920708	2	1
34.4000000000	0.6213489066	2	1
34.5000000000	0.6399081928	2	1
34.6000000000	0.6588701531	2	1
34.7000000000	0.6782350160	2	1
34.8000000000	0.6980030154	2	1
34.9000000000	0.7179148418	2	1
35.0000000000	0.7374363287	2	1
35.1000000000	0.7565515950	2	1
35.2000000000	0.7752608747	2	1
35.3000000000	0.7935643971	2	1
35.4000000000	0.8114623862	2	1
35.5000000000	0.8289550609	2	1
35.6000000000	0.8460426349	2	1
35.7000000000	0.8627253169	2	1
35.8000000000	0.8790033106	2	1
35.9000000000	0.8948768144	2	1
36.0000000000	0.9103460219	2	1
36.1000000000	0.9254111214	2	1
36.2000000000	0.9400722964	2	1
36.3000000000	0.9543297252	2	1
36.4000000000	0.9681835811	2	1
36.5000000000	0.9816340326	2	1
36.6000000000	0.9946812429	2	1
36.7000000000	1.0073253705	2	1
36.8000000000	1.0195665687	2	1
36.9000000000	1.0314049861	2	1
37.0000000000	1.0428407660	2	1
37.1000000000	1.0538740471	2	1
37.2000000000	1.0645049629	2	1
37.3000000000	1.0747336422	2	1
37.4000000000	1.0845602086	2	1
37.5000000000	1.0939847810	2	1
37.6000000000	1.1030074735	2	1
37.7000000000	1.1116283949	2	1
37.8000000000	1.1198476495	2	1
37.9000000000	1.1276653365	2	1
38.0000000000	1.1350815503	2	1
38.1000000000	1.1420963804	2	1
38.2000000000	1.1487099115	2	1
38.3000000000	1.1549222233	2	1
38.4000000000	1.1607333908	2	1
38.5000000000	1.1661434839	2	1
38.6000000000	1.1711525680	2	1
38.7000000000	1.1757607033	2	1
38.8000000000	1.1799679455	2	1
38.9000000000	1.1837743452	2	1
39.0000000000	1.1871799482	2	1
39.1000000000	1.1901847955	2	1
39.2000000000	1.1927889234	2	1
39.3000000000	1.1949923632	2	1
39.4000000000	1.1967951414	2	1
39.5000000000	1.1981972797	2	1
39.6000000000	1.1991987950	2	1
39.7000000000	1.1997996993	2	1
39.8000000000	1.2000000000	1	8
39.9000000000	1.2000000000	1	8
40.0000000000	1.2000000000	1	8
40.1000000000	1.2000000000	1	8
40.2000000000	1.2000000000	1	8
40.3000000000	1.2000000000	1	8
40.4000000000	1.2000000000	1	8
40.5000000000	1.2000000000	1	8
40.6000000000	1.2000000000	1	8
40.7000000000	1.2000000000	1	8
40.8000000000	1.2000000000	1	8
40.9000000000	1.2000000000	1	8
41.0000000000	1.2000000000	1	8
41.1000000000	1.2000000000	1	8
41.2000000000	1.2000000000	1	8
41.3000000000	1.2000000000	1	8
41.4000000000	1.2000000000	1	8
41.5000000000	1.2000000000	1	8
41.6000000000	1.2000000000	1	8
41.7000000000	1.2000000000	1	8
41.8000000000	1.2000000000	1	8
41.9000000000	1.2000000000	1	8
42.0000000000	1.2000000000	1	8
42.1000000000	1.2000000000	1	8
42.2000000000	1.2000000000	1	8
42.3000000000	1.2000000000	1	8
42.4000000000	1.2000000000	1	8
42.5000000000	1.2000000000	1	8
42.6000000000	1.2000000000	1	8
42.7000000000	1.2000000000	1	8
42.8000000000	1.2000000000	1	8
42.9000000000	1.2000000000	1	8
43.0000000000	1.2000000000	1	8
43.1000000000	1.2000000000	1	8
43.2000000000	1.2000000000	1	8
43.3000000000	1.2000000000	1	8
43.4000000000	1.2000000000	1	8
43.5000000000	1.2000000000	1	8
43.6000000000	1.2000000000	1	8
43.7000000000	1.2000000000	1	8
43.8000000000	1.2000000000	1	8
43.9000000000	1.2000000000	1	8
44.0000000000	1.2000000000	1	8
44.1000000000	1.2000000000	1	8
44.2000000000	1.2000000000	1	8
44.3000000000	1.2000000000	1	8
44.4000000000	1.2000000000	1	8
44.5000000000	1.2000000000	1	8
44.6000000000	1.2000000000	1	8
44.7000000000	1.2000000000	1	8
44.8000000000	1.2000000000	1	8
44.9000000000	1.2000000000	1	8
45.0000000000	1.2000000000	1	8
45.1000000000	1.2000000000	1	8
45.2000000000	1.2000000000	1	8
45.3000000000	1.2000000000	1	8
45.4000000000	1.2000000000	1	8
45.5000000000	1.2000000000	1	8
45.6000000000	1.2000000000	1	8
45.7000000000	1.2000000000	1	8
45.8000000000	1.2000000000	1	8
45.9000000000	1.2000000000	1	8
46.0000000000	1.2000000000	1	8
46.1000000000	1.2000000000	1	8
46.2000000000	1.2000000000	1	8
46.3000000000	1.2000000000	1	8
46.4000000000	1.2000000000	1	8
46.5000000000	1.2000000000	1	8
46.6000000000	1.2000000000	1	8
46.7000000000	1.2000000000	1	8
46.8000000000	1.2000000000	1	8
46.9000000000	1.2000000000	1	8
47.0000000000	1.2000000000	1	8
47.1000000000	1.2000000000	1	8
47.2000000000	1.2000000000	1	8
47.3000000000	1.2000000000	1	8
47.4000000000	1.2000000000	1	8
47.5000000000	1.2000000000	1	8
47.6000000000	1.2000000000	1	8
47.7000000000	1.2000000000	1	8
47.8000000000	1.2000000000	1	8
47.9000000000	1.2000000000	1	8
48.0000000000	1.2000000000	1	8
48.1000000000	1.2000000000	1	8
48.2000000000	1.2000000000	1	8
48.3000000000	1.2000000000	1	8
48.4000000000	1.2000000000	1	8
48.5000000000	1.2000000000	1	8
48.6000000000	1.2000000000	1	8
48.7000000000	1.2000000000	1	8
48.8000000000	1.2000000000	1	8
48.9000000000	1.2000000000	1	8
49.0000000000	1.2000000000	1	8
49.1000000000	1.2000000000	1	8
49.2000000000	1.2000000000	1	8
49.3000000000	1.2000000000	1	8
49.4000000000	1.2000000000	1	8
49.5000000000	1.2000000000	1	8
49.6000000000	1.2000000000	1	8
49.7000000000	1.2000000000	1	8
49.8000000000	1.2000000000	1	8
49.9000000000	1.2000000000	1	8
50.0000000000	1.2000000000	1	8
50.1000000000	1.2000000000	1	8
50.2000000000	1.2000000000	1	8
50.3000000000	1.2000000000	1	8
50.4000000000	1.2000000000	1	8
50.5000000000	1.2000000000	1	8
50.6000000000	1.2000000000	1	8
50.7000000000	1.2000000000	1	8
50.8000000000	1.2000000000	1	8
50.9000000000	1.2000000000	1	8
51.0000000000	1.2000000000	1	8
51.1000000000	1.2000000000	1	8
51.2000000000	1.2000000000	1	8
51.3000000000	1.2000000000	1	8
51.4000000000	1.2000000000	1	8
51.5000000000	1.2000000000	1	8
51.6000000000	1.2000000000	1	8
51.7000000000	1.2000000000	1	8
51.8000000000	1.2000000000	1	8
51.9000000000	1.2000000000	1	8
52.0000000000	1.2000000000	1	8
52.1000000000	1.2000000000	1	8
52.2000000000	1.2000000000	1	8
52.3000000000	1.2000000000	1	8
52.4000000000	1.2000000000	1	8
52.5000000000	1.2000000000	1	8
52.6000000000	1.2000000000	1	8
52.7000000000	1.2000000000	1	8
52.8000000000	1.2000000000	1	8
52.9000000000	1.2000000000	1	8
53.0000000000	1.2000000000	1	8
53.1000000000	1.2000000000	1	8
53.2000000000	1.2000000000	1	8
53.3000000000	1.2000000000	1	8
53.4000000000	1.2000000000	1	8
53.5000000000	1.2000000000	1	8
53.6000000000	1.2000000000	1	8
53.7000000000	1.2000000000	1	8
53.8000000000	1.2000000000	1	8
53.9000000000	1.2000000000	1	8
54.0000000000	1.2000000000	1	8
54.1000000000	1.2000000000	1	8
54.2000000000	1.2000000000	1	8
54.3000000000	1.2000000000	1	8
54.4000000000	1.2000000000	1	8
54.5000000000	1.2000000000	1	8
54.6000000000	1.2000000000	1	8
54.7000000000	1.2000000000	1	8
54.8000000000	1.2000000000	1	8
54.9000000000	1.2000000000	1	8
55.0000000000	1.2000000000	1	8
55.1000000000	1.2000000000	1	8
55.2000000000	1.2000000000	1	8
55.3000000000	1.2000000000	1	8
55.4000000000	1.2000000000	1	8
55.5000000000	1.2000000000	1	8
55.6000000000	1.2000000000	1	8
55.7000000000	1.2000000000	1	8
55.8000000000	1.2000000000	1	8
55.9000000000	1.2000000000	1	8
56.0000000000	1.2000000000	1	8
56.1000000000	1.2000000000	1	8
56.2000000000	1.2000000000	1	8
56.3000000000	1.2000000000	1	8
56.4000000000	1.2000000000	1	8
56.5000000000	1.2000000000	1	8
56.6000000000	1.2000000000	1	8
56.7000000000	1.2000000000	1	8
56.8000000000	1.2000000000	1	8
56.9000000000	1.2000000000	1	8
57.0000000000	1.2000000000	1	8
57.1000000000	1.2000000000	1	8
57.2000000000	1.2000000000	1	8
57.3000000000	1.2000000000	1	8
57.4000000000	1.2000000000	1	8
57.5000000000	1.2000000000	1	8
57.6000000000	1.2000000000	1	8
57.7000000000	1.2000000000	1	8
57.8000000000	1.2000000000	1	8
57.9000000000	1.2000000000	1	8
58.0000000000	1.2000000000	1	8
58.1000000000	1.2000000000	1	8
58.2000000000	1.2000000000	1	8
58.3000000000	1.2000000000	1	8
58.4000000000	1.2000000000	1	8
58.5000000000	1.2000000000	1	8
58.6000000000	1.2000000000	1	8
58.7000000000	1.2000000000	1	8
58.8000000000	1.2000000000	1	8
58.9000000000	1.2000000000	1	8
59.0000000000	1.2000000000	1	8
59.1000000000	1.2000000000	1	8
59.2000000000	1.2000000000	1	8
59.3000000000	1.2000000000	1	8
59.4000000000	1.2000000000	1	8
59.5000000000	1.2000000000	1	8
59.6000000000	1.2000000000	1	8
59.7000000000	1.2000000000	1	8
59.8000000000	1.2000000000	1	8
59.9000000000	1.2000000000	1	8
60.0000000000	1.2000000000	1	8
60.1000000000	1.2000000000	1	8
60.2000000000	1.2000000000	1	8
60.3000000000	1.2000000000	1	8
60.4000000000	1.2000000000	1	8
60.5000000000	1.2000000000	1	8
60.6000000000	1.2000000000	1	8
60.7000000000	1.2000000000	1	8
60.8000000000	1.2000000000	1	8
60.9000000000	1.2000000000	1	8
61.0000000000	1.2000000000	1	8
61.1000000000	1.2000000000	1	8
61.2000000000	1.2000000000	1	8
61.3000000000	1.2000000000	1	8
61.4000000000	1.2000000000	1	8
61.5000000000	1.2000000000	1	8
61.6000000000	1.2000000000	1	8
61.7000000000	1.2000000000	1	8
61.8000000000	1.2000000000	1	8
61.9000000000	1.2000000000	1	8
62.0000000000	1.2000000000	1	8
62.1000000000	1.2000000000	1	8
62.2000000000	1.2000000000	1	8
62.3000000000	1.2000000000	1	8
62.4000000000	1.2000000000	1	8
62.5000000000	1.2000000000	1	8
62.6000000000	1.2000000000	1	8
62.7000000000	1.2000000000	1	8
62.8000000000	1.2000000000	1	8
62.9000000000	1.2000000000	1	8
63.0000000000	1.2000000000	1	8
63.1000000000	1.2000000000	1	8
63.2000000000	1.2000000000	1	8
63.3000000000	1.2000000000	1	8
63.4000000000	1.2000000000	1	8
63.5000000000	1.2000000000	1	8
63.6000000000	1.2000000000	1	8
63.7000000000	1.2000000000	1	8
63.8000000000	1.2000000000	1	8
63.9000000000	1.2000000000	1	8
64.0000000000	1.2000000000	1	8
64.1000000000	1.2000000000	1	8
64.2000000000	1.2000000000	1	8
64.3000000000	1.2000000000	1	8
64.4000000000	1.2000000000	1	8
64.5000000000	1.2000000000	1	8
64.6000000000	1.2000000000	1	8
64.7000000000	1.2000000000	1	8
64.8000000000	1.2000000000	1	8
64.9000000000	1.2000000000	1	8
65.0000000000	1.2000000000	1	8
65.1000000000	1.2000000000	1	8
65.2000000000	1.2000000000	1	8
65.3000000000	1.2000000000	1	8
65.4000000000	1.2000000000	1	8
65.5000000000	1.2000000000	1	8
65.6000000000	1.2000000000	1	8
65.7000000000	1.2000000000	1	8
65.8000000000	1.2000000000	1	8
65.9000000000	1.2000000000	1	8
66.0000000000	1.2000000000	1	8
66.1000000000	1.2000000000	1	8
66.2000000000	1.2000000000	1	8
66.3000000000	1.2000000000	1	8
66.4000000000	1.2000000000	1	8
66.5000000000	1.2000000000	1	8
66.6000000000	1.2000000000	1	8
66.7000000000	1.2000000000	1	8
66.8000000000	1.2000000000	1	8
66.9000000000	1.2000000000	1	8
67.0000000000	1.2000000000	1	8
67.1000000000	1.2000000000	1	8
67.2000000000	1.2000000000	1	8
67.3000000000	1.2000000000	1	8
67.4000000000	1.2000000000	1	8
67.5000000000	1.2000000000	1	8
67.6000000000	1.2000000000	1	8
67.7000000000	1.2000000000	1	8
67.8000000000	1.2000000000	1	8
67.9000000000	1.2000000000	1	8
68.0000000000	1.2000000000	1	8
68.1000000000	1.2000000000	1	8
68.2000000000	1.2000000000	1	8
68.3000000000	1.2000000000	1	8
68.4000000000	1.2000000000	1	8
68.5000000000	1.2000000000	1	8
68.6000000000	1.2000000000	1	8
68.7000000000	1.2000000000	1	8
68.8000000000	1.2000000000	1	8
68.9000000000	1.2000000000	1	8
69.0000000000	1.2000000000	1	8
69.1000000000	1.2000000000	1	8
69.2000000000	1.2000000000	1	8
69.3000000000	1.2000000000	1	8
69.4000000000	1.2000000000	1	8
69.5000000000	1.2000000000	1	8
69.6000000000	1.2000000000	1	8
69.7000000000	1.2000000000	1	8
69.8000000000	1.2000000000	2	1
69.9000000000	1.1997996993	2	1
70.0000000000	1.1991987950	2	1
70.1000000000	1.1981972797	2	1
70.2000000000	1.1967951414	2	1
70.3000000000	1.1949923632	2	1
70.4000000000	1.1927889234	2	1
70.5000000000	1.1901847955	2	1
70.6000000000	1.1871799482	2	1
70.7000000000	1.1837743452	2	1
70.8000000000	1.1799679455	2	1
70.9000000000	1.1757607033	2	1
71.0000000000	1.1711525680	2	1
71.1000000000	1.1661434839	2	1
71.2000000000	1.1607333908	2	1
71.3000000000	1.1549222233	2	1
71.4000000000	1.1487099115	2	1
71.5000000000	1.1420963804	2	1
71.6000000000	1.1350815503	2	1
71.7000000000	1.1276653365	2	1
71.8000000000	1.1198476495	2	1
71.9000000000	1.1116283949	2	1
72.0000000000	1.1030074735	2	1
72.1000000000	1.0939847810	2	1
72.2000000000	1.0845602086	2	1
72.3000000000	1.0747336422	2	1
72.4000000000	1.0645049629	2	1
72.5000000000	1.0538740471	2	1
72.6000000000	1.0428407660	2	1
72.7000000000	1.0314049861	2	1
72.8000000000	1.0195665687	2	1
72.9000000000	1.0073253705	2	1
73.0000000000	0.9946812429	2	1
73.1000000000	0.9816340326	2	1
73.2000000000	0.9681835811	2	1
73.3000000000	0.9543297252	2	1
73.4000000000	0.9400722964	2	1
73.5000000000	0.9254111214	2	1
73.6000000000	0.9103460219	2	1
73.7000000000	0.8948768144	2	1
73.8000000000	0.8790033106	2	1
73.9000000000	0.8627253169	2	1
74.0000000000	0.8460426349	2	1
74.1000000000	0.8289550609	2	1
74.2000000000	0.8114623862	2	1
74.3000000000	0.7935643971	2	1
74.4000000000	0.7752608747	2	1
74.5000000000	0.7565515950	2	1
74.6000000000	0.7374363287	2	1
74.7000000000	0.7179148418	2	1
74.8000000000	0.6980030154	2	1
74.9000000000	0.6782350160	2	1
75.0000000000	0.6588701531	2	1
75.1000000000	0.6399081928	2	1
75.2000000000	0.6213489066	2	1
75.3000000000	0.6031920708	2	1
75.4000000000	0.5854374667	2	1
75.5000000000	0.5680848807	2	1
75.6000000000	0.5511341041	2	1
75.7000000000	0.5345849333	2	1
75.8000000000	0.5184371696	2	1
75.9000000000	0.5026906190	2	1
76.0000000000	0.4873450929	2	1
76.1000000000	0.4724004073	2	1
76.2000000000	0.4578563831	2	1
76.3000000000	0.4437128463	2	1
76.4000000000	0.4299696276	2	1
76.5000000000	0.4166265627	2	1
76.6000000000	0.4036834921	2	1
76.7000000000	0.3911402613	2	1
76.8000000000	0.3789967204	2	1
76.9000000000	0.3672527247	2	1
77.0000000000	0.3559081339	2	1
77.1000000000	0.3449628128	2	1
77.2000000000	0.3344166311	2	1
77.3000000000	0.3242694630	2	1
77.4000000000	0.3145211878	2	1
77.5000000000	0.3051716894	2	1
77.6000000000	0.2962208567	2	1
77.7000000000	0.2876685831	2	1
77.8000000000	0.2795147670	2	1
77.9000000000	0.2717593115	2	1
78.0000000000	0.2644021244	2	1
78.1000000000	0.2574431183	2	1
78.2000000000	0.2508822106	2	1
78.3000000000	0.2447193235	2	1
78.4000000000	0.2389543837	2	1
78.5000000000	0.2335873229	2	1
78.6000000000	0.2286180775	2	1
78.7000000000	0.2240465884	2	1
78.8000000000	0.2198728014	2	1
78.9000000000	0.2160966672	2	1
79.0000000000	0.2127181408	2	1
79.1000000000	0.2097371824	2	1
79.2000000000	0.2071537565	2	1
79.3000000000	0.2049678325	2	1
79.4000000000	0.2031793845	2	1
79.5000000000	0.2017883914	2	1
79.6000000000	0.2007948367	2	1
79.7000000000	0.2001987086	2	1
79.8000000000	0.2000000000	1	1
79.9000000000	0.2000000000	1	1
80.0000000000	0.2000000000	1	1
80.1000000000	0.2000000000	1	1
80.2000000000	0.2000000000	1	1
80.3000000000	0.2000000000	1	1
80.4000000000	0.2000000000	1	1
80.5000000000	0.2000000000	1	1
80.6000000000	0.2000000000	1	1
80.7000000000	0.2000000000	1	1
80.8000000000	0.2000000000	1	1
80.9000000000	0.2000000000	1	1
81.0000000000	0.2000000000	1	1
81.1000000000	0.2000000000	1	1
81.2000000000	0.2000000000	1	1
81.3000000000	0.2000000000	1	1
81.4000000000	0.2000000000	1	1
81.5000000000	0.2000000000	1	1
81.6000000000	0.2000000000	1	1
81.7000000000	0.2000000000	1	1
81.8000000000	0.2000000000	1	1
81.9000000000	0.2000000000	1	1
82.0000000000	0.2000000000	1	1
82.1000000000	0.2000000000	1	1
82.2000000000	0.2000000000	1	1
82.3000000000	0.2000000000	1	1
82.4000000000	0.2000000000	1	1
82.5000000000	0.2000000000	1	1
82.6000000000	0.2000000000	1	1
82.7000000000	0.2000000000	1	1
82.8000000000	0.2000000000	1	1
82.9000000000	0.2000000000	1	1
83.0000000000	0.2000000000	1	1
83.1000000000	0.2000000000	1	1
83.2000000000	0.2000000000	1	1
83.3000000000	0.2000000000	1	1
83.4000000000	0.2000000000	1	1
83.5000000000	0.2000000000	1	1
83.6000000000	0.2000000000	1	1
83.7000000000	0.2000000000	1	1
83.8000000000	0.2000000000	1	1
83.9000000000	0.2000000000	1	1
84.0000000000	0.2000000000	1	1
84.1000000000	0.2000000000	1	1
84.2000000000	0.2000000000	1	1
84.3000000000	0.2000000000	1	1
84.4000000000	0.2000000000	1	1
84.5000000000	0.2000000000	1	1
84.6000000000	0.2000000000	1	2
84.7000000000	0.2000000000	1	2
84.8000000000	0.2000000000	1	2
84.9000000000	0.2000000000	1	2
85.0000000000	0.2000000000	1	2
85.1000000000	0.2000000000	1	2
85.2000000000	0.2000000000	1	2
85.3000000000	0.2000000000	1	2
85.4000000000	0.2000000000	1	2
85.5000000000	0.2000000000	1	2
85.6000000000	0.2000000000	1	2
85.7000000000	0.2000000000	1	2
85.8000000000	0.2000000000	1	2
85.9000000000	0.2000000000	1	2
86.0000000000	0.2000000000	1	2
86.1000000000	0.2000000000	1	2
86.2000000000	0.2000000000	1	2
86.3000000000	0.2000000000	1	2
86.4000000000	0.2000000000	1	2
86.5000000000	0.2000000000	1	2
86.6000000000	0.2000000000	1	2
86.7000000000	0.2000000000	1	2
86.8000000000	0.2000000000	1	2
86.9000000000	0.2000000000	1	2
87.0000000000	0.2000000000	1	2
87.1000000000	0.2000000000	1	2
87.2000000000	0.2000000000	1	2
87.3000000000	0.2000000000	1	2
87.4000000000	0.2000000000	1	2
87.5000000000	0.2000000000	1	2
87.6000000000	0.2000000000	1	2
87.7000000000	0.2000000000	1	2
87.8000000000	0.2000000000	1	2
87.9000000000	0.2000000000	1	2
88.0000000000	0.2000000000	1	2
88.1000000000	0.2000000000	1	2
88.2000000000	0.2000000000	1	2
88.3000000000	0.2000000000	1	2
88.4000000000	0.2000000000	1	2
88.5000000000	0.2000000000	1	2
88.6000000000	0.2000000000	1	2
88.7000000000	0.2000000000	1	2
88.8000000000	0.2000000000	1	2
88.9000000000	0.2000000000	1	2
89.0000000000	0.2000000000	1	2
89.1000000000	0.2000000000	1	2
89.2000000000	0.2000000000	1	2
89.3000000000	0.2000000000	1	2
89.4000000000	0.2000000000	1	2
89.5000000000	0.2000000000	1	2
89.6000000000	0.2000000000	1	2
89.7000000000	0.2000000000	1	2
89.8000000000	0.2000000000	1	2
89.9000000000	0.2000000000	1	2
90.0000000000	0.2000000000	1	2
90.1000000000	0.2000000000	1	2
90.2000000000	0.2000000000	1	2
90.3000000000	0.2000000000	1	2
90.4000000000	0.2000000000	1	2
90.5000000000	0.2000000000	1	2
90.6000000000	0.2000000000	1	2
90.7000000000	0.2000000000	1	2
90.8000000000	0.2000000000	1	1
90.9000000000	0.2000000000	1	1
91.0000000000	0.2000000000	1	1
91.1000000000	0.2000000000	1	1
91.2000000000	0.2000000000	1	1
91.3000000000	0.2000000000	1	1
91.4000000000	0.2000000000	1	1
91.5000000000	0.2000000000	1	1
91.6000000000	0.2000000000	1	1
91.7000000000	0.2000000000	1	1
91.8000000000	0.2000000000	1	1
91.9000000000	0.2000000000	1	1
92.0000000000	0.2000000000	1	1
92.1000000000	0.2000000000	1	1
92.2000000000	0.2000000000	1	1
92.3000000000	0.2000000000	1	1
92.4000000000	0.2000000000	1	1
92.5000000000	0.2000000000	1	1
92.6000000000	0.2000000000	1	1
92.7000000000	0.2000000000	1	1
92.8000000000	0.2000000000	1	1
92.9000000000	0.2000000000	1	1
93.0000000000	0.2000000000	1	1
93.1000000000	0.2000000000	1	1
93.2000000000	0.2000000000	1	1
93.3000000000	0.2000000000	1	1
93.4000000000	0.2000000000	1	1
93.5000000000	0.2000000000	1	1
93.6000000000	0.2000000000	1	1
93.7000000000	0.2000000000	1	1
93.8000000000	0.2000000000	1	1
93.9000000000	0.2000000000	1	1
94.0000000000	0.2000000000	1	1
94.1000000000	0.2000000000	1	1
94.2000000000	0.2000000000	1	1
94.3000000000	0.2000000000	1	1
94.4000000000	0.2000000000	1	1
94.5000000000	0.2000000000	1	1
94.6000000000	0.2000000000	1	1
94.7000000000	0.2000000000	1	1
94.8000000000	0.2000000000	1	1
94.9000000000	0.2000000000	1	1
95.0000000000	0.2000000000	1	1
95.1000000000	0.2000000000	1	1
95.2000000000	0.2000000000	1	1
95.3000000000	0.2000000000	1	1
95.4000000000	0.2000000000	1	1
95.5000000000	0.2000000000	1	1
95.6000000000	0.2000000000	1	1
95.7000000000	0.2000000000	1	1
95.8000000000	0.2000000000	1	1
95.9000000000	0.2000000000	1	1
96.0000000000	0.2000000000	1	1
96.1000000000	0.2000000000	1	1
96.2000000000	0.2000000000	1	1
96.3000000000	0.2000000000	1	1
96.4000000000	0.2000000000	1	1
96.5000000000	0.2000000000	1	1
96.6000000000	0.2000000000	1	1
96.7000000000	0.2000000000	1	1
96.8000000000	0.2000000000	1	1
96.9000000000	0.2000000000	1	1
97.0000000000	0.2000000000	1	1
97.1000000000	0.2000000000	1	1
97.2000000000	0.2000000000	1	1
97.3000000000	0.2000000000	1	1
97.4000000000	0.2000000000	1	1
97.5000000000	0.2000000000	1	1
97.6000000000	0.2000000000	1	1
97.7000000000	0.2000000000	1	1
97.8000000000	0.2000000000	1	1
97.9000000000	0.2000000000	1	1
98.0000000000	0.2000000000	1	1
98.1000000000	0.2000000000	1	1
98.2000000000	0.2000000000	1	1
98.3000000000	0.2000000000	1	1
98.4000000000	0.2000000000	1	1
98.5000000000	0.2000000000	1	1
98.6000000000	0.2000000000	1	1
98.7000000000	0.2000000000	1	1
98.8000000000	0.2000000000	1	1
98.9000000000	0.2000000000	1	1
99.0000000000	0.2000000000	1	1
99.1000000000	0.2000000000	1	1
99.2000000000	0.2000000000	1	1
99.3000000000	0.2000000000	1	1
99.4000000000	0.2000000000	1	1
99.5000000000	0.2000000000	1	1
99.6000000000	0.2000000000	1	1
99.7000000000	0.2000000000	1	1
99.8000000000	0.2000000000	1	1
99.9000000000	0.2000000000	1	1
100.0000000000	0.2000000000	1	1
100.1000000000	0.2000000000	1	1
100.2000000000	0.2000000000	1	1
100.3000000000	0.2000000000	1	1
100.4000000000	0.2000000000	1	1
100.5000000000	0.2000000000	1	1
100.6000000000	0.2000000000	1	1
100.7000000000	0.2000000000	1	1
100.8000000000	0.2000000000	1	1
100.9000000000	0.2000000000	1	1
101.0000000000	0.2000000000	1	1
101.1000000000	0.2000000000	1	1
101.2000000000	0.2000000000	1	1
101.3000000000	0.2000000000	1	1
101.4000000000	0.2000000000	1	1
101.5000000000	0.2000000000	1	1
101.6000000000	0.2000000000	1	1
101.7000000000	0.2000000000	1	1
101.8000000000	0.2000000000	1	1
101.9000000000	0.2000000000	1	1
102.0000000000	0.2000000000	1	1
102.1000000000	0.2000000000	1	1
102.2000000000	0.2000000000	1	1
102.3000000000	0.2000000000	1	1
102.4000000000	0.2000000000	1	1
102.5000000000	0.2000000000	1	1
102.6000000000	0.2000000000	1	1
102.7000000000	0.2000000000	1	1
102.8000000000	0.2000000000	1	1
102.9000000000	0.2000000000	1	1
103.0000000000	0.2000000000	1	1
103.1000000000	0.2000000000	1	1
103.2000000000	0.2000000000	1	1
103.3000000000	0.2000000000	1	1
103.4000000000	0.2000000000	1	1
103.5000000000	0.2000000000	1	1
103.6000000000	0.2000000000	1	1
103.7000000000	0.2000000000	1	1
103.8000000000	0.2000000000	1	1
103.9000000000	0.2000000000	1	1
104.0000000000	0.2000000000	1	1
104.1000000000	0.2000000000	1	1
104.2000000000	0.2000000000	1	1
104.3000000000	0.2000000000	1	1
104.4000000000	0.2000000000	1	1
104.5000000000	0.2000000000	1	1
104.6000000000	0.2000000000	1	1
104.7000000000	0.2000000000	1	1
104.8000000000	0.2000000000	1	1
104.9000000000	0.2000000000	1	1
105.0000000000	0.2000000000	1	1
105.1000000000	0.2000000000	1	1
105.2000000000	0.2000000000	1	1
105.3000000000	0.2000000000	1	1
105.4000000000	0.2000000000	1	1
105.5000000000	0.2000000000	1	1
105.6000000000	0.2000000000	1	1
105.7000000000	0.2000000000	1	1
105.8000000000	0.2000000000	1	1
105.9000000000	0.2000000000	1	1
106.0000000000	0.2000000000	1	1
106.1000000000	0.2000000000	1	1
106.2000000000	0.2000000000	1	1
106.3000000000	0.2000000000	1	1
106.4000000000	0.2000000000	1	1
106.5000000000	0.2000000000	1	1
106.6000000000	0.2000000000	1	1
106.7000000000	0.2000000000	1	1
106.8000000000	0.2000000000	1	1
106.9000000000	0.2000000000	1	1
107.0000000000	0.2000000000	1	1
107.1000000000	0.2000000000	1	1
107.2000000000	0.2000000000	1	1
107.3000000000	0.2000000000	1	1
107.4000000000	0.2000000000	1	1
107.5000000000	0.2000000000	1	1
107.6000000000	0.2000000000	1	1
107.7000000000	0.2000000000	1	1
107.8000000000	0.2000000000	1	1
107.9000000000	0.2000000000	1	1
108.0000000000	0.2000000000	1	1
108.1000000000	0.2000000000	1	1
108.2000000000	0.2000000000	1	1
108.3000000000	0.2000000000	1	1
108.4000000000	0.2000000000	1	1
108.5000000000	0.2000000000	1	1
108.6000000000	0.2000000000	1	1
108.7000000000	0.2000000000	1	1
108.8000000000	0.2000000000	1	1
108.9000000000	0.2000000000	1	1
109.0000000000	0.2000000000	1	1
109.1000000000	0.2000000000	1	1
109.2000000000	0.2000000000	1	1
109.3000000000	0.2000000000	1	1
109.4000000000	0.2000000000	1	1
109.5000000000	0.2000000000	1	1
109.6000000000	0.2000000000	1	1
