z[um]	w[um]	pcm(0:si, 1:cpcm, 2:apcm)
0.0000000000 0.4500000000 1
0.1000000000 0.4500000000 1
0.2000000000 0.4500000000 1
0.3000000000 0.4500000000 1
0.4000000000 0.4500000000 1
0.5000000000 0.4500000000 1
0.6000000000 0.4500000000 1
0.7000000000 0.4500000000 1
0.8000000000 0.4500000000 1
0.9000000000 0.4500000000 1
1.0000000000 0.4500000000 1
1.1000000000 0.4500000000 1
1.2000000000 0.4500000000 1
1.3000000000 0.4500000000 1
1.4000000000 0.4500000000 1
1.5000000000 0.4500000000 1
1.6000000000 0.4500000000 1
1.7000000000 0.4500000000 1
1.8000000000 0.4500000000 1
1.9000000000 0.4500000000 1
2.0000000000 0.4500000000 1
2.1000000000 0.4500000000 1
2.2000000000 0.4500000000 1
2.3000000000 0.4500000000 1
2.4000000000 0.4500000000 1
2.5000000000 0.4500000000 1
2.6000000000 0.4500000000 1
2.7000000000 0.4500000000 1
2.8000000000 0.4500000000 1
2.9000000000 0.4500000000 1
3.0000000000 0.4500000000 1
3.1000000000 0.4500000000 1
3.2000000000 0.4500000000 1
3.3000000000 0.4500000000 1
3.4000000000 0.4500000000 1
3.5000000000 0.4500000000 1
3.6000000000 0.4500000000 1
3.7000000000 0.4500000000 1
3.8000000000 0.4500000000 1
3.9000000000 0.4500000000 1
4.0000000000 0.4500000000 1
4.1000000000 0.4500000000 2
4.2000000000 0.4500000000 2
4.3000000000 0.4500000000 2
4.4000000000 0.4500000000 2
4.5000000000 0.4500000000 2
4.6000000000 0.4500000000 2
4.7000000000 0.4500000000 2
4.8000000000 0.4500000000 2
4.9000000000 0.4500000000 2
5.0000000000 0.4500000000 2
5.1000000000 0.4500000000 2
5.2000000000 0.4500000000 2
5.3000000000 0.4500000000 2
5.4000000000 0.4500000000 2
5.5000000000 0.4500000000 2
5.6000000000 0.4500000000 2
5.7000000000 0.4500000000 2
5.8000000000 0.4500000000 2
5.9000000000 0.4500000000 2
6.0000000000 0.4500000000 2
6.1000000000 0.4500000000 2
6.2000000000 0.4500000000 2
6.3000000000 0.4500000000 2
6.4000000000 0.4500000000 2
6.5000000000 0.4500000000 2
6.6000000000 0.4500000000 2
6.7000000000 0.4500000000 2
6.8000000000 0.4500000000 2
6.9000000000 0.4500000000 2
7.0000000000 0.4500000000 2
7.1000000000 0.4500000000 2
7.2000000000 0.4500000000 2
7.3000000000 0.4500000000 2
7.4000000000 0.4500000000 2
7.5000000000 0.4500000000 2
7.6000000000 0.4500000000 2
7.7000000000 0.4500000000 2
7.8000000000 0.4500000000 2
7.9000000000 0.4500000000 2
8.0000000000 0.4500000000 2
8.1000000000 0.4500000000 1
8.2000000000 0.4500000000 1
8.3000000000 0.4500000000 1
8.4000000000 0.4500000000 1
8.5000000000 0.4500000000 1
8.6000000000 0.4500000000 1
8.7000000000 0.4500000000 1
8.8000000000 0.4500000000 1
8.9000000000 0.4500000000 1
9.0000000000 0.4500000000 1
9.1000000000 0.4500000000 1
9.2000000000 0.4500000000 1
9.3000000000 0.4500000000 1
9.4000000000 0.4500000000 1
9.5000000000 0.4500000000 1
9.6000000000 0.4500000000 1
9.7000000000 0.4500000000 1
9.8000000000 0.4500000000 1
9.9000000000 0.4500000000 1
10.0000000000 0.4500000000 1
10.1000000000 0.4500000000 1
10.2000000000 0.4500000000 1
10.3000000000 0.4500000000 1
10.4000000000 0.4500000000 1
10.5000000000 0.4500000000 1
10.6000000000 0.4500000000 1
10.7000000000 0.4500000000 1
10.8000000000 0.4500000000 1
10.9000000000 0.4500000000 1
11.0000000000 0.4500000000 1
11.1000000000 0.4500000000 1
11.2000000000 0.4500000000 1
11.3000000000 0.4500000000 1
11.4000000000 0.4500000000 1
11.5000000000 0.4500000000 1
11.6000000000 0.4500000000 1
11.7000000000 0.4500000000 1
11.8000000000 0.4500000000 1
11.9000000000 0.4500000000 1
12.0000000000 0.4500000000 1
12.1000000000 0.4500000000 1
12.2000000000 0.4500000000 1
12.3000000000 0.4500000000 1
12.4000000000 0.4500000000 1
12.5000000000 0.4500000000 1
12.6000000000 0.4500000000 1
12.7000000000 0.4500000000 1
12.8000000000 0.4500000000 1
12.9000000000 0.4500000000 1
13.0000000000 0.4500000000 1
13.1000000000 0.4500000000 1
13.2000000000 0.4500000000 1
13.3000000000 0.4500000000 1
13.4000000000 0.4500000000 1
13.5000000000 0.4500000000 1
13.6000000000 0.4500000000 1
13.7000000000 0.4500000000 1
13.8000000000 0.4500000000 1
13.9000000000 0.4500000000 1
14.0000000000 0.4500000000 1
14.1000000000 0.4500000000 1
14.2000000000 0.4500000000 1
14.3000000000 0.4500000000 1
14.4000000000 0.4500000000 1
14.5000000000 0.4500000000 1
14.6000000000 0.4500000000 1
14.7000000000 0.4500000000 1
14.8000000000 0.4500000000 1
14.9000000000 0.4500000000 1
15.0000000000 0.4500000000 1
15.1000000000 0.4500000000 1
15.2000000000 0.4500000000 1
15.3000000000 0.4500000000 1
15.4000000000 0.4500000000 1
15.5000000000 0.4500000000 1
15.6000000000 0.4500000000 1
15.7000000000 0.4500000000 1
15.8000000000 0.4500000000 1
15.9000000000 0.4500000000 1
16.0000000000 0.4500000000 1
16.1000000000 0.4500000000 1
16.2000000000 0.4500000000 1
16.3000000000 0.4500000000 1
16.4000000000 0.4500000000 1
16.5000000000 0.4500000000 1
16.6000000000 0.4500000000 1
16.7000000000 0.4500000000 1
16.8000000000 0.4500000000 1
16.9000000000 0.4500000000 1
17.0000000000 0.4500000000 1
17.1000000000 0.4500000000 1
17.2000000000 0.4500000000 1
17.3000000000 0.4500000000 1
17.4000000000 0.4500000000 1
17.5000000000 0.4500000000 1
17.6000000000 0.4500000000 1
17.7000000000 0.4500000000 1
17.8000000000 0.4500000000 1
17.9000000000 0.4500000000 1
18.0000000000 0.4500000000 1
18.1000000000 0.4500000000 1
18.2000000000 0.4500000000 1
18.3000000000 0.4500000000 1
18.4000000000 0.4500000000 1
18.5000000000 0.4500000000 1
18.6000000000 0.4500000000 1
18.7000000000 0.4500000000 1
18.8000000000 0.4500000000 1
18.9000000000 0.4500000000 1
19.0000000000 0.4500000000 1
19.1000000000 0.4500000000 1
19.2000000000 0.4500000000 1
19.3000000000 0.4500000000 1
19.4000000000 0.4500000000 1
19.5000000000 0.4500000000 1
19.6000000000 0.4500000000 1
19.7000000000 0.4500000000 1
19.8000000000 0.4500000000 1
19.9000000000 0.4500000000 1
20.0000000000 0.4500000000 1
20.1000000000 0.4500000000 1
20.2000000000 0.4500000000 1
20.3000000000 0.4500000000 1
20.4000000000 0.4500000000 1
20.5000000000 0.4500000000 1
20.6000000000 0.4500000000 1
20.7000000000 0.4500000000 1
20.8000000000 0.4500000000 1
20.9000000000 0.4500000000 1
21.0000000000 0.4500000000 1
21.1000000000 0.4500000000 1
21.2000000000 0.4500000000 1
21.3000000000 0.4500000000 1
21.4000000000 0.4500000000 1
21.5000000000 0.4500000000 1
21.6000000000 0.4500000000 1
21.7000000000 0.4500000000 1
21.8000000000 0.4500000000 1
21.9000000000 0.4500000000 1
22.0000000000 0.4500000000 1
22.1000000000 0.4500000000 1
22.2000000000 0.4500000000 1
22.3000000000 0.4500000000 1
22.4000000000 0.4500000000 1
22.5000000000 0.4500000000 1
22.6000000000 0.4500000000 1
22.7000000000 0.4500000000 1
22.8000000000 0.4500000000 1
22.9000000000 0.4500000000 1
23.0000000000 0.4500000000 1
23.1000000000 0.4500000000 1
23.2000000000 0.4500000000 1
23.3000000000 0.4500000000 1
23.4000000000 0.4500000000 1
23.5000000000 0.4500000000 1
23.6000000000 0.4500000000 1
23.7000000000 0.4500000000 1
23.8000000000 0.4500000000 1
23.9000000000 0.4500000000 1
24.0000000000 0.4500000000 1
24.1000000000 0.4500000000 1
24.2000000000 0.4500000000 1
24.3000000000 0.4500000000 1
24.4000000000 0.4500000000 1
24.5000000000 0.4500000000 1
24.6000000000 0.4500000000 1
24.7000000000 0.4500000000 1
24.8000000000 0.4500000000 1
24.9000000000 0.4500000000 1
25.0000000000 0.4500000000 1
25.1000000000 0.4500000000 1
25.2000000000 0.4500000000 1
25.3000000000 0.4500000000 1
25.4000000000 0.4500000000 1
25.5000000000 0.4500000000 1
25.6000000000 0.4500000000 1
25.7000000000 0.4500000000 1
25.8000000000 0.4500000000 1
25.9000000000 0.4500000000 1
26.0000000000 0.4500000000 1
26.1000000000 0.4500000000 1
26.2000000000 0.4500000000 1
26.3000000000 0.4500000000 1
26.4000000000 0.4500000000 1
26.5000000000 0.4500000000 1
26.6000000000 0.4500000000 1
26.7000000000 0.4500000000 1
26.8000000000 0.4500000000 1
26.9000000000 0.4500000000 1
27.0000000000 0.4500000000 1
27.1000000000 0.4500000000 1
27.2000000000 0.4500000000 1
27.3000000000 0.4500000000 1
27.4000000000 0.4500000000 1
27.5000000000 0.4500000000 1
27.6000000000 0.4500000000 1
27.7000000000 0.4500000000 1
27.8000000000 0.4500000000 1
27.9000000000 0.4500000000 1
28.0000000000 0.4500000000 1
28.1000000000 0.4500000000 1
28.2000000000 0.4500000000 1
28.3000000000 0.4500000000 1
28.4000000000 0.4500000000 1
28.5000000000 0.4500000000 1
28.6000000000 0.4500000000 1
28.7000000000 0.4500000000 1
28.8000000000 0.4500000000 1
28.9000000000 0.4500000000 1
29.0000000000 0.4500000000 1
29.1000000000 0.4500000000 1
29.2000000000 0.4500000000 1
29.3000000000 0.4500000000 1
29.4000000000 0.4500000000 1
29.5000000000 0.4500000000 1
29.6000000000 0.4500000000 1
29.7000000000 0.4500000000 1
29.8000000000 0.4500000000 1
29.9000000000 0.4500000000 1
30.0000000000 0.4500000000 1
30.1000000000 0.4500000000 1
30.2000000000 0.4500000000 1
30.3000000000 0.4500000000 1
30.4000000000 0.4500000000 1
30.5000000000 0.4500000000 1
30.6000000000 0.4500000000 1
30.7000000000 0.4500000000 1
30.8000000000 0.4500000000 1
30.9000000000 0.4500000000 1
31.0000000000 0.4500000000 1
31.1000000000 0.4500000000 1
31.2000000000 0.4500000000 1
31.3000000000 0.4500000000 1
31.4000000000 0.4500000000 1
31.5000000000 0.4500000000 1
31.6000000000 0.4500000000 1
31.7000000000 0.4500000000 1
31.8000000000 0.4500000000 1
31.9000000000 0.4500000000 1
32.0000000000 0.4500000000 1
32.1000000000 0.4500000000 1
32.2000000000 0.4500000000 1
32.3000000000 0.4500000000 1
32.4000000000 0.4500000000 1
32.5000000000 0.4500000000 1
32.6000000000 0.4500000000 1
32.7000000000 0.4500000000 1
32.8000000000 0.4500000000 1
32.9000000000 0.4500000000 1
33.0000000000 0.4500000000 1
33.1000000000 0.4500000000 1
33.2000000000 0.4500000000 1
33.3000000000 0.4500000000 1
33.4000000000 0.4500000000 1
33.5000000000 0.4500000000 1
33.6000000000 0.4500000000 1
33.7000000000 0.4500000000 1
33.8000000000 0.4500000000 1
33.9000000000 0.4500000000 1
34.0000000000 0.4500000000 1
34.1000000000 0.4500000000 1
34.2000000000 0.4500000000 1
34.3000000000 0.4500000000 1
34.4000000000 0.4500000000 1
34.5000000000 0.4500000000 1
34.6000000000 0.4500000000 1
34.7000000000 0.4500000000 1
34.8000000000 0.4500000000 1
34.9000000000 0.4500000000 1
35.0000000000 0.4500000000 1
35.1000000000 0.4500000000 1
35.2000000000 0.4500000000 1
35.3000000000 0.4500000000 1
35.4000000000 0.4500000000 1
35.5000000000 0.4500000000 1
35.6000000000 0.4500000000 1
35.7000000000 0.4500000000 1
35.8000000000 0.4500000000 1
35.9000000000 0.4500000000 1
36.0000000000 0.4500000000 1
36.1000000000 0.4500000000 1
36.2000000000 0.4500000000 1
36.3000000000 0.4500000000 1
36.4000000000 0.4500000000 1
36.5000000000 0.4500000000 1
36.6000000000 0.4500000000 1
36.7000000000 0.4500000000 1
36.8000000000 0.4500000000 1
36.9000000000 0.4500000000 1
37.0000000000 0.4500000000 1
37.1000000000 0.4500000000 1
37.2000000000 0.4500000000 1
37.3000000000 0.4500000000 1
37.4000000000 0.4500000000 1
37.5000000000 0.4500000000 1
37.6000000000 0.4500000000 1
37.7000000000 0.4500000000 1
37.8000000000 0.4500000000 1
37.9000000000 0.4500000000 1
38.0000000000 0.4500000000 1
38.1000000000 0.4500000000 1
