	1.530	1.540	1.550	1.560	1.570
0.0	0.9999620309	0.9905383228	0.9575663362	0.8984300880	0.8120358539
0.1	0.9999043815	0.9904820380	0.9575127684	0.8983806775	0.8119920560
0.2	0.9997314552	0.9903130401	0.9573516798	0.8982317517	0.8118595615
0.3	0.9994432918	0.9900313676	0.9570831064	0.8979833433	0.8116383989
0.4	0.9990399577	0.9896370844	0.9567071084	0.8976355070	0.8113286162
0.5	0.9985215460	0.9891302804	0.9562237700	0.8971883196	0.8109302805
0.6	0.9978881762	0.9885110707	0.9556331996	0.8966418798	0.8104434783
0.7	0.9971399943	0.9877795962	0.9549355297	0.8959963085	0.8098683157
0.8	0.9962771729	0.9869360234	0.9541309168	0.8952517484	0.8092049178
0.9	0.9952999110	0.9859805441	0.9532195415	0.8944083641	0.8084534290
1.0	0.9942084338	0.9849133759	0.9522016084	0.8934663423	0.8076140132
1.1	0.9930029931	0.9837347615	0.9510773458	0.8924258913	0.8066868533
1.2	0.9916838669	0.9824449691	0.9498470061	0.8912872413	0.8056721513
1.3	0.9902513592	0.9810442922	0.9485108655	0.8900506444	0.8045701286
1.4	0.9887058005	0.9795330495	0.9470692239	0.8887163743	0.8033810255
1.5	0.9870475471	0.9779115851	0.9455224050	0.8872847262	0.8021051012
1.6	0.9852769815	0.9761802677	0.9438707560	0.8857560171	0.8007426342
1.7	0.9833945118	0.9743394915	0.9421146477	0.8841305854	0.7992939217
1.8	0.9814005722	0.9723896754	0.9402544743	0.8824087910	0.7977592798
1.9	0.9792956224	0.9703312630	0.9382906536	0.8805910150	0.7961390432
2.0	0.9770801478	0.9681647229	0.9362236263	0.8786776600	0.7944335657
2.1	0.9747546594	0.9658905480	0.9340538567	0.8766691494	0.7926432193
2.2	0.9723196933	0.9635092559	0.9317818318	0.8745659282	0.7907683948
2.3	0.9697758110	0.9610213887	0.9294080619	0.8723684620	0.7888095015
2.4	0.9671235991	0.9584275123	0.9269330799	0.8700772374	0.7867669668
2.5	0.9643636691	0.9557282173	0.9243574415	0.8676927617	0.7846412366
2.6	0.9614966576	0.9529241178	0.9216817251	0.8652155631	0.7824327750
2.7	0.9585232256	0.9500158522	0.9189065314	0.8626461900	0.7801420640
2.8	0.9554440587	0.9470040821	0.9160324838	0.8599852116	0.7777696038
2.9	0.9522598670	0.9438894932	0.9130602274	0.8572332171	0.7753159123
3.0	0.9489713846	0.9406727941	0.9099904298	0.8543908160	0.7727815251
3.1	0.9455793700	0.9373547171	0.9068237802	0.8514586377	0.7701669957
3.2	0.9420846053	0.9339360173	0.9035609898	0.8484373318	0.7674728948
3.3	0.9384878963	0.9304174727	0.9002027912	0.8453275674	0.7646998108
3.4	0.9347900723	0.9267998841	0.8967499386	0.8421300332	0.7618483490
3.5	0.9309919861	0.9230840749	0.8932032073	0.8388454374	0.7589191323
3.6	0.9270945135	0.9192708907	0.8895633937	0.8354745076	0.7559128001
3.7	0.9230985532	0.9153611995	0.8858313153	0.8320179903	0.7528300090
3.8	0.9190050266	0.9113558909	0.8820078102	0.8284766512	0.7496714321
3.9	0.9148148777	0.9072558766	0.8780937369	0.8248512747	0.7464377593
4.0	0.9105290726	0.9030620898	0.8740899744	0.8211426638	0.7431296967
4.1	0.9061485996	0.8987754849	0.8699974220	0.8173516399	0.7397479666
4.2	0.9016744688	0.8943970376	0.8658169985	0.8134790428	0.7362933078
4.3	0.8971077119	0.8899277443	0.8615496429	0.8095257303	0.7327664746
4.4	0.8924493819	0.8853686222	0.8571963135	0.8054925782	0.7291682373
4.5	0.8877005530	0.8807207091	0.8527579878	0.8013804797	0.7254993817
4.6	0.8828623203	0.8759850627	0.8482356627	0.7971903458	0.7217607092
4.7	0.8779357993	0.8711627608	0.8436303538	0.7929231046	0.7179530362
4.8	0.8729221261	0.8662549011	0.8389430953	0.7885797015	0.7140771946
4.9	0.8678224568	0.8612626004	0.8341749398	0.7841610986	0.7101340307
5.0	0.8626379673	0.8561869952	0.8293269581	0.7796682747	0.7061244059
5.1	0.8573698532	0.8510292405	0.8244002392	0.7751022251	0.7020491959
5.2	0.8520193291	0.8457905103	0.8193958893	0.7704639612	0.6979092909
5.3	0.8465876288	0.8404719969	0.8143150324	0.7657545106	0.6937055952
5.4	0.8410760049	0.8350749109	0.8091588095	0.7609749166	0.6894390269
5.5	0.8354857283	0.8296004805	0.8039283787	0.7561262380	0.6851105180
5.6	0.8298180880	0.8240499518	0.7986249145	0.7512095489	0.6807210141
5.7	0.8240743909	0.8184245880	0.7932496082	0.7462259385	0.6762714740
5.8	0.8182559614	0.8127256696	0.7878036669	0.7411765109	0.6717628696
5.9	0.8123641413	0.8069544936	0.7822883137	0.7360623848	0.6671961859
6.0	0.8064002892	0.8011123735	0.7767047873	0.7308846930	0.6625724203
6.1	0.8003657801	0.7952006390	0.7710543417	0.7256445828	0.6578925831
6.2	0.7942620057	0.7892206357	0.7653382459	0.7203432149	0.6531576964
6.3	0.7880903733	0.7831737246	0.7595577837	0.7149817638	0.6483687948
6.4	0.7818523062	0.7770612819	0.7537142533	0.7095614175	0.6435269242
6.5	0.7755492427	0.7708846990	0.7478089671	0.7040833766	0.6386331426
6.6	0.7691826362	0.7646453817	0.7418432514	0.6985488550	0.6336885189
6.7	0.7627539549	0.7583447499	0.7358184461	0.6929590786	0.6286941335
6.8	0.7562646810	0.7519842379	0.7297359043	0.6873152860	0.6236510775
6.9	0.7497163110	0.7455652932	0.7235969921	0.6816187276	0.6185604525
7.0	0.7431103549	0.7390893768	0.7174030883	0.6758706654	0.6134233709
7.1	0.7364483359	0.7325579628	0.7111555840	0.6700723729	0.6082409548
7.2	0.7297317902	0.7259725376	0.7048558824	0.6642251348	0.6030143365
7.3	0.7229622665	0.7193346002	0.6985053983	0.6583302466	0.5977446579
7.4	0.7161413259	0.7126456614	0.6921055581	0.6523890144	0.5924330704
7.5	0.7092705412	0.7059072436	0.6856577991	0.6464027544	0.5870807345
7.6	0.7023514967	0.6991208806	0.6791635695	0.6403727931	0.5816888195
7.7	0.6953857879	0.6922881169	0.6726243280	0.6343004663	0.5762585035
7.8	0.6883750209	0.6854105078	0.6660415432	0.6281871196	0.5707909731
7.9	0.6813208124	0.6784896187	0.6594166937	0.6220341074	0.5652874227
8.0	0.6742247891	0.6715270248	0.6527512673	0.6158427930	0.5597490549
8.1	0.6670885872	0.6645243107	0.6460467612	0.6096145482	0.5541770799
8.2	0.6599138521	0.6574830705	0.6393046812	0.6033507530	0.5485727150
8.3	0.6527022384	0.6504049068	0.6325265416	0.5970527953	0.5429371849
8.4	0.6454554090	0.6432914306	0.6257138648	0.5907220705	0.5372717208
8.5	0.6381750348	0.6361442609	0.6188681810	0.5843599812	0.5315775608
8.6	0.6308627947	0.6289650246	0.6119910277	0.5779679373	0.5258559491
8.7	0.6235203748	0.6217553558	0.6050839496	0.5715473550	0.5201081359
8.8	0.6161494682	0.6145168953	0.5981484981	0.5650996568	0.5143353771
8.9	0.6087517745	0.6072512908	0.5911862309	0.5586262716	0.5085389342
9.0	0.6013289996	0.5999601959	0.5841987118	0.5521286337	0.5027200737
9.1	0.5938828550	0.5926452703	0.5771875103	0.5456081828	0.4968800673
9.2	0.5864150578	0.5853081788	0.5701542011	0.5390663636	0.4910201910
9.3	0.5789273299	0.5779505915	0.5631003640	0.5325046258	0.4851417253
9.4	0.5714213980	0.5705741829	0.5560275834	0.5259244234	0.4792459549
9.5	0.5638989928	0.5631806322	0.5489374478	0.5193272143	0.4733341682
9.6	0.5563618490	0.5557716221	0.5418315499	0.5127144605	0.4674076569
9.7	0.5488117044	0.5483488390	0.5347114857	0.5060876272	0.4614677163
9.8	0.5412503001	0.5409139724	0.5275788544	0.4994481828	0.4555156444
9.9	0.5336793797	0.5334687147	0.5204352581	0.4927975987	0.4495527419
10.0	0.5261006889	0.5260147603	0.5132823014	0.4861373485	0.4435803119
10.1	0.5185159752	0.5185538060	0.5061215910	0.4794689080	0.4375996597
10.2	0.5109269878	0.5110875499	0.4989547352	0.4727937549	0.4316120922
10.3	0.5033354764	0.5036176916	0.4917833439	0.4661133684	0.4256189180
10.4	0.4957431915	0.4961459311	0.4846090279	0.4594292289	0.4196214469
10.5	0.4881518840	0.4886739692	0.4774333986	0.4527428175	0.4136209897
10.6	0.4805633043	0.4812035066	0.4702580678	0.4460556160	0.4076188576
10.7	0.4729792021	0.4737362437	0.4630846473	0.4393691061	0.4016163624
10.8	0.4654013264	0.4662738802	0.4559147483	0.4326847697	0.3956148162
10.9	0.4578314245	0.4588181145	0.4487499814	0.4260040880	0.3896155304
11.0	0.4502712418	0.4513706438	0.4415919559	0.4193285414	0.3836198163
11.1	0.4427225218	0.4439331632	0.4344422796	0.4126596094	0.3776289844
11.2	0.4351870051	0.4365073656	0.4273025585	0.4059987697	0.3716443440
11.3	0.4276664293	0.4290949411	0.4201743964	0.3993474984	0.3656672031
11.4	0.4201625284	0.4216975771	0.4130593945	0.3927072696	0.3596988681
11.5	0.4126770330	0.4143169573	0.4059591509	0.3860795548	0.3537406436
11.6	0.4052116689	0.4069547616	0.3988752605	0.3794658228	0.3477938318
11.7	0.3977681577	0.3996126657	0.3918093146	0.3728675391	0.3418597326
11.8	0.3903482158	0.3922923410	0.3847629004	0.3662861662	0.3359396431
11.9	0.3829535540	0.3849954535	0.3777376006	0.3597231626	0.3300348571
12.0	0.3755858776	0.3777236642	0.3707349935	0.3531799827	0.3241466655
12.1	0.3682468854	0.3704786284	0.3637566518	0.3466580765	0.3182763552
12.2	0.3609382697	0.3632619950	0.3568041433	0.3401588896	0.3124252095
12.3	0.3536617158	0.3560754068	0.3498790297	0.3336838623	0.3065945073
12.4	0.3464189015	0.3489204995	0.3429828665	0.3272344296	0.3007855233
12.5	0.3392114971	0.3417989018	0.3361172028	0.3208120207	0.2949995271
12.6	0.3320411645	0.3347122346	0.3292835810	0.3144180592	0.2892377837
12.7	0.3249095569	0.3276621111	0.3224835360	0.3080539621	0.2835015525
12.8	0.3178183190	0.3206501360	0.3157185955	0.3017211399	0.2777920875
12.9	0.3107690858	0.3136779053	0.3089902790	0.2954209961	0.2721106368
13.0	0.3037634829	0.3067470061	0.3023000980	0.2891549270	0.2664584425
13.1	0.2968031256	0.2998590161	0.2956495554	0.2829243215	0.2608367401
13.2	0.2898896190	0.2930155029	0.2890401451	0.2767305603	0.2552467587
13.3	0.2830245571	0.2862180245	0.2824733519	0.2705750165	0.2496897203
13.4	0.2762095231	0.2794681281	0.2759506509	0.2644590541	0.2441668398
13.5	0.2694460883	0.2727673501	0.2694735074	0.2583840289	0.2386793246
13.6	0.2627358124	0.2661172157	0.2630433764	0.2523512872	0.2332283745
13.7	0.2560802426	0.2595192386	0.2566617025	0.2463621662	0.2278151812
13.8	0.2494809137	0.2529749209	0.2503299192	0.2404179935	0.2224409282
13.9	0.2429393474	0.2464857520	0.2440494489	0.2345200864	0.2171067905
14.0	0.2364570521	0.2400532091	0.2378217026	0.2286697524	0.2118139344
14.1	0.2300355224	0.2336787564	0.2316480793	0.2228682881	0.2065635171
14.2	0.2236762393	0.2273638449	0.2255299659	0.2171169795	0.2013566866
14.3	0.2173806690	0.2211099120	0.2194687368	0.2114171014	0.1961945815
14.4	0.2111502632	0.2149183813	0.2134657537	0.2057699172	0.1910783303
14.5	0.2049864586	0.2087906622	0.2075223652	0.2001766787	0.1860090519
14.6	0.1988906764	0.2027281495	0.2016399065	0.1946386258	0.1809878546
14.7	0.1928643224	0.1967322232	0.1958196990	0.1891569860	0.1760158365
14.8	0.1869087861	0.1908042481	0.1900630504	0.1837329745	0.1710940848
14.9	0.1810254407	0.1849455736	0.1843712540	0.1783677936	0.1662236758
15.0	0.1752156429	0.1791575334	0.1787455884	0.1730626326	0.1614056744
15.1	0.1694807324	0.1734414450	0.1731873175	0.1678186676	0.1566411344
15.2	0.1638220316	0.1677986095	0.1676976900	0.1626370610	0.1519310977
15.3	0.1582408453	0.1622303114	0.1622779393	0.1575189616	0.1472765943
15.4	0.1527384605	0.1567378183	0.1569292830	0.1524655039	0.1426786421
15.5	0.1473161459	0.1513223803	0.1516529228	0.1474778083	0.1381382468
15.6	0.1419751518	0.1459852304	0.1464500441	0.1425569804	0.1336564014
15.7	0.1367167099	0.1407275833	0.1413218158	0.1377041113	0.1292340860
15.8	0.1315420326	0.1355506359	0.1362693900	0.1329202766	0.1248722680
15.9	0.1264523132	0.1304555667	0.1312939020	0.1282065372	0.1205719014
16.0	0.1214487254	0.1254435354	0.1263964697	0.1235639380	0.1163339267
16.1	0.1165324227	0.1205156831	0.1215781933	0.1189935083	0.1121592710
16.2	0.1117045390	0.1156731314	0.1168401554	0.1144962614	0.1080488475
16.3	0.1069661875	0.1109169828	0.1121834205	0.1100731945	0.1040035553
16.4	0.1023184607	0.1062483199	0.1076090351	0.1057252882	0.1000242793
16.5	0.0977624304	0.1016682054	0.1031180268	0.1014535067	0.0961118901
16.6	0.0932991471	0.0971776821	0.0987114048	0.0972587969	0.0922672435
16.7	0.0889296400	0.0927777722	0.0943901591	0.0931420892	0.0884911807
16.8	0.0846549167	0.0884694772	0.0901552607	0.0891042962	0.0847845277
16.9	0.0804759629	0.0842537780	0.0860076613	0.0851463134	0.0811480957
17.0	0.0763937421	0.0801316342	0.0819482927	0.0812690185	0.0775826802
17.1	0.0724091957	0.0761039842	0.0779780671	0.0774732711	0.0740890614
17.2	0.0685232424	0.0721717448	0.0740978767	0.0737599132	0.0706680038
17.3	0.0647367784	0.0683358114	0.0703085933	0.0701297681	0.0673202559
17.4	0.0610506767	0.0645970571	0.0666110684	0.0665836409	0.0640465504
17.5	0.0574657872	0.0609563331	0.0630061330	0.0631223181	0.0608476038
17.6	0.0539829367	0.0574144681	0.0594945971	0.0597465673	0.0577241161
17.7	0.0506029282	0.0539722686	0.0560772498	0.0564571373	0.0546767709
17.8	0.0473265411	0.0506305181	0.0527548592	0.0532547577	0.0517062353
17.9	0.0441545309	0.0473899774	0.0495281718	0.0501401387	0.0488131596
18.0	0.0410876290	0.0442513844	0.0463979128	0.0471139712	0.0459981770
18.1	0.0381265425	0.0412154535	0.0433647858	0.0441769265	0.0432619038
18.2	0.0352719544	0.0382828758	0.0404294723	0.0413296562	0.0406049390
18.3	0.0325245228	0.0354543192	0.0375926322	0.0385727918	0.0380278645
18.4	0.0298848811	0.0327304275	0.0348549030	0.0359069451	0.0355312445
18.5	0.0273536382	0.0301118208	0.0322169001	0.0333327074	0.0331156257
18.6	0.0249313776	0.0275990955	0.0296792163	0.0308506500	0.0307815372
18.7	0.0226186579	0.0251928235	0.0272424222	0.0284613235	0.0285294902
18.8	0.0204160124	0.0228935528	0.0249070655	0.0261652582	0.0263599781
18.9	0.0183239490	0.0207018069	0.0226736712	0.0239629637	0.0242734761
19.0	0.0163429500	0.0186180848	0.0205427413	0.0218549286	0.0222704413
19.1	0.0144734723	0.0166428609	0.0185147550	0.0198416210	0.0203513128
19.2	0.0127159468	0.0147765850	0.0165901681	0.0179234876	0.0185165110
19.3	0.0110707790	0.0130196822	0.0147694134	0.0161009544	0.0167664382
19.4	0.0095383481	0.0113725524	0.0130529004	0.0143744259	0.0151014780
19.5	0.0081190074	0.0098355707	0.0114410150	0.0127442856	0.0135219955
19.6	0.0068130843	0.0084090873	0.0099341196	0.0112108955	0.0120283372
19.7	0.0056208799	0.0070934268	0.0085325534	0.0097745961	0.0106208305
19.8	0.0045426690	0.0058888890	0.0072366314	0.0084357066	0.0092997846
19.9	0.0035787003	0.0047957482	0.0060466453	0.0071945244	0.0080654891
20.0	0.0027291961	0.0038142535	0.0049628627	0.0060513254	0.0069182152
20.1	0.0019943522	0.0029446283	0.0039855277	0.0050063637	0.0058582149
20.2	0.0013743381	0.0021870709	0.0031148601	0.0040598718	0.0048857211
20.3	0.0008692966	0.0015417539	0.0023510560	0.0032120602	0.0040009476
20.4	0.0004793444	0.0010088242	0.0016942875	0.0024631176	0.0032040890
20.5	0.0002045712	0.0005884035	0.0011447025	0.0018132108	0.0024953207
20.6	0.0000450404	0.0002805876	0.0007024250	0.0012624847	0.0018747991
20.7	0.0000007889	0.0000854467	0.0003675547	0.0008110622	0.0013426610
20.8	0.0000718267	0.0000030254	0.0001401674	0.0004590441	0.0008990240
20.9	0.0002581376	0.0000333428	0.0000203146	0.0002065093	0.0005439864
21.0	0.0005596784	0.0001763921	0.0000080238	0.0000535147	0.0002776271
21.1	0.0009763798	0.0004321409	0.0001032981	0.0000000949	0.0001000056
21.2	0.0015081455	0.0008005312	0.0003061167	0.0000462628	0.0000111622
21.3	0.0021548530	0.0012814795	0.0006164345	0.0001920090	0.0000111176
21.4	0.0029163531	0.0018748763	0.0010341823	0.0004373020	0.0000998731
21.5	0.0037924702	0.0025805868	0.0015592667	0.0007820884	0.0002774108
21.6	0.0047830023	0.0033984506	0.0021915703	0.0012262926	0.0005436931
21.7	0.0058877210	0.0043282818	0.0029309516	0.0017698172	0.0008986633
21.8	0.0071063715	0.0053698689	0.0037772450	0.0024125425	0.0013422451
21.9	0.0084386727	0.0065229750	0.0047302608	0.0031543270	0.0018743431
22.0	0.0098843176	0.0077873379	0.0057897857	0.0039950074	0.0024948422
22.1	0.0114429727	0.0091626699	0.0069555819	0.0049343981	0.0032036083
22.2	0.0131142785	0.0106486583	0.0082273883	0.0059722919	0.0040004879
22.3	0.0148978498	0.0122449650	0.0096049197	0.0071084598	0.0048853083
22.4	0.0167932751	0.0139512268	0.0110878670	0.0083426508	0.0058578774
22.5	0.0188001175	0.0157670557	0.0126758979	0.0096745924	0.0069179841
22.6	0.0209179141	0.0176920384	0.0143686560	0.0111039904	0.0080653982
22.7	0.0231461767	0.0197257372	0.0161657616	0.0126305290	0.0092998702
22.8	0.0254843914	0.0218676892	0.0180668116	0.0142538706	0.0106211319
22.9	0.0279320189	0.0241174071	0.0200713796	0.0159736567	0.0120288959
23.0	0.0304884950	0.0264743791	0.0221790157	0.0177895070	0.0135228560
23.1	0.0331532300	0.0289380689	0.0243892471	0.0197010199	0.0151026871
23.2	0.0359256096	0.0315079160	0.0267015779	0.0217077730	0.0167680453
23.3	0.0388049944	0.0341833355	0.0291154891	0.0238093224	0.0185185681
23.4	0.0417907205	0.0369637189	0.0316304390	0.0260052033	0.0203538744
23.5	0.0448820994	0.0398484333	0.0342458634	0.0282949302	0.0222735646
23.6	0.0480784182	0.0428368225	0.0369611752	0.0306779964	0.0242772205
23.7	0.0513789399	0.0459282064	0.0397757650	0.0331538749	0.0263644057
23.8	0.0547829033	0.0491218816	0.0426890012	0.0357220180	0.0285346654
23.9	0.0582895237	0.0524171214	0.0457002300	0.0383818575	0.0307875269
24.0	0.0618979923	0.0558131759	0.0488087754	0.0411328049	0.0331224992
24.1	0.0656074771	0.0593092724	0.0520139397	0.0439742515	0.0355390734
24.2	0.0694171228	0.0629046154	0.0553150036	0.0469055687	0.0380367229
24.3	0.0733260507	0.0665983866	0.0587112261	0.0499261079	0.0406149032
24.4	0.0773333597	0.0703897455	0.0622018448	0.0530352005	0.0432730523
24.5	0.0814381255	0.0742778294	0.0657860763	0.0562321585	0.0460105908
24.6	0.0856394018	0.0782617535	0.0694631159	0.0595162746	0.0488269219
24.7	0.0899362197	0.0823406112	0.0732321382	0.0628868218	0.0517214313
24.8	0.0943275883	0.0865134744	0.0770922972	0.0663430541	0.0546934881
24.9	0.0988124952	0.0907793933	0.0810427264	0.0698842067	0.0577424442
25.0	0.1033899060	0.0951373973	0.0850825389	0.0735094958	0.0608676345
