z[um]	w[um]	pcm(0:si, 1:cpcm, 2:apcm)
0.0000000000 0.2500000000 1
0.1000000000 0.2500000000 1
0.2000000000 0.2500000000 1
0.3000000000 0.2500000000 1
0.4000000000 0.2500000000 1
0.5000000000 0.2500000000 1
0.6000000000 0.2500000000 1
0.7000000000 0.2500000000 1
0.8000000000 0.2500000000 1
0.9000000000 0.2500000000 1
1.0000000000 0.2500000000 1
1.1000000000 0.2500000000 1
1.2000000000 0.2500000000 1
1.3000000000 0.2500000000 1
1.4000000000 0.2500000000 1
1.5000000000 0.2500000000 1
1.6000000000 0.2500000000 1
1.7000000000 0.2500000000 1
1.8000000000 0.2500000000 1
1.9000000000 0.2500000000 1
2.0000000000 0.2500000000 1
2.1000000000 0.2500000000 1
2.2000000000 0.2500000000 1
2.3000000000 0.2500000000 1
2.4000000000 0.2500000000 1
2.5000000000 0.2500000000 1
2.6000000000 0.2500000000 1
2.7000000000 0.2500000000 1
2.8000000000 0.2500000000 1
2.9000000000 0.2500000000 1
3.0000000000 0.2500000000 1
3.1000000000 0.2500000000 1
3.2000000000 0.2500000000 1
3.3000000000 0.2500000000 1
3.4000000000 0.2500000000 1
3.5000000000 0.2500000000 1
3.6000000000 0.2500000000 1
3.7000000000 0.2500000000 1
3.8000000000 0.2500000000 1
3.9000000000 0.2500000000 1
4.0000000000 0.2500000000 1
4.1000000000 0.2500000000 1
4.2000000000 0.2500000000 1
4.3000000000 0.2500000000 1
4.4000000000 0.2500000000 1
4.5000000000 0.2500000000 1
4.6000000000 0.2500000000 1
4.7000000000 0.2500000000 1
4.8000000000 0.2500000000 1
4.9000000000 0.2500000000 1
5.0000000000 0.2500000000 1
5.1000000000 0.2500000000 1
5.2000000000 0.2500000000 1
5.3000000000 0.2500000000 1
5.4000000000 0.2500000000 1
5.5000000000 0.2500000000 1
5.6000000000 0.2500000000 1
5.7000000000 0.2500000000 1
5.8000000000 0.2500000000 1
5.9000000000 0.2500000000 1
6.0000000000 0.2500000000 1
6.1000000000 0.2500000000 1
6.2000000000 0.2500000000 1
6.3000000000 0.2500000000 1
6.4000000000 0.2500000000 1
6.5000000000 0.2500000000 1
6.6000000000 0.2500000000 1
6.7000000000 0.2500000000 1
6.8000000000 0.2500000000 1
6.9000000000 0.2500000000 1
7.0000000000 0.2500000000 1
7.1000000000 0.2500000000 1
7.2000000000 0.2500000000 1
7.3000000000 0.2500000000 1
7.4000000000 0.2500000000 1
7.5000000000 0.2500000000 1
7.6000000000 0.2500000000 1
7.7000000000 0.2500000000 1
7.8000000000 0.2500000000 1
7.9000000000 0.2500000000 1
8.0000000000 0.2500000000 1
8.1000000000 0.2500000000 1
8.2000000000 0.2500000000 1
8.3000000000 0.2500000000 1
8.4000000000 0.2500000000 1
8.5000000000 0.2500000000 1
8.6000000000 0.2500000000 1
8.7000000000 0.2500000000 1
8.8000000000 0.2500000000 1
8.9000000000 0.2500000000 1
9.0000000000 0.2500000000 1
9.1000000000 0.2500000000 1
9.2000000000 0.2500000000 1
9.3000000000 0.2500000000 1
9.4000000000 0.2500000000 1
9.5000000000 0.2500000000 1
9.6000000000 0.2500000000 1
9.7000000000 0.2500000000 1
9.8000000000 0.2500000000 1
9.9000000000 0.2500000000 1
10.0000000000 0.2500000000 1
10.1000000000 0.2500000000 1
10.2000000000 0.2500000000 1
10.3000000000 0.2500000000 1
10.4000000000 0.2500000000 1
10.5000000000 0.2500000000 1
10.6000000000 0.2500000000 1
10.7000000000 0.2500000000 1
10.8000000000 0.2500000000 1
10.9000000000 0.2500000000 1
11.0000000000 0.2500000000 1
11.1000000000 0.2500000000 1
11.2000000000 0.2500000000 1
11.3000000000 0.2500000000 1
11.4000000000 0.2500000000 1
11.5000000000 0.2500000000 1
11.6000000000 0.2500000000 1
11.7000000000 0.2500000000 1
11.8000000000 0.2500000000 1
11.9000000000 0.2500000000 1
12.0000000000 0.2500000000 1
12.1000000000 0.2500000000 1
12.2000000000 0.2500000000 1
12.3000000000 0.2500000000 1
12.4000000000 0.2500000000 1
12.5000000000 0.2500000000 1
12.6000000000 0.2500000000 1
12.7000000000 0.2500000000 1
12.8000000000 0.2500000000 1
12.9000000000 0.2500000000 1
13.0000000000 0.2500000000 1
13.1000000000 0.2500000000 1
13.2000000000 0.2500000000 1
13.3000000000 0.2500000000 1
13.4000000000 0.2500000000 1
13.5000000000 0.2500000000 1
13.6000000000 0.2500000000 1
13.7000000000 0.2500000000 1
13.8000000000 0.2500000000 1
13.9000000000 0.2500000000 1
14.0000000000 0.2500000000 1
14.1000000000 0.2500000000 1
14.2000000000 0.2500000000 1
14.3000000000 0.2500000000 1
14.4000000000 0.2500000000 1
14.5000000000 0.2500000000 1
14.6000000000 0.2500000000 1
14.7000000000 0.2500000000 1
14.8000000000 0.2500000000 1
14.9000000000 0.2500000000 1
15.0000000000 0.2500000000 1
15.1000000000 0.2500000000 1
15.2000000000 0.2500000000 1
15.3000000000 0.2500000000 1
15.4000000000 0.2500000000 1
15.5000000000 0.2500000000 1
15.6000000000 0.2500000000 1
15.7000000000 0.2500000000 1
15.8000000000 0.2500000000 1
15.9000000000 0.2500000000 1
16.0000000000 0.2500000000 1
16.1000000000 0.2500000000 1
16.2000000000 0.2500000000 1
16.3000000000 0.2500000000 1
16.4000000000 0.2500000000 1
16.5000000000 0.2500000000 1
16.6000000000 0.2500000000 1
16.7000000000 0.2500000000 1
16.8000000000 0.2500000000 1
16.9000000000 0.2500000000 1
17.0000000000 0.2500000000 1
17.1000000000 0.2500000000 1
17.2000000000 0.2500000000 1
17.3000000000 0.2500000000 1
17.4000000000 0.2500000000 1
17.5000000000 0.2500000000 1
17.6000000000 0.2500000000 1
17.7000000000 0.2500000000 1
17.8000000000 0.2500000000 1
17.9000000000 0.2500000000 1
18.0000000000 0.2500000000 1
18.1000000000 0.2500000000 1
18.2000000000 0.2500000000 1
18.3000000000 0.2500000000 1
18.4000000000 0.2500000000 1
18.5000000000 0.2500000000 1
18.6000000000 0.2500000000 1
18.7000000000 0.2500000000 1
18.8000000000 0.2500000000 1
18.9000000000 0.2500000000 1
19.0000000000 0.2500000000 1
19.1000000000 0.2500000000 1
19.2000000000 0.2500000000 1
19.3000000000 0.2500000000 1
19.4000000000 0.2500000000 1
19.5000000000 0.2500000000 1
19.6000000000 0.2500000000 1
19.7000000000 0.2500000000 1
19.8000000000 0.2500000000 1
19.9000000000 0.2500000000 1
20.0000000000 0.2500000000 1
20.1000000000 0.2500000000 1
20.2000000000 0.2500000000 1
20.3000000000 0.2500000000 1
20.4000000000 0.2500000000 1
20.5000000000 0.2500000000 1
20.6000000000 0.2500000000 1
20.7000000000 0.2500000000 1
20.8000000000 0.2500000000 1
20.9000000000 0.2500000000 1
21.0000000000 0.2500000000 1
21.1000000000 0.2500000000 1
21.2000000000 0.2500000000 1
21.3000000000 0.2500000000 1
21.4000000000 0.2500000000 1
21.5000000000 0.2500000000 1
21.6000000000 0.2500000000 1
21.7000000000 0.2500000000 1
21.8000000000 0.2500000000 1
21.9000000000 0.2500000000 1
22.0000000000 0.2500000000 1
22.1000000000 0.2500000000 1
22.2000000000 0.2500000000 1
22.3000000000 0.2500000000 1
22.4000000000 0.2500000000 1
22.5000000000 0.2500000000 1
22.6000000000 0.2500000000 1
22.7000000000 0.2500000000 1
22.8000000000 0.2500000000 1
22.9000000000 0.2500000000 1
23.0000000000 0.2500000000 1
23.1000000000 0.2500000000 1
23.2000000000 0.2500000000 1
23.3000000000 0.2500000000 1
23.4000000000 0.2500000000 1
23.5000000000 0.2500000000 1
23.6000000000 0.2500000000 1
23.7000000000 0.2500000000 1
23.8000000000 0.2500000000 1
23.9000000000 0.2500000000 1
24.0000000000 0.2500000000 1
24.1000000000 0.2500000000 1
24.2000000000 0.2500000000 1
24.3000000000 0.2500000000 1
24.4000000000 0.2500000000 1
24.5000000000 0.2500000000 1
24.6000000000 0.2500000000 1
24.7000000000 0.2500000000 1
24.8000000000 0.2500000000 1
24.9000000000 0.2500000000 1
25.0000000000 0.2500000000 1
25.1000000000 0.2500000000 1
25.2000000000 0.2500000000 1
25.3000000000 0.2500000000 1
25.4000000000 0.2500000000 1
25.5000000000 0.2500000000 1
25.6000000000 0.2500000000 1
25.7000000000 0.2500000000 1
25.8000000000 0.2500000000 1
25.9000000000 0.2500000000 1
26.0000000000 0.2500000000 1
26.1000000000 0.2500000000 1
26.2000000000 0.2500000000 1
26.3000000000 0.2500000000 1
26.4000000000 0.2500000000 1
26.5000000000 0.2500000000 1
26.6000000000 0.2500000000 1
26.7000000000 0.2500000000 1
26.8000000000 0.2500000000 1
26.9000000000 0.2500000000 1
27.0000000000 0.2500000000 1
27.1000000000 0.2500000000 1
27.2000000000 0.2500000000 1
27.3000000000 0.2500000000 1
27.4000000000 0.2500000000 1
27.5000000000 0.2500000000 1
27.6000000000 0.2500000000 1
27.7000000000 0.2500000000 1
27.8000000000 0.2500000000 1
27.9000000000 0.2500000000 1
28.0000000000 0.2500000000 1
28.1000000000 0.2500000000 1
28.2000000000 0.2500000000 1
28.3000000000 0.2500000000 1
28.4000000000 0.2500000000 1
28.5000000000 0.2500000000 1
28.6000000000 0.2500000000 1
28.7000000000 0.2500000000 1
28.8000000000 0.2500000000 1
28.9000000000 0.2500000000 1
29.0000000000 0.2500000000 1
29.1000000000 0.2500000000 1
29.2000000000 0.2500000000 1
29.3000000000 0.2500000000 1
29.4000000000 0.2500000000 1
29.5000000000 0.2500000000 1
29.6000000000 0.2500000000 1
29.7000000000 0.2500000000 1
29.8000000000 0.2500000000 1
29.9000000000 0.2500000000 1
30.0000000000 0.2500000000 1
30.1000000000 0.2500000000 1
30.2000000000 0.2500000000 1
30.3000000000 0.2500000000 1
30.4000000000 0.2500000000 1
30.5000000000 0.2500000000 1
30.6000000000 0.2500000000 1
30.7000000000 0.2500000000 1
30.8000000000 0.2500000000 1
30.9000000000 0.2500000000 1
31.0000000000 0.2500000000 1
31.1000000000 0.2500000000 1
31.2000000000 0.2500000000 1
31.3000000000 0.2500000000 1
31.4000000000 0.2500000000 1
31.5000000000 0.2500000000 1
31.6000000000 0.2500000000 1
31.7000000000 0.2500000000 1
31.8000000000 0.2500000000 1
31.9000000000 0.2500000000 1
32.0000000000 0.2500000000 1
32.1000000000 0.2500000000 1
32.2000000000 0.2500000000 1
32.3000000000 0.2500000000 1
32.4000000000 0.2500000000 1
32.5000000000 0.2500000000 1
32.6000000000 0.2500000000 1
32.7000000000 0.2500000000 1
32.8000000000 0.2500000000 1
32.9000000000 0.2500000000 1
33.0000000000 0.2500000000 1
33.1000000000 0.2500000000 1
33.2000000000 0.2500000000 1
33.3000000000 0.2500000000 1
33.4000000000 0.2500000000 1
33.5000000000 0.2500000000 1
33.6000000000 0.2500000000 1
33.7000000000 0.2500000000 1
33.8000000000 0.2500000000 1
33.9000000000 0.2500000000 1
34.0000000000 0.2500000000 1
34.1000000000 0.2500000000 1
34.2000000000 0.2500000000 1
34.3000000000 0.2500000000 1
34.4000000000 0.2500000000 1
34.5000000000 0.2500000000 1
34.6000000000 0.2500000000 1
34.7000000000 0.2500000000 1
34.8000000000 0.2500000000 1
34.9000000000 0.2500000000 1
35.0000000000 0.2500000000 1
35.1000000000 0.2500000000 1
35.2000000000 0.2500000000 1
35.3000000000 0.2500000000 1
35.4000000000 0.2500000000 1
35.5000000000 0.2500000000 1
35.6000000000 0.2500000000 1
35.7000000000 0.2500000000 1
35.8000000000 0.2500000000 1
35.9000000000 0.2500000000 1
36.0000000000 0.2500000000 1
36.1000000000 0.2500000000 1
36.2000000000 0.2500000000 1
36.3000000000 0.2500000000 1
36.4000000000 0.2500000000 1
36.5000000000 0.2500000000 1
36.6000000000 0.2500000000 1
36.7000000000 0.2500000000 1
36.8000000000 0.2500000000 1
36.9000000000 0.2500000000 1
37.0000000000 0.2500000000 1
37.1000000000 0.2500000000 1
37.2000000000 0.2500000000 1
37.3000000000 0.2500000000 1
37.4000000000 0.2500000000 1
37.5000000000 0.2500000000 1
37.6000000000 0.2500000000 1
37.7000000000 0.2500000000 1
37.8000000000 0.2500000000 1
37.9000000000 0.2500000000 1
38.0000000000 0.2500000000 1
38.1000000000 0.2500000000 1
38.2000000000 0.2500000000 1
38.3000000000 0.2500000000 1
38.4000000000 0.2500000000 1
38.5000000000 0.2500000000 1
38.6000000000 0.2500000000 1
38.7000000000 0.2500000000 1
38.8000000000 0.2500000000 1
38.9000000000 0.2500000000 1
39.0000000000 0.2500000000 1
39.1000000000 0.2500000000 1
39.2000000000 0.2500000000 1
39.3000000000 0.2500000000 1
39.4000000000 0.2500000000 1
39.5000000000 0.2500000000 1
39.6000000000 0.2500000000 1
39.7000000000 0.2500000000 1
39.8000000000 0.2500000000 1
39.9000000000 0.2500000000 1
40.0000000000 0.2500000000 1
40.1000000000 0.2500000000 1
40.2000000000 0.2500000000 1
40.3000000000 0.2500000000 1
40.4000000000 0.2500000000 1
40.5000000000 0.2500000000 1
40.6000000000 0.2500000000 1
40.7000000000 0.2500000000 1
40.8000000000 0.2500000000 1
40.9000000000 0.2500000000 1
41.0000000000 0.2500000000 1
41.1000000000 0.2500000000 1
41.2000000000 0.2500000000 1
41.3000000000 0.2500000000 1
41.4000000000 0.2500000000 1
41.5000000000 0.2500000000 1
41.6000000000 0.2500000000 1
41.7000000000 0.2500000000 1
41.8000000000 0.2500000000 1
41.9000000000 0.2500000000 1
42.0000000000 0.2500000000 1
42.1000000000 0.2500000000 1
42.2000000000 0.2500000000 1
42.3000000000 0.2500000000 1
42.4000000000 0.2500000000 1
42.5000000000 0.2500000000 1
42.6000000000 0.2500000000 1
42.7000000000 0.2500000000 1
42.8000000000 0.2500000000 1
42.9000000000 0.2500000000 1
43.0000000000 0.2500000000 1
43.1000000000 0.2500000000 1
43.2000000000 0.2500000000 1
43.3000000000 0.2500000000 1
43.4000000000 0.2500000000 1
43.5000000000 0.2500000000 1
43.6000000000 0.2500000000 1
43.7000000000 0.2500000000 1
43.8000000000 0.2500000000 1
43.9000000000 0.2500000000 1
44.0000000000 0.2500000000 1
44.1000000000 0.2500000000 1
44.2000000000 0.2500000000 1
44.3000000000 0.2500000000 1
44.4000000000 0.2500000000 1
44.5000000000 0.2500000000 1
44.6000000000 0.2500000000 1
44.7000000000 0.2500000000 1
44.8000000000 0.2500000000 1
44.9000000000 0.2500000000 1
45.0000000000 0.2500000000 1
45.1000000000 0.2500000000 1
45.2000000000 0.2500000000 1
45.3000000000 0.2500000000 1
45.4000000000 0.2500000000 1
45.5000000000 0.2500000000 1
45.6000000000 0.2500000000 1
45.7000000000 0.2500000000 1
45.8000000000 0.2500000000 1
45.9000000000 0.2500000000 1
46.0000000000 0.2500000000 1
46.1000000000 0.2500000000 1
46.2000000000 0.2500000000 1
46.3000000000 0.2500000000 1
46.4000000000 0.2500000000 1
46.5000000000 0.2500000000 1
46.6000000000 0.2500000000 1
46.7000000000 0.2500000000 1
46.8000000000 0.2500000000 1
46.9000000000 0.2500000000 1
47.0000000000 0.2500000000 1
47.1000000000 0.2500000000 1
47.2000000000 0.2500000000 1
47.3000000000 0.2500000000 1
47.4000000000 0.2500000000 1
47.5000000000 0.2500000000 1
47.6000000000 0.2500000000 1
47.7000000000 0.2500000000 1
47.8000000000 0.2500000000 1
47.9000000000 0.2500000000 1
48.0000000000 0.2500000000 1
48.1000000000 0.2500000000 1
48.2000000000 0.2500000000 1
48.3000000000 0.2500000000 1
48.4000000000 0.2500000000 1
48.5000000000 0.2500000000 1
48.6000000000 0.2500000000 1
48.7000000000 0.2500000000 1
48.8000000000 0.2500000000 1
48.9000000000 0.2500000000 1
49.0000000000 0.2500000000 1
49.1000000000 0.2500000000 1
49.2000000000 0.2500000000 1
49.3000000000 0.2500000000 1
49.4000000000 0.2500000000 1
49.5000000000 0.2500000000 1
49.6000000000 0.2500000000 1
49.7000000000 0.2500000000 1
49.8000000000 0.2500000000 1
49.9000000000 0.2500000000 1
50.0000000000 0.2500000000 1
50.1000000000 0.2500000000 1
50.2000000000 0.2500000000 1
50.3000000000 0.2500000000 1
50.4000000000 0.2500000000 1
50.5000000000 0.2500000000 1
50.6000000000 0.2500000000 1
50.7000000000 0.2500000000 1
50.8000000000 0.2500000000 1
50.9000000000 0.2500000000 1
51.0000000000 0.2500000000 1
51.1000000000 0.2500000000 1
51.2000000000 0.2500000000 1
51.3000000000 0.2500000000 1
51.4000000000 0.2500000000 1
51.5000000000 0.2500000000 1
51.6000000000 0.2500000000 1
51.7000000000 0.2500000000 1
51.8000000000 0.2500000000 1
51.9000000000 0.2500000000 1
52.0000000000 0.2500000000 1
52.1000000000 0.2500000000 1
52.2000000000 0.2500000000 1
52.3000000000 0.2500000000 1
52.4000000000 0.2500000000 1
52.5000000000 0.2500000000 1
52.6000000000 0.2500000000 1
52.7000000000 0.2500000000 1
52.8000000000 0.2500000000 1
52.9000000000 0.2500000000 1
53.0000000000 0.2500000000 1
53.1000000000 0.2500000000 1
53.2000000000 0.2500000000 1
53.3000000000 0.2500000000 1
53.4000000000 0.2500000000 1
53.5000000000 0.2500000000 1
53.6000000000 0.2500000000 1
53.7000000000 0.2500000000 1
53.8000000000 0.2500000000 1
53.9000000000 0.2500000000 1
54.0000000000 0.2500000000 1
54.1000000000 0.2500000000 1
54.2000000000 0.2500000000 1
54.3000000000 0.2500000000 1
54.4000000000 0.2500000000 1
54.5000000000 0.2500000000 1
54.6000000000 0.2500000000 1
54.7000000000 0.2500000000 1
54.8000000000 0.2500000000 1
54.9000000000 0.2500000000 1
55.0000000000 0.2500000000 1
55.1000000000 0.2500000000 1
55.2000000000 0.2500000000 1
55.3000000000 0.2500000000 1
55.4000000000 0.2500000000 1
55.5000000000 0.2500000000 1
55.6000000000 0.2500000000 1
55.7000000000 0.2500000000 1
55.8000000000 0.2500000000 1
55.9000000000 0.2500000000 1
56.0000000000 0.2500000000 1
56.1000000000 0.2500000000 1
56.2000000000 0.2500000000 1
56.3000000000 0.2500000000 1
56.4000000000 0.2500000000 1
56.5000000000 0.2500000000 1
56.6000000000 0.2500000000 1
56.7000000000 0.2500000000 1
56.8000000000 0.2500000000 1
56.9000000000 0.2500000000 1
57.0000000000 0.2500000000 1
57.1000000000 0.2500000000 1
57.2000000000 0.2500000000 1
57.3000000000 0.2500000000 1
57.4000000000 0.2500000000 1
57.5000000000 0.2500000000 1
57.6000000000 0.2500000000 1
57.7000000000 0.2500000000 1
57.8000000000 0.2500000000 1
57.9000000000 0.2500000000 1
58.0000000000 0.2500000000 1
58.1000000000 0.2500000000 1
58.2000000000 0.2500000000 1
58.3000000000 0.2500000000 1
58.4000000000 0.2500000000 1
58.5000000000 0.2500000000 1
58.6000000000 0.2500000000 1
58.7000000000 0.2500000000 1
58.8000000000 0.2500000000 1
58.9000000000 0.2500000000 1
59.0000000000 0.2500000000 1
59.1000000000 0.2500000000 1
59.2000000000 0.2500000000 1
59.3000000000 0.2500000000 1
59.4000000000 0.2500000000 1
59.5000000000 0.2500000000 1
59.6000000000 0.2500000000 1
59.7000000000 0.2500000000 1
59.8000000000 0.2500000000 1
59.9000000000 0.2500000000 1
60.0000000000 0.2500000000 1
60.1000000000 0.2500000000 1
60.2000000000 0.2500000000 1
60.3000000000 0.2500000000 1
60.4000000000 0.2500000000 1
60.5000000000 0.2500000000 1
60.6000000000 0.2500000000 1
60.7000000000 0.2500000000 1
60.8000000000 0.2500000000 1
60.9000000000 0.2500000000 1
61.0000000000 0.2500000000 1
61.1000000000 0.2500000000 1
61.2000000000 0.2500000000 1
61.3000000000 0.2500000000 1
61.4000000000 0.2500000000 1
61.5000000000 0.2500000000 1
61.6000000000 0.2500000000 1
61.7000000000 0.2500000000 1
61.8000000000 0.2500000000 1
61.9000000000 0.2500000000 1
62.0000000000 0.2500000000 1
62.1000000000 0.2500000000 1
62.2000000000 0.2500000000 1
62.3000000000 0.2500000000 1
62.4000000000 0.2500000000 1
62.5000000000 0.2500000000 1
62.6000000000 0.2500000000 1
62.7000000000 0.2500000000 1
62.8000000000 0.2500000000 1
62.9000000000 0.2500000000 1
63.0000000000 0.2500000000 1
63.1000000000 0.2500000000 1
63.2000000000 0.2500000000 1
63.3000000000 0.2500000000 1
63.4000000000 0.2500000000 1
63.5000000000 0.2500000000 1
63.6000000000 0.2500000000 1
63.7000000000 0.2500000000 1
63.8000000000 0.2500000000 1
63.9000000000 0.2500000000 1
64.0000000000 0.2500000000 1
64.1000000000 0.2500000000 1
64.2000000000 0.2500000000 1
64.3000000000 0.2500000000 1
64.4000000000 0.2500000000 1
64.5000000000 0.2500000000 1
64.6000000000 0.2500000000 1
64.7000000000 0.2500000000 1
64.8000000000 0.2500000000 1
64.9000000000 0.2500000000 1
65.0000000000 0.2500000000 1
65.1000000000 0.2500000000 1
65.2000000000 0.2500000000 1
65.3000000000 0.2500000000 1
65.4000000000 0.2500000000 1
65.5000000000 0.2500000000 1
65.6000000000 0.2500000000 1
65.7000000000 0.2500000000 1
65.8000000000 0.2500000000 1
65.9000000000 0.2500000000 1
66.0000000000 0.2500000000 1
66.1000000000 0.2500000000 1
66.2000000000 0.2500000000 1
66.3000000000 0.2500000000 1
66.4000000000 0.2500000000 1
66.5000000000 0.2500000000 1
66.6000000000 0.2500000000 1
66.7000000000 0.2500000000 1
66.8000000000 0.2500000000 1
66.9000000000 0.2500000000 1
67.0000000000 0.2500000000 1
67.1000000000 0.2500000000 1
67.2000000000 0.2500000000 1
67.3000000000 0.2500000000 1
67.4000000000 0.2500000000 1
67.5000000000 0.2500000000 1
67.6000000000 0.2500000000 1
67.7000000000 0.2500000000 1
67.8000000000 0.2500000000 1
67.9000000000 0.2500000000 1
68.0000000000 0.2500000000 1
68.1000000000 0.2500000000 1
68.2000000000 0.2500000000 1
68.3000000000 0.2500000000 1
68.4000000000 0.2500000000 1
68.5000000000 0.2500000000 1
68.6000000000 0.2500000000 1
68.7000000000 0.2500000000 1
68.8000000000 0.2500000000 1
68.9000000000 0.2500000000 1
69.0000000000 0.2500000000 1
69.1000000000 0.2500000000 1
69.2000000000 0.2500000000 1
69.3000000000 0.2500000000 1
69.4000000000 0.2500000000 1
69.5000000000 0.2500000000 1
69.6000000000 0.2500000000 1
69.7000000000 0.2500000000 1
69.8000000000 0.2500000000 1
69.9000000000 0.2500000000 1
70.0000000000 0.2500000000 1
70.1000000000 0.2500000000 1
70.2000000000 0.2500000000 1
70.3000000000 0.2500000000 1
70.4000000000 0.2500000000 1
70.5000000000 0.2500000000 1
70.6000000000 0.2500000000 1
70.7000000000 0.2500000000 1
70.8000000000 0.2500000000 1
70.9000000000 0.2500000000 1
71.0000000000 0.2500000000 1
71.1000000000 0.2500000000 1
71.2000000000 0.2500000000 1
71.3000000000 0.2500000000 1
71.4000000000 0.2500000000 1
71.5000000000 0.2500000000 1
71.6000000000 0.2500000000 1
71.7000000000 0.2500000000 1
71.8000000000 0.2500000000 1
71.9000000000 0.2500000000 1
72.0000000000 0.2500000000 1
72.1000000000 0.2500000000 1
72.2000000000 0.2500000000 1
72.3000000000 0.2500000000 1
72.4000000000 0.2500000000 1
72.5000000000 0.2500000000 1
72.6000000000 0.2500000000 1
72.7000000000 0.2500000000 1
72.8000000000 0.2500000000 1
72.9000000000 0.2500000000 1
73.0000000000 0.2500000000 1
73.1000000000 0.2500000000 1
73.2000000000 0.2500000000 1
73.3000000000 0.2500000000 1
73.4000000000 0.2500000000 1
73.5000000000 0.2500000000 1
73.6000000000 0.2500000000 1
73.7000000000 0.2500000000 1
73.8000000000 0.2500000000 1
73.9000000000 0.2500000000 1
74.0000000000 0.2500000000 1
74.1000000000 0.2500000000 1
74.2000000000 0.2500000000 1
74.3000000000 0.2500000000 1
74.4000000000 0.2500000000 1
74.5000000000 0.2500000000 1
74.6000000000 0.2500000000 1
74.7000000000 0.2500000000 1
74.8000000000 0.2500000000 1
74.9000000000 0.2500000000 1
75.0000000000 0.2500000000 1
75.1000000000 0.2500000000 1
75.2000000000 0.2500000000 1
75.3000000000 0.2500000000 1
75.4000000000 0.2500000000 1
75.5000000000 0.2500000000 1
75.6000000000 0.2500000000 1
75.7000000000 0.2500000000 1
75.8000000000 0.2500000000 1
75.9000000000 0.2500000000 1
76.0000000000 0.2500000000 1
76.1000000000 0.2500000000 1
76.2000000000 0.2500000000 1
76.3000000000 0.2500000000 1
76.4000000000 0.2500000000 1
76.5000000000 0.2500000000 1
76.6000000000 0.2500000000 1
76.7000000000 0.2500000000 1
76.8000000000 0.2500000000 1
76.9000000000 0.2500000000 1
77.0000000000 0.2500000000 1
77.1000000000 0.2500000000 1
77.2000000000 0.2500000000 1
77.3000000000 0.2500000000 1
77.4000000000 0.2500000000 1
77.5000000000 0.2500000000 1
77.6000000000 0.2500000000 1
77.7000000000 0.2500000000 1
77.8000000000 0.2500000000 1
77.9000000000 0.2500000000 1
78.0000000000 0.2500000000 1
78.1000000000 0.2500000000 1
78.2000000000 0.2500000000 1
78.3000000000 0.2500000000 1
78.4000000000 0.2500000000 1
78.5000000000 0.2500000000 1
78.6000000000 0.2500000000 1
78.7000000000 0.2500000000 1
78.8000000000 0.2500000000 1
78.9000000000 0.2500000000 1
79.0000000000 0.2500000000 1
79.1000000000 0.2500000000 1
79.2000000000 0.2500000000 1
79.3000000000 0.2500000000 1
79.4000000000 0.2500000000 1
79.5000000000 0.2500000000 1
79.6000000000 0.2500000000 1
79.7000000000 0.2500000000 1
79.8000000000 0.2500000000 1
79.9000000000 0.2500000000 1
80.0000000000 0.2500000000 1
80.1000000000 0.2500000000 1
80.2000000000 0.2500000000 1
80.3000000000 0.2500000000 1
80.4000000000 0.2500000000 1
80.5000000000 0.2500000000 1
80.6000000000 0.2500000000 1
80.7000000000 0.2500000000 1
80.8000000000 0.2500000000 1
80.9000000000 0.2500000000 1
81.0000000000 0.2500000000 1
81.1000000000 0.2500000000 1
81.2000000000 0.2500000000 1
81.3000000000 0.2500000000 1
81.4000000000 0.2500000000 1
81.5000000000 0.2500000000 1
81.6000000000 0.2500000000 1
81.7000000000 0.2500000000 1
81.8000000000 0.2500000000 1
81.9000000000 0.2500000000 1
82.0000000000 0.2500000000 1
82.1000000000 0.2500000000 1
82.2000000000 0.2500000000 1
82.3000000000 0.2500000000 1
82.4000000000 0.2500000000 1
82.5000000000 0.2500000000 1
82.6000000000 0.2500000000 1
82.7000000000 0.2500000000 1
82.8000000000 0.2500000000 1
82.9000000000 0.2500000000 1
83.0000000000 0.2500000000 1
83.1000000000 0.2500000000 1
83.2000000000 0.2500000000 1
83.3000000000 0.2500000000 1
83.4000000000 0.2500000000 1
83.5000000000 0.2500000000 1
83.6000000000 0.2500000000 1
83.7000000000 0.2500000000 1
83.8000000000 0.2500000000 1
83.9000000000 0.2500000000 1
84.0000000000 0.2500000000 1
84.1000000000 0.2500000000 1
84.2000000000 0.2500000000 1
84.3000000000 0.2500000000 1
84.4000000000 0.2500000000 1
84.5000000000 0.2500000000 1
84.6000000000 0.2500000000 1
84.7000000000 0.2500000000 1
84.8000000000 0.2500000000 1
84.9000000000 0.2500000000 1
85.0000000000 0.2500000000 1
85.1000000000 0.2500000000 1
85.2000000000 0.2500000000 1
85.3000000000 0.2500000000 1
85.4000000000 0.2500000000 1
85.5000000000 0.2500000000 1
85.6000000000 0.2500000000 1
85.7000000000 0.2500000000 1
85.8000000000 0.2500000000 1
85.9000000000 0.2500000000 1
86.0000000000 0.2500000000 1
86.1000000000 0.2500000000 1
86.2000000000 0.2500000000 1
86.3000000000 0.2500000000 1
86.4000000000 0.2500000000 1
86.5000000000 0.2500000000 1
86.6000000000 0.2500000000 1
86.7000000000 0.2500000000 1
86.8000000000 0.2500000000 1
86.9000000000 0.2500000000 1
87.0000000000 0.2500000000 1
87.1000000000 0.2500000000 1
87.2000000000 0.2500000000 1
87.3000000000 0.2500000000 1
87.4000000000 0.2500000000 1
87.5000000000 0.2500000000 1
87.6000000000 0.2500000000 1
87.7000000000 0.2500000000 1
87.8000000000 0.2500000000 1
87.9000000000 0.2500000000 1
88.0000000000 0.2500000000 1
88.1000000000 0.2500000000 1
88.2000000000 0.2500000000 1
88.3000000000 0.2500000000 1
88.4000000000 0.2500000000 1
88.5000000000 0.2500000000 1
88.6000000000 0.2500000000 1
88.7000000000 0.2500000000 1
88.8000000000 0.2500000000 1
88.9000000000 0.2500000000 1
89.0000000000 0.2500000000 1
89.1000000000 0.2500000000 1
89.2000000000 0.2500000000 1
89.3000000000 0.2500000000 1
89.4000000000 0.2500000000 1
89.5000000000 0.2500000000 1
89.6000000000 0.2500000000 1
89.7000000000 0.2500000000 1
89.8000000000 0.2500000000 1
89.9000000000 0.2500000000 1
90.0000000000 0.2500000000 1
90.1000000000 0.2500000000 1
90.2000000000 0.2500000000 1
90.3000000000 0.2500000000 1
90.4000000000 0.2500000000 1
90.5000000000 0.2500000000 1
90.6000000000 0.2500000000 1
90.7000000000 0.2500000000 1
90.8000000000 0.2500000000 1
90.9000000000 0.2500000000 1
91.0000000000 0.2500000000 1
91.1000000000 0.2500000000 1
91.2000000000 0.2500000000 1
91.3000000000 0.2500000000 1
91.4000000000 0.2500000000 1
91.5000000000 0.2500000000 1
91.6000000000 0.2500000000 1
91.7000000000 0.2500000000 1
91.8000000000 0.2500000000 1
91.9000000000 0.2500000000 1
92.0000000000 0.2500000000 1
92.1000000000 0.2500000000 1
92.2000000000 0.2500000000 1
92.3000000000 0.2500000000 1
92.4000000000 0.2500000000 1
92.5000000000 0.2500000000 1
92.6000000000 0.2500000000 1
92.7000000000 0.2500000000 1
92.8000000000 0.2500000000 1
92.9000000000 0.2500000000 1
93.0000000000 0.2500000000 1
93.1000000000 0.2500000000 1
93.2000000000 0.2500000000 1
93.3000000000 0.2500000000 1
93.4000000000 0.2500000000 1
93.5000000000 0.2500000000 1
93.6000000000 0.2500000000 1
93.7000000000 0.2500000000 1
93.8000000000 0.2500000000 1
93.9000000000 0.2500000000 1
94.0000000000 0.2500000000 1
94.1000000000 0.2500000000 1
94.2000000000 0.2500000000 1
94.3000000000 0.2500000000 1
94.4000000000 0.2500000000 1
94.5000000000 0.2500000000 1
94.6000000000 0.2500000000 1
94.7000000000 0.2500000000 1
94.8000000000 0.2500000000 1
94.9000000000 0.2500000000 1
95.0000000000 0.2500000000 1
95.1000000000 0.2500000000 1
95.2000000000 0.2500000000 1
95.3000000000 0.2500000000 1
95.4000000000 0.2500000000 1
95.5000000000 0.2500000000 1
95.6000000000 0.2500000000 1
95.7000000000 0.2500000000 1
95.8000000000 0.2500000000 1
95.9000000000 0.2500000000 1
96.0000000000 0.2500000000 1
96.1000000000 0.2500000000 1
96.2000000000 0.2500000000 1
96.3000000000 0.2500000000 1
96.4000000000 0.2500000000 1
96.5000000000 0.2500000000 1
96.6000000000 0.2500000000 1
96.7000000000 0.2500000000 1
96.8000000000 0.2500000000 1
96.9000000000 0.2500000000 1
97.0000000000 0.2500000000 1
97.1000000000 0.2500000000 1
97.2000000000 0.2500000000 1
97.3000000000 0.2500000000 1
97.4000000000 0.2500000000 1
97.5000000000 0.2500000000 1
97.6000000000 0.2500000000 1
97.7000000000 0.2500000000 1
97.8000000000 0.2500000000 1
97.9000000000 0.2500000000 1
98.0000000000 0.2500000000 1
98.1000000000 0.2500000000 1
98.2000000000 0.2500000000 1
98.3000000000 0.2500000000 1
98.4000000000 0.2500000000 1
98.5000000000 0.2500000000 1
98.6000000000 0.2500000000 1
98.7000000000 0.2500000000 1
98.8000000000 0.2500000000 1
98.9000000000 0.2500000000 1
99.0000000000 0.2500000000 1
99.1000000000 0.2500000000 1
99.2000000000 0.2500000000 1
99.3000000000 0.2500000000 1
99.4000000000 0.2500000000 1
99.5000000000 0.2500000000 1
99.6000000000 0.2500000000 1
99.7000000000 0.2500000000 1
99.8000000000 0.2500000000 1
99.9000000000 0.2500000000 1
100.0000000000 0.2500000000 1
100.1000000000 0.2500000000 1
100.2000000000 0.2500000000 1
100.3000000000 0.2500000000 1
100.4000000000 0.2500000000 1
100.5000000000 0.2500000000 1
100.6000000000 0.2500000000 1
100.7000000000 0.2500000000 1
100.8000000000 0.2500000000 1
100.9000000000 0.2500000000 1
101.0000000000 0.2500000000 1
101.1000000000 0.2500000000 1
101.2000000000 0.2500000000 1
101.3000000000 0.2500000000 1
101.4000000000 0.2500000000 1
101.5000000000 0.2500000000 1
101.6000000000 0.2500000000 1
101.7000000000 0.2500000000 1
101.8000000000 0.2500000000 1
101.9000000000 0.2500000000 1
102.0000000000 0.2500000000 1
102.1000000000 0.2500000000 1
102.2000000000 0.2500000000 1
102.3000000000 0.2500000000 1
102.4000000000 0.2500000000 1
102.5000000000 0.2500000000 1
102.6000000000 0.2500000000 1
102.7000000000 0.2500000000 1
102.8000000000 0.2500000000 1
102.9000000000 0.2500000000 1
103.0000000000 0.2500000000 1
103.1000000000 0.2500000000 1
103.2000000000 0.2500000000 1
103.3000000000 0.2500000000 1
103.4000000000 0.2500000000 1
103.5000000000 0.2500000000 1
103.6000000000 0.2500000000 1
103.7000000000 0.2500000000 1
103.8000000000 0.2500000000 1
103.9000000000 0.2500000000 1
104.0000000000 0.2500000000 1
104.1000000000 0.2500000000 1
104.2000000000 0.2500000000 1
104.3000000000 0.2500000000 1
104.4000000000 0.2500000000 1
104.5000000000 0.2500000000 1
104.6000000000 0.2500000000 1
104.7000000000 0.2500000000 1
104.8000000000 0.2500000000 1
104.9000000000 0.2500000000 1
105.0000000000 0.2500000000 1
105.1000000000 0.2500000000 1
105.2000000000 0.2500000000 1
105.3000000000 0.2500000000 1
105.4000000000 0.2500000000 1
105.5000000000 0.2500000000 1
105.6000000000 0.2500000000 1
105.7000000000 0.2500000000 1
105.8000000000 0.2500000000 1
105.9000000000 0.2500000000 1
106.0000000000 0.2500000000 1
106.1000000000 0.2500000000 1
106.2000000000 0.2500000000 1
106.3000000000 0.2500000000 1
106.4000000000 0.2500000000 1
106.5000000000 0.2500000000 1
106.6000000000 0.2500000000 1
106.7000000000 0.2500000000 1
106.8000000000 0.2500000000 1
106.9000000000 0.2500000000 1
107.0000000000 0.2500000000 1
107.1000000000 0.2500000000 1
107.2000000000 0.2500000000 1
107.3000000000 0.2500000000 1
107.4000000000 0.2500000000 1
107.5000000000 0.2500000000 1
107.6000000000 0.2500000000 1
107.7000000000 0.2500000000 1
107.8000000000 0.2500000000 1
107.9000000000 0.2500000000 1
108.0000000000 0.2500000000 1
108.1000000000 0.2500000000 1
108.2000000000 0.2500000000 1
108.3000000000 0.2500000000 1
108.4000000000 0.2500000000 1
108.5000000000 0.2500000000 1
108.6000000000 0.2500000000 1
108.7000000000 0.2500000000 1
108.8000000000 0.2500000000 1
108.9000000000 0.2500000000 1
109.0000000000 0.2500000000 1
109.1000000000 0.2500000000 1
109.2000000000 0.2500000000 1
109.3000000000 0.2500000000 1
109.4000000000 0.2500000000 1
109.5000000000 0.2500000000 1
109.6000000000 0.2500000000 1
109.7000000000 0.2500000000 1
109.8000000000 0.2500000000 1
109.9000000000 0.2500000000 1
110.0000000000 0.2500000000 1
110.1000000000 0.2500000000 1
110.2000000000 0.2500000000 1
110.3000000000 0.2500000000 1
110.4000000000 0.2500000000 1
110.5000000000 0.2500000000 1
110.6000000000 0.2500000000 1
110.7000000000 0.2500000000 1
110.8000000000 0.2500000000 1
110.9000000000 0.2500000000 1
111.0000000000 0.2500000000 1
111.1000000000 0.2500000000 1
111.2000000000 0.2500000000 1
111.3000000000 0.2500000000 1
111.4000000000 0.2500000000 1
111.5000000000 0.2500000000 1
111.6000000000 0.2500000000 1
111.7000000000 0.2500000000 1
111.8000000000 0.2500000000 1
111.9000000000 0.2500000000 1
112.0000000000 0.2500000000 1
112.1000000000 0.2500000000 1
112.2000000000 0.2500000000 1
112.3000000000 0.2500000000 1
112.4000000000 0.2500000000 1
112.5000000000 0.2500000000 1
112.6000000000 0.2500000000 1
112.7000000000 0.2500000000 1
112.8000000000 0.2500000000 1
112.9000000000 0.2500000000 1
113.0000000000 0.2500000000 1
113.1000000000 0.2500000000 1
113.2000000000 0.2500000000 1
113.3000000000 0.2500000000 1
113.4000000000 0.2500000000 1
113.5000000000 0.2500000000 1
113.6000000000 0.2500000000 1
113.7000000000 0.2500000000 1
113.8000000000 0.2500000000 1
113.9000000000 0.2500000000 1
114.0000000000 0.2500000000 1
114.1000000000 0.2500000000 1
114.2000000000 0.2500000000 1
114.3000000000 0.2500000000 1
114.4000000000 0.2500000000 1
114.5000000000 0.2500000000 1
114.6000000000 0.2500000000 1
114.7000000000 0.2500000000 1
114.8000000000 0.2500000000 1
114.9000000000 0.2500000000 1
115.0000000000 0.2500000000 1
115.1000000000 0.2500000000 1
115.2000000000 0.2500000000 1
115.3000000000 0.2500000000 1
115.4000000000 0.2500000000 1
115.5000000000 0.2500000000 1
115.6000000000 0.2500000000 1
115.7000000000 0.2500000000 1
115.8000000000 0.2500000000 1
115.9000000000 0.2500000000 1
116.0000000000 0.2500000000 1
116.1000000000 0.2500000000 1
116.2000000000 0.2500000000 1
116.3000000000 0.2500000000 1
116.4000000000 0.2500000000 1
116.5000000000 0.2500000000 1
116.6000000000 0.2500000000 1
116.7000000000 0.2500000000 1
116.8000000000 0.2500000000 1
116.9000000000 0.2500000000 1
117.0000000000 0.2500000000 1
117.1000000000 0.2500000000 1
117.2000000000 0.2500000000 1
117.3000000000 0.2500000000 1
117.4000000000 0.2500000000 1
117.5000000000 0.2500000000 1
117.6000000000 0.2500000000 1
117.7000000000 0.2500000000 1
117.8000000000 0.2500000000 1
117.9000000000 0.2500000000 1
118.0000000000 0.2500000000 1
118.1000000000 0.2500000000 1
118.2000000000 0.2500000000 1
118.3000000000 0.2500000000 1
118.4000000000 0.2500000000 1
118.5000000000 0.2500000000 1
118.6000000000 0.2500000000 1
118.7000000000 0.2500000000 1
118.8000000000 0.2500000000 1
118.9000000000 0.2500000000 1
119.0000000000 0.2500000000 1
119.1000000000 0.2500000000 1
119.2000000000 0.2500000000 1
119.3000000000 0.2500000000 1
119.4000000000 0.2500000000 1
119.5000000000 0.2500000000 1
119.6000000000 0.2500000000 1
119.7000000000 0.2500000000 1
119.8000000000 0.2500000000 1
119.9000000000 0.2500000000 1
120.0000000000 0.2500000000 1
120.1000000000 0.2500000000 1
120.2000000000 0.2500000000 1
120.3000000000 0.2500000000 1
120.4000000000 0.2500000000 1
120.5000000000 0.2500000000 1
120.6000000000 0.2500000000 1
120.7000000000 0.2500000000 1
120.8000000000 0.2500000000 1
120.9000000000 0.2500000000 1
121.0000000000 0.2500000000 1
121.1000000000 0.2500000000 1
121.2000000000 0.2500000000 1
121.3000000000 0.2500000000 1
121.4000000000 0.2500000000 1
121.5000000000 0.2500000000 1
121.6000000000 0.2500000000 1
121.7000000000 0.2500000000 1
121.8000000000 0.2500000000 1
121.9000000000 0.2500000000 1
122.0000000000 0.2500000000 1
122.1000000000 0.2500000000 1
122.2000000000 0.2500000000 1
122.3000000000 0.2500000000 1
122.4000000000 0.2500000000 1
122.5000000000 0.2500000000 1
122.6000000000 0.2500000000 1
122.7000000000 0.2500000000 1
122.8000000000 0.2500000000 1
122.9000000000 0.2500000000 1
123.0000000000 0.2500000000 1
123.1000000000 0.2500000000 1
123.2000000000 0.2500000000 1
123.3000000000 0.2500000000 1
123.4000000000 0.2500000000 1
123.5000000000 0.2500000000 1
123.6000000000 0.2500000000 1
123.7000000000 0.2500000000 1
123.8000000000 0.2500000000 1
123.9000000000 0.2500000000 1
124.0000000000 0.2500000000 1
124.1000000000 0.2500000000 1
124.2000000000 0.2500000000 1
124.3000000000 0.2500000000 1
124.4000000000 0.2500000000 1
124.5000000000 0.2500000000 1
124.6000000000 0.2500000000 1
124.7000000000 0.2500000000 1
124.8000000000 0.2500000000 1
124.9000000000 0.2500000000 1
125.0000000000 0.2500000000 1
125.1000000000 0.2500000000 1
125.2000000000 0.2500000000 1
125.3000000000 0.2500000000 1
125.4000000000 0.2500000000 1
125.5000000000 0.2500000000 1
125.6000000000 0.2500000000 1
125.7000000000 0.2500000000 1
125.8000000000 0.2500000000 1
125.9000000000 0.2500000000 1
126.0000000000 0.2500000000 1
126.1000000000 0.2500000000 1
126.2000000000 0.2500000000 1
126.3000000000 0.2500000000 1
126.4000000000 0.2500000000 1
126.5000000000 0.2500000000 1
126.6000000000 0.2500000000 1
126.7000000000 0.2500000000 1
126.8000000000 0.2500000000 1
126.9000000000 0.2500000000 1
127.0000000000 0.2500000000 1
127.1000000000 0.2500000000 1
127.2000000000 0.2500000000 1
127.3000000000 0.2500000000 1
127.4000000000 0.2500000000 1
127.5000000000 0.2500000000 1
127.6000000000 0.2500000000 1
127.7000000000 0.2500000000 1
127.8000000000 0.2500000000 1
127.9000000000 0.2500000000 1
128.0000000000 0.2500000000 1
128.1000000000 0.2500000000 1
128.2000000000 0.2500000000 1
128.3000000000 0.2500000000 1
128.4000000000 0.2500000000 1
128.5000000000 0.2500000000 1
128.6000000000 0.2500000000 1
128.7000000000 0.2500000000 1
128.8000000000 0.2500000000 1
128.9000000000 0.2500000000 1
129.0000000000 0.2500000000 1
129.1000000000 0.2500000000 1
129.2000000000 0.2500000000 1
129.3000000000 0.2500000000 1
129.4000000000 0.2500000000 1
129.5000000000 0.2500000000 1
129.6000000000 0.2500000000 1
129.7000000000 0.2500000000 1
129.8000000000 0.2500000000 1
129.9000000000 0.2500000000 1
130.0000000000 0.2500000000 1
130.1000000000 0.2500000000 1
130.2000000000 0.2500000000 1
130.3000000000 0.2500000000 1
130.4000000000 0.2500000000 1
130.5000000000 0.2500000000 1
130.6000000000 0.2500000000 1
130.7000000000 0.2500000000 1
130.8000000000 0.2500000000 1
130.9000000000 0.2500000000 1
131.0000000000 0.2500000000 1
131.1000000000 0.2500000000 1
131.2000000000 0.2500000000 1
131.3000000000 0.2500000000 1
131.4000000000 0.2500000000 1
131.5000000000 0.2500000000 1
131.6000000000 0.2500000000 1
131.7000000000 0.2500000000 1
131.8000000000 0.2500000000 1
131.9000000000 0.2500000000 1
132.0000000000 0.2500000000 1
132.1000000000 0.2500000000 1
132.2000000000 0.2500000000 1
132.3000000000 0.2500000000 1
132.4000000000 0.2500000000 1
132.5000000000 0.2500000000 1
132.6000000000 0.2500000000 1
132.7000000000 0.2500000000 1
132.8000000000 0.2500000000 1
132.9000000000 0.2500000000 1
133.0000000000 0.2500000000 1
133.1000000000 0.2500000000 1
133.2000000000 0.2500000000 1
133.3000000000 0.2500000000 1
133.4000000000 0.2500000000 1
133.5000000000 0.2500000000 1
133.6000000000 0.2500000000 1
133.7000000000 0.2500000000 1
133.8000000000 0.2500000000 1
133.9000000000 0.2500000000 1
134.0000000000 0.2500000000 1
134.1000000000 0.2500000000 1
134.2000000000 0.2500000000 1
134.3000000000 0.2500000000 1
134.4000000000 0.2500000000 1
134.5000000000 0.2500000000 1
134.6000000000 0.2500000000 1
134.7000000000 0.2500000000 1
134.8000000000 0.2500000000 1
134.9000000000 0.2500000000 1
135.0000000000 0.2500000000 1
135.1000000000 0.2500000000 1
135.2000000000 0.2500000000 1
135.3000000000 0.2500000000 1
135.4000000000 0.2500000000 1
135.5000000000 0.2500000000 1
135.6000000000 0.2500000000 1
135.7000000000 0.2500000000 1
135.8000000000 0.2500000000 1
135.9000000000 0.2500000000 1
136.0000000000 0.2500000000 1
136.1000000000 0.2500000000 1
136.2000000000 0.2500000000 1
136.3000000000 0.2500000000 1
136.4000000000 0.2500000000 1
136.5000000000 0.2500000000 1
136.6000000000 0.2500000000 1
136.7000000000 0.2500000000 1
136.8000000000 0.2500000000 1
136.9000000000 0.2500000000 1
137.0000000000 0.2500000000 1
137.1000000000 0.2500000000 1
137.2000000000 0.2500000000 1
137.3000000000 0.2500000000 1
137.4000000000 0.2500000000 1
137.5000000000 0.2500000000 1
137.6000000000 0.2500000000 1
137.7000000000 0.2500000000 1
137.8000000000 0.2500000000 1
137.9000000000 0.2500000000 1
138.0000000000 0.2500000000 1
138.1000000000 0.2500000000 1
138.2000000000 0.2500000000 1
138.3000000000 0.2500000000 1
138.4000000000 0.2500000000 1
138.5000000000 0.2500000000 1
138.6000000000 0.2500000000 1
138.7000000000 0.2500000000 1
138.8000000000 0.2500000000 1
138.9000000000 0.2500000000 1
139.0000000000 0.2500000000 1
139.1000000000 0.2500000000 1
139.2000000000 0.2500000000 1
139.3000000000 0.2500000000 1
139.4000000000 0.2500000000 1
139.5000000000 0.2500000000 1
139.6000000000 0.2500000000 1
139.7000000000 0.2500000000 1
139.8000000000 0.2500000000 1
139.9000000000 0.2500000000 1
140.0000000000 0.2500000000 1
140.1000000000 0.2500000000 1
140.2000000000 0.2500000000 1
140.3000000000 0.2500000000 1
140.4000000000 0.2500000000 1
140.5000000000 0.2500000000 1
140.6000000000 0.2500000000 1
140.7000000000 0.2500000000 1
140.8000000000 0.2500000000 1
140.9000000000 0.2500000000 1
141.0000000000 0.2500000000 1
141.1000000000 0.2500000000 1
141.2000000000 0.2500000000 1
141.3000000000 0.2500000000 1
141.4000000000 0.2500000000 1
141.5000000000 0.2500000000 1
141.6000000000 0.2500000000 1
141.7000000000 0.2500000000 1
141.8000000000 0.2500000000 1
141.9000000000 0.2500000000 1
142.0000000000 0.2500000000 1
142.1000000000 0.2500000000 1
142.2000000000 0.2500000000 1
142.3000000000 0.2500000000 1
142.4000000000 0.2500000000 1
142.5000000000 0.2500000000 1
142.6000000000 0.2500000000 1
142.7000000000 0.2500000000 1
142.8000000000 0.2500000000 1
142.9000000000 0.2500000000 1
143.0000000000 0.2500000000 1
143.1000000000 0.2500000000 1
143.2000000000 0.2500000000 1
143.3000000000 0.2500000000 1
143.4000000000 0.2500000000 1
143.5000000000 0.2500000000 1
143.6000000000 0.2500000000 1
143.7000000000 0.2500000000 1
143.8000000000 0.2500000000 1
143.9000000000 0.2500000000 1
144.0000000000 0.2500000000 1
144.1000000000 0.2500000000 1
144.2000000000 0.2500000000 1
144.3000000000 0.2500000000 1
144.4000000000 0.2500000000 1
144.5000000000 0.2500000000 1
144.6000000000 0.2500000000 1
144.7000000000 0.2500000000 1
144.8000000000 0.2500000000 1
144.9000000000 0.2500000000 1
145.0000000000 0.2500000000 1
145.1000000000 0.2500000000 1
145.2000000000 0.2500000000 1
145.3000000000 0.2500000000 1
145.4000000000 0.2500000000 1
145.5000000000 0.2500000000 1
145.6000000000 0.2500000000 1
145.7000000000 0.2500000000 1
145.8000000000 0.2500000000 1
145.9000000000 0.2500000000 1
146.0000000000 0.2500000000 1
146.1000000000 0.2500000000 1
146.2000000000 0.2500000000 1
146.3000000000 0.2500000000 1
146.4000000000 0.2500000000 1
146.5000000000 0.2500000000 1
146.6000000000 0.2500000000 1
146.7000000000 0.2500000000 1
146.8000000000 0.2500000000 1
146.9000000000 0.2500000000 1
147.0000000000 0.2500000000 1
147.1000000000 0.2500000000 1
147.2000000000 0.2500000000 1
147.3000000000 0.2500000000 1
147.4000000000 0.2500000000 1
147.5000000000 0.2500000000 1
147.6000000000 0.2500000000 1
147.7000000000 0.2500000000 1
147.8000000000 0.2500000000 1
147.9000000000 0.2500000000 1
148.0000000000 0.2500000000 1
148.1000000000 0.2500000000 1
148.2000000000 0.2500000000 1
148.3000000000 0.2500000000 1
148.4000000000 0.2500000000 1
148.5000000000 0.2500000000 1
148.6000000000 0.2500000000 1
148.7000000000 0.2500000000 1
148.8000000000 0.2500000000 1
148.9000000000 0.2500000000 1
149.0000000000 0.2500000000 1
149.1000000000 0.2500000000 1
149.2000000000 0.2500000000 1
149.3000000000 0.2500000000 1
149.4000000000 0.2500000000 1
149.5000000000 0.2500000000 1
149.6000000000 0.2500000000 1
149.7000000000 0.2500000000 1
149.8000000000 0.2500000000 1
149.9000000000 0.2500000000 1
150.0000000000 0.2500000000 1
150.1000000000 0.2500000000 1
150.2000000000 0.2500000000 1
150.3000000000 0.2500000000 1
150.4000000000 0.2500000000 1
150.5000000000 0.2500000000 1
150.6000000000 0.2500000000 1
150.7000000000 0.2500000000 1
150.8000000000 0.2500000000 1
150.9000000000 0.2500000000 1
151.0000000000 0.2500000000 1
151.1000000000 0.2500000000 1
151.2000000000 0.2500000000 1
151.3000000000 0.2500000000 1
151.4000000000 0.2500000000 1
151.5000000000 0.2500000000 1
151.6000000000 0.2500000000 1
151.7000000000 0.2500000000 1
151.8000000000 0.2500000000 1
151.9000000000 0.2500000000 1
152.0000000000 0.2500000000 1
152.1000000000 0.2500000000 1
152.2000000000 0.2500000000 1
152.3000000000 0.2500000000 1
152.4000000000 0.2500000000 1
152.5000000000 0.2500000000 1
152.6000000000 0.2500000000 1
152.7000000000 0.2500000000 1
152.8000000000 0.2500000000 1
152.9000000000 0.2500000000 1
153.0000000000 0.2500000000 1
153.1000000000 0.2500000000 1
153.2000000000 0.2500000000 1
153.3000000000 0.2500000000 1
153.4000000000 0.2500000000 1
153.5000000000 0.2500000000 1
153.6000000000 0.2500000000 1
153.7000000000 0.2500000000 1
153.8000000000 0.2500000000 1
153.9000000000 0.2500000000 1
154.0000000000 0.2500000000 1
154.1000000000 0.2500000000 1
154.2000000000 0.2500000000 1
154.3000000000 0.2500000000 1
154.4000000000 0.2500000000 1
154.5000000000 0.2500000000 1
154.6000000000 0.2500000000 1
154.7000000000 0.2500000000 1
154.8000000000 0.2500000000 1
154.9000000000 0.2500000000 1
155.0000000000 0.2500000000 1
155.1000000000 0.2500000000 1
155.2000000000 0.2500000000 1
155.3000000000 0.2500000000 1
155.4000000000 0.2500000000 1
155.5000000000 0.2500000000 1
155.6000000000 0.2500000000 1
155.7000000000 0.2500000000 1
155.8000000000 0.2500000000 1
155.9000000000 0.2500000000 1
156.0000000000 0.2500000000 1
156.1000000000 0.2500000000 1
156.2000000000 0.2500000000 1
156.3000000000 0.2500000000 1
156.4000000000 0.2500000000 1
156.5000000000 0.2500000000 1
156.6000000000 0.2500000000 1
156.7000000000 0.2500000000 1
156.8000000000 0.2500000000 1
156.9000000000 0.2500000000 1
157.0000000000 0.2500000000 1
157.1000000000 0.2500000000 1
157.2000000000 0.2500000000 1
157.3000000000 0.2500000000 1
157.4000000000 0.2500000000 1
157.5000000000 0.2500000000 1
157.6000000000 0.2500000000 1
157.7000000000 0.2500000000 1
157.8000000000 0.2500000000 1
157.9000000000 0.2500000000 1
158.0000000000 0.2500000000 1
158.1000000000 0.2500000000 1
158.2000000000 0.2500000000 1
158.3000000000 0.2500000000 1
158.4000000000 0.2500000000 1
158.5000000000 0.2500000000 1
158.6000000000 0.2500000000 1
158.7000000000 0.2500000000 1
158.8000000000 0.2500000000 1
158.9000000000 0.2500000000 1
159.0000000000 0.2500000000 1
159.1000000000 0.2500000000 1
159.2000000000 0.2500000000 1
159.3000000000 0.2500000000 1
159.4000000000 0.2500000000 1
159.5000000000 0.2500000000 1
159.6000000000 0.2500000000 1
159.7000000000 0.2500000000 1
159.8000000000 0.2500000000 1
159.9000000000 0.2500000000 1
160.0000000000 0.2500000000 1
160.1000000000 0.2500000000 1
160.2000000000 0.2500000000 1
160.3000000000 0.2500000000 1
160.4000000000 0.2500000000 1
160.5000000000 0.2500000000 1
160.6000000000 0.2500000000 1
160.7000000000 0.2500000000 1
160.8000000000 0.2500000000 1
160.9000000000 0.2500000000 1
161.0000000000 0.2500000000 1
161.1000000000 0.2500000000 1
161.2000000000 0.2500000000 1
161.3000000000 0.2500000000 1
161.4000000000 0.2500000000 1
161.5000000000 0.2500000000 1
161.6000000000 0.2500000000 1
161.7000000000 0.2500000000 1
161.8000000000 0.2500000000 1
161.9000000000 0.2500000000 1
162.0000000000 0.2500000000 1
162.1000000000 0.2500000000 1
162.2000000000 0.2500000000 1
162.3000000000 0.2500000000 1
162.4000000000 0.2500000000 1
162.5000000000 0.2500000000 1
162.6000000000 0.2500000000 1
162.7000000000 0.2500000000 1
162.8000000000 0.2500000000 1
162.9000000000 0.2500000000 1
163.0000000000 0.2500000000 1
163.1000000000 0.2500000000 1
163.2000000000 0.2500000000 1
163.3000000000 0.2500000000 1
163.4000000000 0.2500000000 1
163.5000000000 0.2500000000 1
163.6000000000 0.2500000000 1
163.7000000000 0.2500000000 1
163.8000000000 0.2500000000 1
163.9000000000 0.2500000000 1
164.0000000000 0.2500000000 1
164.1000000000 0.2500000000 1
164.2000000000 0.2500000000 1
164.3000000000 0.2500000000 1
164.4000000000 0.2500000000 1
164.5000000000 0.2500000000 1
164.6000000000 0.2500000000 1
164.7000000000 0.2500000000 1
164.8000000000 0.2500000000 1
164.9000000000 0.2500000000 1
165.0000000000 0.2500000000 1
165.1000000000 0.2500000000 1
165.2000000000 0.2500000000 1
165.3000000000 0.2500000000 1
165.4000000000 0.2500000000 1
165.5000000000 0.2500000000 1
165.6000000000 0.2500000000 1
165.7000000000 0.2500000000 1
165.8000000000 0.2500000000 1
165.9000000000 0.2500000000 1
166.0000000000 0.2500000000 1
166.1000000000 0.2500000000 1
166.2000000000 0.2500000000 1
166.3000000000 0.2500000000 1
166.4000000000 0.2500000000 1
166.5000000000 0.2500000000 1
166.6000000000 0.2500000000 1
166.7000000000 0.2500000000 1
166.8000000000 0.2500000000 1
166.9000000000 0.2500000000 1
167.0000000000 0.2500000000 1
167.1000000000 0.2500000000 1
167.2000000000 0.2500000000 1
167.3000000000 0.2500000000 1
167.4000000000 0.2500000000 1
167.5000000000 0.2500000000 1
167.6000000000 0.2500000000 1
167.7000000000 0.2500000000 1
167.8000000000 0.2500000000 1
167.9000000000 0.2500000000 1
168.0000000000 0.2500000000 1
168.1000000000 0.2500000000 1
168.2000000000 0.2500000000 1
168.3000000000 0.2500000000 1
168.4000000000 0.2500000000 1
168.5000000000 0.2500000000 1
168.6000000000 0.2500000000 1
168.7000000000 0.2500000000 1
168.8000000000 0.2500000000 1
168.9000000000 0.2500000000 1
169.0000000000 0.2500000000 1
169.1000000000 0.2500000000 1
169.2000000000 0.2500000000 1
169.3000000000 0.2500000000 1
169.4000000000 0.2500000000 1
169.5000000000 0.2500000000 1
169.6000000000 0.2500000000 1
169.7000000000 0.2500000000 1
169.8000000000 0.2500000000 1
169.9000000000 0.2500000000 1
170.0000000000 0.2500000000 1
170.1000000000 0.2500000000 1
170.2000000000 0.2500000000 1
170.3000000000 0.2500000000 1
170.4000000000 0.2500000000 1
170.5000000000 0.2500000000 1
170.6000000000 0.2500000000 1
170.7000000000 0.2500000000 1
170.8000000000 0.2500000000 1
170.9000000000 0.2500000000 1
171.0000000000 0.2500000000 1
171.1000000000 0.2500000000 1
171.2000000000 0.2500000000 1
171.3000000000 0.2500000000 1
171.4000000000 0.2500000000 1
171.5000000000 0.2500000000 1
171.6000000000 0.2500000000 1
171.7000000000 0.2500000000 1
171.8000000000 0.2500000000 1
171.9000000000 0.2500000000 1
172.0000000000 0.2500000000 1
172.1000000000 0.2500000000 1
172.2000000000 0.2500000000 1
172.3000000000 0.2500000000 1
172.4000000000 0.2500000000 1
172.5000000000 0.2500000000 1
172.6000000000 0.2500000000 1
172.7000000000 0.2500000000 1
172.8000000000 0.2500000000 1
172.9000000000 0.2500000000 1
173.0000000000 0.2500000000 1
173.1000000000 0.2500000000 1
173.2000000000 0.2500000000 1
173.3000000000 0.2500000000 1
173.4000000000 0.2500000000 1
173.5000000000 0.2500000000 1
173.6000000000 0.2500000000 1
173.7000000000 0.2500000000 1
173.8000000000 0.2500000000 1
173.9000000000 0.2500000000 1
174.0000000000 0.2500000000 1
174.1000000000 0.2500000000 1
174.2000000000 0.2500000000 1
174.3000000000 0.2500000000 1
174.4000000000 0.2500000000 1
174.5000000000 0.2500000000 1
174.6000000000 0.2500000000 1
174.7000000000 0.2500000000 1
174.8000000000 0.2500000000 1
174.9000000000 0.2500000000 1
175.0000000000 0.2500000000 1
175.1000000000 0.2500000000 1
175.2000000000 0.2500000000 1
175.3000000000 0.2500000000 1
175.4000000000 0.2500000000 1
175.5000000000 0.2500000000 1
175.6000000000 0.2500000000 1
175.7000000000 0.2500000000 1
175.8000000000 0.2500000000 1
175.9000000000 0.2500000000 1
176.0000000000 0.2500000000 1
176.1000000000 0.2500000000 1
176.2000000000 0.2500000000 1
176.3000000000 0.2500000000 1
176.4000000000 0.2500000000 1
176.5000000000 0.2500000000 1
176.6000000000 0.2500000000 1
176.7000000000 0.2500000000 1
176.8000000000 0.2500000000 1
176.9000000000 0.2500000000 1
177.0000000000 0.2500000000 1
177.1000000000 0.2500000000 1
177.2000000000 0.2500000000 1
177.3000000000 0.2500000000 1
177.4000000000 0.2500000000 1
177.5000000000 0.2500000000 1
177.6000000000 0.2500000000 1
177.7000000000 0.2500000000 1
177.8000000000 0.2500000000 1
177.9000000000 0.2500000000 1
178.0000000000 0.2500000000 1
178.1000000000 0.2500000000 1
178.2000000000 0.2500000000 1
178.3000000000 0.2500000000 1
178.4000000000 0.2500000000 1
178.5000000000 0.2500000000 1
178.6000000000 0.2500000000 1
178.7000000000 0.2500000000 1
178.8000000000 0.2500000000 1
178.9000000000 0.2500000000 1
179.0000000000 0.2500000000 1
179.1000000000 0.2500000000 1
179.2000000000 0.2500000000 1
179.3000000000 0.2500000000 1
179.4000000000 0.2500000000 1
179.5000000000 0.2500000000 1
179.6000000000 0.2500000000 1
179.7000000000 0.2500000000 1
179.8000000000 0.2500000000 1
179.9000000000 0.2500000000 1
180.0000000000 0.2500000000 1
180.1000000000 0.2500000000 1
180.2000000000 0.2500000000 1
180.3000000000 0.2500000000 1
180.4000000000 0.2500000000 1
180.5000000000 0.2500000000 1
180.6000000000 0.2500000000 1
180.7000000000 0.2500000000 1
180.8000000000 0.2500000000 1
180.9000000000 0.2500000000 1
181.0000000000 0.2500000000 1
181.1000000000 0.2500000000 1
181.2000000000 0.2500000000 1
181.3000000000 0.2500000000 1
181.4000000000 0.2500000000 1
181.5000000000 0.2500000000 1
181.6000000000 0.2500000000 1
181.7000000000 0.2500000000 1
181.8000000000 0.2500000000 1
181.9000000000 0.2500000000 1
182.0000000000 0.2500000000 1
182.1000000000 0.2500000000 1
182.2000000000 0.2500000000 1
182.3000000000 0.2500000000 1
182.4000000000 0.2500000000 1
182.5000000000 0.2500000000 1
182.6000000000 0.2500000000 1
182.7000000000 0.2500000000 1
182.8000000000 0.2500000000 1
182.9000000000 0.2500000000 1
183.0000000000 0.2500000000 1
183.1000000000 0.2500000000 1
183.2000000000 0.2500000000 1
183.3000000000 0.2500000000 1
183.4000000000 0.2500000000 1
183.5000000000 0.2500000000 1
183.6000000000 0.2500000000 1
183.7000000000 0.2500000000 1
183.8000000000 0.2500000000 1
183.9000000000 0.2500000000 1
184.0000000000 0.2500000000 1
184.1000000000 0.2500000000 1
184.2000000000 0.2500000000 1
184.3000000000 0.2500000000 1
184.4000000000 0.2500000000 1
184.5000000000 0.2500000000 1
184.6000000000 0.2500000000 1
184.7000000000 0.2500000000 1
184.8000000000 0.2500000000 1
184.9000000000 0.2500000000 1
185.0000000000 0.2500000000 1
185.1000000000 0.2500000000 1
185.2000000000 0.2500000000 1
185.3000000000 0.2500000000 1
185.4000000000 0.2500000000 1
185.5000000000 0.2500000000 1
185.6000000000 0.2500000000 1
185.7000000000 0.2500000000 1
185.8000000000 0.2500000000 1
185.9000000000 0.2500000000 1
186.0000000000 0.2500000000 1
186.1000000000 0.2500000000 1
186.2000000000 0.2500000000 1
186.3000000000 0.2500000000 1
186.4000000000 0.2500000000 1
186.5000000000 0.2500000000 1
186.6000000000 0.2500000000 1
186.7000000000 0.2500000000 1
186.8000000000 0.2500000000 1
186.9000000000 0.2500000000 1
187.0000000000 0.2500000000 1
187.1000000000 0.2500000000 1
187.2000000000 0.2500000000 1
187.3000000000 0.2500000000 1
187.4000000000 0.2500000000 1
187.5000000000 0.2500000000 1
187.6000000000 0.2500000000 1
187.7000000000 0.2500000000 1
187.8000000000 0.2500000000 1
187.9000000000 0.2500000000 1
188.0000000000 0.2500000000 1
188.1000000000 0.2500000000 1
188.2000000000 0.2500000000 1
188.3000000000 0.2500000000 1
188.4000000000 0.2500000000 1
188.5000000000 0.2500000000 1
188.6000000000 0.2500000000 1
188.7000000000 0.2500000000 1
188.8000000000 0.2500000000 1
188.9000000000 0.2500000000 1
189.0000000000 0.2500000000 1
189.1000000000 0.2500000000 1
189.2000000000 0.2500000000 1
189.3000000000 0.2500000000 1
189.4000000000 0.2500000000 1
189.5000000000 0.2500000000 1
189.6000000000 0.2500000000 1
189.7000000000 0.2500000000 1
189.8000000000 0.2500000000 1
189.9000000000 0.2500000000 1
190.0000000000 0.2500000000 1
190.1000000000 0.2500000000 1
190.2000000000 0.2500000000 1
190.3000000000 0.2500000000 1
190.4000000000 0.2500000000 1
190.5000000000 0.2500000000 1
190.6000000000 0.2500000000 1
190.7000000000 0.2500000000 1
190.8000000000 0.2500000000 1
190.9000000000 0.2500000000 1
191.0000000000 0.2500000000 1
191.1000000000 0.2500000000 1
191.2000000000 0.2500000000 1
191.3000000000 0.2500000000 1
191.4000000000 0.2500000000 1
191.5000000000 0.2500000000 1
191.6000000000 0.2500000000 1
191.7000000000 0.2500000000 1
191.8000000000 0.2500000000 1
191.9000000000 0.2500000000 1
192.0000000000 0.2500000000 1
192.1000000000 0.2500000000 1
192.2000000000 0.2500000000 1
192.3000000000 0.2500000000 1
192.4000000000 0.2500000000 1
192.5000000000 0.2500000000 1
192.6000000000 0.2500000000 1
192.7000000000 0.2500000000 1
192.8000000000 0.2500000000 1
192.9000000000 0.2500000000 1
193.0000000000 0.2500000000 1
193.1000000000 0.2500000000 1
193.2000000000 0.2500000000 1
193.3000000000 0.2500000000 1
193.4000000000 0.2500000000 1
193.5000000000 0.2500000000 1
193.6000000000 0.2500000000 1
193.7000000000 0.2500000000 1
193.8000000000 0.2500000000 1
193.9000000000 0.2500000000 1
194.0000000000 0.2500000000 1
194.1000000000 0.2500000000 1
194.2000000000 0.2500000000 1
194.3000000000 0.2500000000 1
194.4000000000 0.2500000000 1
194.5000000000 0.2500000000 1
194.6000000000 0.2500000000 1
194.7000000000 0.2500000000 1
194.8000000000 0.2500000000 1
194.9000000000 0.2500000000 1
195.0000000000 0.2500000000 1
195.1000000000 0.2500000000 1
195.2000000000 0.2500000000 1
195.3000000000 0.2500000000 1
195.4000000000 0.2500000000 1
195.5000000000 0.2500000000 1
195.6000000000 0.2500000000 1
195.7000000000 0.2500000000 1
195.8000000000 0.2500000000 1
195.9000000000 0.2500000000 1
196.0000000000 0.2500000000 1
196.1000000000 0.2500000000 1
196.2000000000 0.2500000000 1
196.3000000000 0.2500000000 1
196.4000000000 0.2500000000 1
196.5000000000 0.2500000000 1
196.6000000000 0.2500000000 1
196.7000000000 0.2500000000 1
196.8000000000 0.2500000000 1
196.9000000000 0.2500000000 1
197.0000000000 0.2500000000 1
197.1000000000 0.2500000000 1
197.2000000000 0.2500000000 1
197.3000000000 0.2500000000 1
197.4000000000 0.2500000000 1
197.5000000000 0.2500000000 1
197.6000000000 0.2500000000 1
197.7000000000 0.2500000000 1
197.8000000000 0.2500000000 1
197.9000000000 0.2500000000 1
198.0000000000 0.2500000000 1
198.1000000000 0.2500000000 1
198.2000000000 0.2500000000 1
198.3000000000 0.2500000000 1
198.4000000000 0.2500000000 1
198.5000000000 0.2500000000 1
198.6000000000 0.2500000000 1
198.7000000000 0.2500000000 1
198.8000000000 0.2500000000 1
198.9000000000 0.2500000000 1
199.0000000000 0.2500000000 1
199.1000000000 0.2500000000 1
199.2000000000 0.2500000000 1
199.3000000000 0.2500000000 1
199.4000000000 0.2500000000 1
199.5000000000 0.2500000000 1
199.6000000000 0.2500000000 1
199.7000000000 0.2500000000 1
199.8000000000 0.2500000000 1
199.9000000000 0.2500000000 1
200.0000000000 0.2500000000 1
