0.0	22.4	0.4998022600	22.4
0.1	22.3	0.4997895532	22.4
0.2	22.2	0.4997685536	22.4
0.3	22.1	0.4997383156	22.4
0.4	22.0	0.4996978635	22.4
0.5	21.9	0.4996461922	22.4
0.6	21.8	0.4995822684	22.4
0.7	21.7	0.4995050317	22.4
0.8	21.6	0.4994133951	22.4
0.9	21.5	0.4993062471	22.4
1.0	21.4	0.4991824518	22.4
1.1	21.3	0.4990408507	22.4
1.2	21.2	0.4988802638	22.4
1.3	21.1	0.4986994903	22.4
1.4	21.0	0.4984973105	22.4
1.5	20.9	0.4982724866	22.4
1.6	20.8	0.4980237642	22.4
1.7	20.7	0.4977498733	22.4
1.8	20.6	0.4974495297	22.4
1.9	20.5	0.4971214366	22.4
2.0	20.4	0.4967642856	22.4
2.1	20.3	0.4963767580	22.4
2.2	20.2	0.4959575265	22.4
2.3	20.1	0.4955052561	22.4
2.4	20.0	0.4950186060	22.4
2.5	19.9	0.4944962305	22.4
2.6	19.8	0.4939367808	22.4
2.7	19.7	0.4933389060	22.4
2.8	19.6	0.4927012549	22.4
2.9	19.5	0.4920224771	22.4
3.0	19.4	0.4913012246	22.4
3.1	19.3	0.4905361532	22.4
3.2	19.2	0.4897259237	22.4
3.3	19.1	0.4888692038	22.4
3.4	19.0	0.4879646688	22.4
3.5	18.9	0.4870110037	22.4
3.6	18.8	0.4860069042	22.4
3.7	18.7	0.4849510783	22.4
3.8	18.6	0.4838422475	22.4
3.9	18.5	0.4826791484	22.4
4.0	18.4	0.4815591482	22.4
4.1	18.3	0.4804858443	22.4
4.2	18.2	0.4793558328	22.4
4.3	18.1	0.4781677420	22.4
4.4	18.0	0.4769202189	22.4
4.5	17.9	0.4756119313	22.4
4.6	17.8	0.4742415690	22.4
4.7	17.7	0.4728078458	22.4
4.8	17.6	0.4713095002	22.4
4.9	17.5	0.4697452978	22.4
5.0	17.4	0.4681140320	22.4
5.1	17.3	0.4664145260	22.4
5.2	17.2	0.4646456340	22.4
5.3	17.1	0.4628062424	22.4
5.4	17.0	0.4608952716	22.4
5.5	16.9	0.4589116770	22.4
5.6	16.8	0.4568544503	22.4
5.7	16.7	0.4547226213	22.4
5.8	16.6	0.4525152584	22.4
5.9	16.5	0.4502314702	22.4
6.0	16.4	0.4478704070	22.4
6.1	16.3	0.4454312612	22.4
6.2	16.2	0.4429132691	22.4
6.3	16.1	0.4403157116	22.4
6.4	16.0	0.4376379153	22.4
6.5	15.9	0.4348792538	22.4
6.6	15.8	0.4320391480	22.4
6.7	15.7	0.4291170678	22.4
6.8	15.6	0.4261125324	22.4
6.9	15.5	0.4230251113	22.4
7.0	15.4	0.4198544251	22.4
7.1	15.3	0.4166001465	22.4
7.2	15.2	0.4132620003	22.4
7.3	15.1	0.4098397650	22.4
7.4	15.0	0.4063332725	22.4
7.5	14.9	0.4027424094	22.4
7.6	14.8	0.3990671167	22.4
7.7	14.7	0.3953073912	22.4
7.8	14.6	0.3914632852	22.4
7.9	14.5	0.3875349071	22.4
8.0	14.4	0.3835224217	22.4
8.1	14.3	0.3794260505	22.4
8.2	14.2	0.3752460718	22.4
8.3	14.1	0.3709828211	22.4
8.4	14.0	0.3666366909	22.4
8.5	13.9	0.3622081307	22.4
8.6	13.8	0.3576976476	22.4
8.7	13.7	0.3531058055	22.4
8.8	13.6	0.3484332256	22.4
8.9	13.5	0.3436805857	22.4
9.0	13.4	0.3388486206	22.4
9.1	13.3	0.3339381213	22.4
9.2	13.2	0.3289499351	22.4
9.3	13.1	0.3238849649	22.4
9.4	13.0	0.3187441692	22.4
9.5	12.9	0.3135285612	22.4
9.6	12.8	0.3082392086	22.4
9.7	12.7	0.3028772329	22.4
9.8	12.6	0.2974438091	22.4
9.9	12.5	0.2919401643	22.4
10.0	12.4	0.2863675781	22.4
10.1	12.3	0.2807273807	22.4
10.2	12.2	0.2750209529	22.4
10.3	12.1	0.2692497250	22.4
10.4	12.0	0.2634151760	22.4
10.5	11.9	0.2575188324	22.4
10.6	11.8	0.2515622675	22.4
10.7	11.7	0.2455471004	22.4
10.8	11.6	0.2394749947	22.4
10.9	11.5	0.2333476576	22.4
11.0	11.4	0.2271668385	22.4
11.1	11.3	0.2209343285	22.4
11.2	11.2	0.2146519581	22.4
11.3	11.1	0.2083215970	22.4
11.4	11.0	0.2019451522	22.4
11.5	10.9	0.1955245666	22.4
11.6	10.8	0.1890618183	22.4
11.7	10.7	0.1825589184	22.4
11.8	10.6	0.1760179102	22.4
11.9	10.5	0.1694408673	22.4
12.0	10.4	0.1628298925	22.4
12.1	10.3	0.1561871160	22.4
12.2	10.2	0.1495146940	22.4
12.3	10.1	0.1428148071	22.4
12.4	10.0	0.1360896588	22.4
12.5	9.9	0.1293414738	22.4
12.6	9.8	0.1225724965	22.4
12.7	9.7	0.1157849890	22.4
12.8	9.6	0.1089812300	22.4
12.9	9.5	0.1021635128	22.4
13.0	9.4	0.0953341436	22.4
13.1	9.3	0.0884954397	22.4
13.2	9.2	0.0816497282	22.4
13.3	9.1	0.0747993438	22.4
13.4	9.0	0.0679466275	22.4
13.5	8.9	0.0610939246	22.4
13.6	8.8	0.0542435827	22.4
13.7	8.7	0.0473979507	22.4
13.8	8.6	0.0405593763	22.4
13.9	8.5	0.0337302048	22.4
14.0	8.4	0.0269127770	22.4
14.1	8.3	0.0201094276	22.4
14.2	8.2	0.0133224835	22.4
14.3	8.1	0.0135024772	22.4
14.4	8.0	0.0204508273	22.4
14.5	7.9	0.0273786408	22.4
14.6	7.8	0.0342832429	22.4
14.7	7.7	0.0411619768	22.4
14.8	7.6	0.0480122063	22.4
14.9	7.5	0.0548313179	22.4
15.0	7.4	0.0616167229	22.4
15.1	7.3	0.0683658598	22.4
15.2	7.2	0.0750761961	22.4
15.3	7.1	0.0817452308	22.4
15.4	7.0	0.0883704964	22.4
15.5	6.9	0.0949495604	22.4
15.6	6.8	0.1014800281	22.4
15.7	6.7	0.1079595442	22.4
15.8	6.6	0.1143857946	22.4
15.9	6.5	0.1207565084	22.4
16.0	6.4	0.1270694599	22.4
16.1	6.3	0.1333224703	22.4
16.2	6.2	0.1395134093	22.4
16.3	6.1	0.1456401970	22.4
16.4	6.0	0.1517008054	22.4
16.5	5.9	0.1576932601	22.4
16.6	5.8	0.1636156419	22.4
16.7	5.7	0.1694660882	22.4
16.8	5.6	0.1752427942	22.4
16.9	5.5	0.1809440148	22.4
17.0	5.4	0.1865680655	22.4
17.1	5.3	0.1921133237	22.4
17.2	5.2	0.1975782301	22.4
17.3	5.1	0.2029612895	22.4
17.4	5.0	0.2082610722	22.4
17.5	4.9	0.2134762146	22.4
17.6	4.8	0.2186054207	22.4
17.7	4.7	0.2236474621	22.4
17.8	4.6	0.2286011798	22.4
17.9	4.5	0.2334654841	22.4
18.0	4.4	0.2382393557	22.4
18.1	4.3	0.2429218459	22.4
18.2	4.2	0.2475120777	22.4
18.3	4.1	0.2520092455	22.4
18.4	4.0	0.2564126161	22.4
18.5	3.9	0.2607215285	22.4
18.6	3.8	0.2649353946	22.4
18.7	3.7	0.2690536987	22.4
18.8	3.6	0.2730759983	22.4
18.9	3.5	0.2770019235	22.4
19.0	3.4	0.2808311773	22.4
19.1	3.3	0.2845635352	22.4
19.2	3.2	0.2881988452	22.4
19.3	3.1	0.2917370274	22.4
19.4	3.0	0.2951780734	22.4
19.5	2.9	0.2985220464	22.4
19.6	2.8	0.3017690802	22.4
19.7	2.7	0.3049193789	22.4
19.8	2.6	0.3079732160	22.4
19.9	2.5	0.3109309340	22.4
20.0	2.4	0.3137929434	22.4
20.1	2.3	0.3165597219	22.4
20.2	2.2	0.3192318135	22.4
20.3	2.1	0.3218098275	22.4
20.4	2.0	0.3242944374	22.4
20.5	1.9	0.3266863799	22.4
20.6	1.8	0.3289864538	22.4
20.7	1.7	0.3311955183	22.4
20.8	1.6	0.3333144925	22.4
20.9	1.5	0.3353443533	22.4
21.0	1.4	0.3372861344	22.4
21.1	1.3	0.3391409249	22.4
21.2	1.2	0.3409098674	22.4
21.3	1.1	0.3425941568	22.4
21.4	1.0	0.3441950386	22.4
21.5	.9	0.3457138074	22.4
21.6	.8	0.3471518046	22.4
21.7	.7	0.3485104175	22.4
21.8	.6	0.3497910769	22.4
21.9	.5	0.3509952555	22.4
22.0	.4	0.3521244660	22.4
22.1	.3	0.3531802593	22.4
22.2	.2	0.3541642223	22.4
22.3	.1	0.3550779762	22.4
22.4	0	0.3559231746	22.4
