	1.530	1.540	1.550	1.560	1.570
22.3	0.2665873715	0.2737237030	0.2800481214	0.2862116486	0.2928103717
22.4	0.2665874775	0.2737237256	0.2800480522	0.2862114985	0.2928101824
22.5	0.2665875834	0.2737237483	0.2800479830	0.2862113483	0.2928099931
22.6	0.2665876893	0.2737237710	0.2800479138	0.2862111982	0.2928098038
22.7	0.2665877953	0.2737237937	0.2800478446	0.2862110481	0.2928096145
22.8	0.2665879012	0.2737238163	0.2800477754	0.2862108979	0.2928094251
22.9	0.2665880071	0.2737238390	0.2800477061	0.2862107478	0.2928092358
23.0	0.2665881130	0.2737238617	0.2800476369	0.2862105977	0.2928090465
23.1	0.2665882189	0.2737238843	0.2800475677	0.2862104475	0.2928088572
23.2	0.2665883249	0.2737239070	0.2800474985	0.2862102974	0.2928086678
23.3	0.2665884308	0.2737239297	0.2800474293	0.2862101472	0.2928084785
23.4	0.2665885367	0.2737239523	0.2800473600	0.2862099971	0.2928082892
23.5	0.2665886426	0.2737239750	0.2800472908	0.2862098469	0.2928080998
23.6	0.2665887485	0.2737239976	0.2800472215	0.2862096968	0.2928079105
23.7	0.2665888544	0.2737240203	0.2800471523	0.2862095466	0.2928077212
23.8	0.2665889603	0.2737240429	0.2800470831	0.2862093964	0.2928075318
23.9	0.2665890662	0.2737240656	0.2800470138	0.2862092463	0.2928073425
24.0	0.2665891721	0.2737240882	0.2800469446	0.2862090961	0.2928071531
24.1	0.2665892780	0.2737241109	0.2800468753	0.2862089459	0.2928069638
24.2	0.2665893839	0.2737241335	0.2800468061	0.2862087957	0.2928067744
24.3	0.2665894898	0.2737241561	0.2800467368	0.2862086456	0.2928065851
24.4	0.2665895957	0.2737241788	0.2800466676	0.2862084954	0.2928063957
24.5	0.2665897016	0.2737242014	0.2800465983	0.2862083452	0.2928062064
24.6	0.2665898075	0.2737242240	0.2800465290	0.2862081950	0.2928060170
24.7	0.2665899134	0.2737242467	0.2800464598	0.2862080448	0.2928058277
24.8	0.2665900193	0.2737242693	0.2800463905	0.2862078946	0.2928056383
24.9	0.2665901252	0.2737242919	0.2800463212	0.2862077444	0.2928054490
25.0	0.2665902311	0.2737243145	0.2800462519	0.2862075942	0.2928052596
25.1	0.2665903369	0.2737243372	0.2800461827	0.2862074440	0.2928050702
25.2	0.2665904428	0.2737243598	0.2800461134	0.2862072938	0.2928048809
25.3	0.2665905487	0.2737243824	0.2800460441	0.2862071436	0.2928046915
25.4	0.2665906546	0.2737244050	0.2800459748	0.2862069934	0.2928045021
25.5	0.2665907605	0.2737244276	0.2800459055	0.2862068432	0.2928043128
25.6	0.2665908663	0.2737244502	0.2800458362	0.2862066930	0.2928041234
25.7	0.2665909722	0.2737244728	0.2800457669	0.2862065428	0.2928039340
25.8	0.2665910781	0.2737244954	0.2800456976	0.2862063926	0.2928037447
25.9	0.2665911839	0.2737245180	0.2800456283	0.2862062423	0.2928035553
26.0	0.2665912898	0.2737245406	0.2800455590	0.2862060921	0.2928033659
26.1	0.2665913957	0.2737245632	0.2800454897	0.2862059419	0.2928031765
26.2	0.2665915015	0.2737245858	0.2800454204	0.2862057917	0.2928029871
26.3	0.2665916074	0.2737246084	0.2800453511	0.2862056414	0.2928027978
26.4	0.2665917133	0.2737246310	0.2800452818	0.2862054912	0.2928026084
26.5	0.2665918191	0.2737246536	0.2800452125	0.2862053409	0.2928024190
26.6	0.2665919250	0.2737246762	0.2800451431	0.2862051907	0.2928022296
26.7	0.2665920308	0.2737246987	0.2800450738	0.2862050405	0.2928020402
26.8	0.2665921367	0.2737247213	0.2800450045	0.2862048902	0.2928018508
26.9	0.2665922426	0.2737247439	0.2800449352	0.2862047400	0.2928016614
27.0	0.2665923484	0.2737247665	0.2800448658	0.2862045897	0.2928014720
27.1	0.2665924543	0.2737247890	0.2800447965	0.2862044395	0.2928012826
27.2	0.2665925601	0.2737248116	0.2800447272	0.2862042892	0.2928010932
27.3	0.2665926659	0.2737248342	0.2800446578	0.2862041389	0.2928009038
27.4	0.2665927718	0.2737248567	0.2800445885	0.2862039887	0.2928007144
27.5	0.2665928776	0.2737248793	0.2800445191	0.2862038384	0.2928005250
27.6	0.2665929835	0.2737249019	0.2800444498	0.2862036881	0.2928003356
27.7	0.2665930893	0.2737249244	0.2800443804	0.2862035379	0.2928001462
27.8	0.2665931952	0.2737249470	0.2800443111	0.2862033876	0.2927999568
27.9	0.2665933010	0.2737249695	0.2800442417	0.2862032373	0.2927997674
28.0	0.2665934068	0.2737249921	0.2800441724	0.2862030870	0.2927995780
28.1	0.2665935127	0.2737250146	0.2800441030	0.2862029367	0.2927993885
28.2	0.2665936185	0.2737250372	0.2800440336	0.2862027865	0.2927991991
28.3	0.2665937243	0.2737250597	0.2800439643	0.2862026362	0.2927990097
28.4	0.2665938301	0.2737250823	0.2800438949	0.2862024859	0.2927988203
28.5	0.2665939360	0.2737251048	0.2800438255	0.2862023356	0.2927986309
28.6	0.2665940418	0.2737251273	0.2800437562	0.2862021853	0.2927984414
28.7	0.2665941476	0.2737251499	0.2800436868	0.2862020350	0.2927982520
28.8	0.2665942534	0.2737251724	0.2800436174	0.2862018847	0.2927980626
28.9	0.2665943592	0.2737251949	0.2800435480	0.2862017344	0.2927978732
29.0	0.2665944651	0.2737252175	0.2800434786	0.2862015841	0.2927976837
29.1	0.2665945709	0.2737252400	0.2800434092	0.2862014337	0.2927974943
29.2	0.2665946767	0.2737252625	0.2800433398	0.2862012834	0.2927973049
29.3	0.2665947825	0.2737252850	0.2800432704	0.2862011331	0.2927971154
29.4	0.2665948883	0.2737253076	0.2800432010	0.2862009828	0.2927969260
29.5	0.2665949941	0.2737253301	0.2800431316	0.2862008325	0.2927967365
29.6	0.2665950999	0.2737253526	0.2800430622	0.2862006821	0.2927965471
29.7	0.2665952057	0.2737253751	0.2800429928	0.2862005318	0.2927963576
29.8	0.2665953115	0.2737253976	0.2800429234	0.2862003815	0.2927961682
29.9	0.2665954173	0.2737254201	0.2800428540	0.2862002312	0.2927959788
30.0	0.2665955231	0.2737254426	0.2800427846	0.2862000808	0.2927957893
30.1	0.2665956289	0.2737254651	0.2800427152	0.2861999305	0.2927955999
30.2	0.2665957347	0.2737254876	0.2800426458	0.2861997801	0.2927954104
30.3	0.2665958405	0.2737255101	0.2800425763	0.2861996298	0.2927952209
30.4	0.2665959463	0.2737255326	0.2800425069	0.2861994794	0.2927950315
30.5	0.2665960521	0.2737255551	0.2800424375	0.2861993291	0.2927948420
30.6	0.2665961579	0.2737255776	0.2800423681	0.2861991787	0.2927946526
30.7	0.2665962637	0.2737256001	0.2800422986	0.2861990284	0.2927944631
30.8	0.2665963695	0.2737256226	0.2800422292	0.2861988780	0.2927942736
30.9	0.2665964753	0.2737256451	0.2800421597	0.2861987277	0.2927940842
31.0	0.2665965810	0.2737256676	0.2800420903	0.2861985773	0.2927938947
31.1	0.2665966868	0.2737256900	0.2800420209	0.2861984269	0.2927937052
31.2	0.2665967926	0.2737257125	0.2800419514	0.2861982766	0.2927935158
31.3	0.2665968984	0.2737257350	0.2800418820	0.2861981262	0.2927933263
31.4	0.2665970041	0.2737257575	0.2800418125	0.2861979758	0.2927931368
31.5	0.2665971099	0.2737257799	0.2800417430	0.2861978254	0.2927929473
31.6	0.2665972157	0.2737258024	0.2800416736	0.2861976750	0.2927927579
31.7	0.2665973215	0.2737258249	0.2800416041	0.2861975247	0.2927925684
31.8	0.2665974272	0.2737258473	0.2800415347	0.2861973743	0.2927923789
31.9	0.2665975330	0.2737258698	0.2800414652	0.2861972239	0.2927921894
32.0	0.2665976388	0.2737258922	0.2800413957	0.2861970735	0.2927919999
32.1	0.2665977445	0.2737259147	0.2800413262	0.2861969231	0.2927918105
32.2	0.2665978503	0.2737259372	0.2800412568	0.2861967727	0.2927916210
32.3	0.2665979560	0.2737259596	0.2800411873	0.2861966223	0.2927914315
32.4	0.2665980618	0.2737259821	0.2800411178	0.2861964719	0.2927912420
32.5	0.2665981676	0.2737260045	0.2800410483	0.2861963215	0.2927910525
32.6	0.2665982733	0.2737260270	0.2800409788	0.2861961711	0.2927908630
32.7	0.2665983791	0.2737260494	0.2800409093	0.2861960207	0.2927906735
32.8	0.2665984848	0.2737260718	0.2800408399	0.2861958702	0.2927904840
32.9	0.2665985906	0.2737260943	0.2800407704	0.2861957198	0.2927902945
33.0	0.2665986963	0.2737261167	0.2800407009	0.2861955694	0.2927901050
33.1	0.2665988021	0.2737261391	0.2800406314	0.2861954190	0.2927899155
33.2	0.2665989078	0.2737261616	0.2800405619	0.2861952686	0.2927897260
33.3	0.2665990136	0.2737261840	0.2800404924	0.2861951181	0.2927895365
33.4	0.2665991193	0.2737262064	0.2800404228	0.2861949677	0.2927893470
33.5	0.2665992250	0.2737262289	0.2800403533	0.2861948173	0.2927891575
33.6	0.2665993308	0.2737262513	0.2800402838	0.2861946668	0.2927889679
33.7	0.2665994365	0.2737262737	0.2800402143	0.2861945164	0.2927887784
33.8	0.2665995422	0.2737262961	0.2800401448	0.2861943659	0.2927885889
33.9	0.2665996480	0.2737263185	0.2800400753	0.2861942155	0.2927883994
34.0	0.2665997537	0.2737263409	0.2800400057	0.2861940650	0.2927882099
34.1	0.2665998594	0.2737263634	0.2800399362	0.2861939146	0.2927880203
34.2	0.2665999652	0.2737263858	0.2800398667	0.2861937641	0.2927878308
34.3	0.2666000709	0.2737264082	0.2800397971	0.2861936137	0.2927876413
34.4	0.2666001766	0.2737264306	0.2800397276	0.2861934632	0.2927874518
34.5	0.2666002823	0.2737264530	0.2800396581	0.2861933128	0.2927872622
34.6	0.2666003880	0.2737264754	0.2800395885	0.2861931623	0.2927870727
34.7	0.2666004938	0.2737264978	0.2800395190	0.2861930118	0.2927868832
34.8	0.2666005995	0.2737265202	0.2800394494	0.2861928614	0.2927866936
34.9	0.2666007052	0.2737265426	0.2800393799	0.2861927109	0.2927865041
35.0	0.2666008109	0.2737265649	0.2800393103	0.2861925604	0.2927863146
35.1	0.2666009166	0.2737265873	0.2800392408	0.2861924099	0.2927861250
35.2	0.2666010223	0.2737266097	0.2800391712	0.2861922594	0.2927859355
35.3	0.2666011280	0.2737266321	0.2800391016	0.2861921090	0.2927857459
35.4	0.2666012337	0.2737266545	0.2800390321	0.2861919585	0.2927855564
35.5	0.2666013395	0.2737266769	0.2800389625	0.2861918080	0.2927853668
35.6	0.2666014452	0.2737266992	0.2800388929	0.2861916575	0.2927851773
35.7	0.2666015509	0.2737267216	0.2800388234	0.2861915070	0.2927849877
35.8	0.2666016566	0.2737267440	0.2800387538	0.2861913565	0.2927847982
35.9	0.2666017623	0.2737267664	0.2800386842	0.2861912060	0.2927846086
36.0	0.2666018679	0.2737267887	0.2800386146	0.2861910555	0.2927844191
36.1	0.2666019736	0.2737268111	0.2800385450	0.2861909050	0.2927842295
36.2	0.2666020793	0.2737268334	0.2800384755	0.2861907545	0.2927840400
36.3	0.2666021850	0.2737268558	0.2800384059	0.2861906040	0.2927838504
36.4	0.2666022907	0.2737268782	0.2800383363	0.2861904534	0.2927836608
36.5	0.2666023964	0.2737269005	0.2800382667	0.2861903029	0.2927834713
36.6	0.2666025021	0.2737269229	0.2800381971	0.2861901524	0.2927832817
36.7	0.2666026078	0.2737269452	0.2800381275	0.2861900019	0.2927830921
36.8	0.2666027135	0.2737269676	0.2800380579	0.2861898513	0.2927829026
36.9	0.2666028191	0.2737269899	0.2800379883	0.2861897008	0.2927827130
37.0	0.2666029248	0.2737270123	0.2800379187	0.2861895503	0.2927825234
37.1	0.2666030305	0.2737270346	0.2800378491	0.2861893997	0.2927823339
37.2	0.2666031362	0.2737270569	0.2800377794	0.2861892492	0.2927821443
37.3	0.2666032418	0.2737270793	0.2800377098	0.2861890987	0.2927819547
37.4	0.2666033475	0.2737271016	0.2800376402	0.2861889481	0.2927817651
37.5	0.2666034532	0.2737271239	0.2800375706	0.2861887976	0.2927815755
37.6	0.2666035589	0.2737271463	0.2800375009	0.2861886470	0.2927813859
37.7	0.2666036645	0.2737271686	0.2800374313	0.2861884965	0.2927811964
37.8	0.2666037702	0.2737271909	0.2800373617	0.2861883459	0.2927810068
37.9	0.2666038758	0.2737272132	0.2800372921	0.2861881954	0.2927808172
38.0	0.2666039815	0.2737272356	0.2800372224	0.2861880448	0.2927806276
38.1	0.2666040872	0.2737272579	0.2800371528	0.2861878942	0.2927804380
38.2	0.2666041928	0.2737272802	0.2800370831	0.2861877437	0.2927802484
38.3	0.2666042985	0.2737273025	0.2800370135	0.2861875931	0.2927800588
38.4	0.2666044041	0.2737273248	0.2800369438	0.2861874425	0.2927798692
38.5	0.2666045098	0.2737273471	0.2800368742	0.2861872920	0.2927796796
38.6	0.2666046154	0.2737273694	0.2800368045	0.2861871414	0.2927794900
38.7	0.2666047211	0.2737273917	0.2800367349	0.2861869908	0.2927793004
38.8	0.2666048267	0.2737274140	0.2800366652	0.2861868402	0.2927791108
38.9	0.2666049324	0.2737274363	0.2800365956	0.2861866896	0.2927789212
39.0	0.2666050380	0.2737274586	0.2800365259	0.2861865390	0.2927787316
39.1	0.2666051437	0.2737274809	0.2800364562	0.2861863885	0.2927785420
39.2	0.2666052493	0.2737275032	0.2800363866	0.2861862379	0.2927783524
39.3	0.2666053550	0.2737275255	0.2800363169	0.2861860873	0.2927781627
39.4	0.2666054606	0.2737275478	0.2800362472	0.2861859367	0.2927779731
39.5	0.2666055662	0.2737275701	0.2800361775	0.2861857861	0.2927777835
39.6	0.2666056719	0.2737275924	0.2800361078	0.2861856355	0.2927775939
39.7	0.2666057775	0.2737276147	0.2800360382	0.2861854848	0.2927774043
39.8	0.2666058831	0.2737276369	0.2800359685	0.2861853342	0.2927772146
39.9	0.2666059887	0.2737276592	0.2800358988	0.2861851836	0.2927770250
40.0	0.2666060944	0.2737276815	0.2800358291	0.2861850330	0.2927768354
40.1	0.2666062000	0.2737277038	0.2800357594	0.2861848824	0.2927766458
40.2	0.2666063056	0.2737277260	0.2800356897	0.2861847318	0.2927764561
40.3	0.2666064112	0.2737277483	0.2800356200	0.2861845811	0.2927762665
40.4	0.2666065169	0.2737277706	0.2800355503	0.2861844305	0.2927760769
40.5	0.2666066225	0.2737277928	0.2800354806	0.2861842799	0.2927758872
40.6	0.2666067281	0.2737278151	0.2800354109	0.2861841292	0.2927756976
40.7	0.2666068337	0.2737278373	0.2800353412	0.2861839786	0.2927755080
40.8	0.2666069393	0.2737278596	0.2800352715	0.2861838280	0.2927753183
40.9	0.2666070449	0.2737278819	0.2800352017	0.2861836773	0.2927751287
41.0	0.2666071506	0.2737279041	0.2800351320	0.2861835267	0.2927749390
41.1	0.2666072562	0.2737279264	0.2800350623	0.2861833760	0.2927747494
41.2	0.2666073618	0.2737279486	0.2800349926	0.2861832254	0.2927745597
41.3	0.2666074674	0.2737279709	0.2800349228	0.2861830747	0.2927743701
41.4	0.2666075730	0.2737279931	0.2800348531	0.2861829241	0.2927741804
41.5	0.2666076786	0.2737280153	0.2800347834	0.2861827734	0.2927739908
41.6	0.2666077842	0.2737280376	0.2800347136	0.2861826228	0.2927738011
41.7	0.2666078898	0.2737280598	0.2800346439	0.2861824721	0.2927736115
41.8	0.2666079954	0.2737280820	0.2800345742	0.2861823214	0.2927734218
41.9	0.2666081010	0.2737281043	0.2800345044	0.2861821708	0.2927732321
42.0	0.2666082066	0.2737281265	0.2800344347	0.2861820201	0.2927730425
42.1	0.2666083121	0.2737281487	0.2800343649	0.2861818694	0.2927728528
42.2	0.2666084177	0.2737281709	0.2800342952	0.2861817187	0.2927726632
42.3	0.2666085233	0.2737281932	0.2800342254	0.2861815681	0.2927724735
42.4	0.2666086289	0.2737282154	0.2800341556	0.2861814174	0.2927722838
42.5	0.2666087345	0.2737282376	0.2800340859	0.2861812667	0.2927720941
42.6	0.2666088401	0.2737282598	0.2800340161	0.2861811160	0.2927719045
42.7	0.2666089457	0.2737282820	0.2800339464	0.2861809653	0.2927717148
42.8	0.2666090512	0.2737283042	0.2800338766	0.2861808146	0.2927715251
42.9	0.2666091568	0.2737283264	0.2800338068	0.2861806639	0.2927713354
43.0	0.2666092624	0.2737283487	0.2800337370	0.2861805132	0.2927711458
43.1	0.2666093680	0.2737283709	0.2800336673	0.2861803625	0.2927709561
43.2	0.2666094735	0.2737283931	0.2800335975	0.2861802118	0.2927707664
43.3	0.2666095791	0.2737284153	0.2800335277	0.2861800611	0.2927705767
43.4	0.2666096847	0.2737284374	0.2800334579	0.2861799104	0.2927703870
43.5	0.2666097902	0.2737284596	0.2800333881	0.2861797597	0.2927701973
43.6	0.2666098958	0.2737284818	0.2800333183	0.2861796090	0.2927700076
43.7	0.2666100014	0.2737285040	0.2800332485	0.2861794582	0.2927698179
43.8	0.2666101069	0.2737285262	0.2800331787	0.2861793075	0.2927696283
43.9	0.2666102125	0.2737285484	0.2800331089	0.2861791568	0.2927694386
44.0	0.2666103180	0.2737285706	0.2800330391	0.2861790061	0.2927692489
44.1	0.2666104236	0.2737285928	0.2800329693	0.2861788553	0.2927690592
44.2	0.2666105292	0.2737286149	0.2800328995	0.2861787046	0.2927688695
44.3	0.2666106347	0.2737286371	0.2800328297	0.2861785539	0.2927686798
44.4	0.2666107403	0.2737286593	0.2800327599	0.2861784031	0.2927684901
44.5	0.2666108458	0.2737286814	0.2800326901	0.2861782524	0.2927683003
44.6	0.2666109514	0.2737287036	0.2800326202	0.2861781016	0.2927681106
44.7	0.2666110569	0.2737287258	0.2800325504	0.2861779509	0.2927679209
44.8	0.2666111624	0.2737287479	0.2800324806	0.2861778001	0.2927677312
44.9	0.2666112680	0.2737287701	0.2800324108	0.2861776494	0.2927675415
45.0	0.2666113735	0.2737287923	0.2800323409	0.2861774986	0.2927673518
45.1	0.2666114791	0.2737288144	0.2800322711	0.2861773479	0.2927671621
45.2	0.2666115846	0.2737288366	0.2800322013	0.2861771971	0.2927669723
45.3	0.2666116901	0.2737288587	0.2800321314	0.2861770463	0.2927667826
45.4	0.2666117957	0.2737288809	0.2800320616	0.2861768956	0.2927665929
45.5	0.2666119012	0.2737289030	0.2800319917	0.2861767448	0.2927664032
45.6	0.2666120067	0.2737289252	0.2800319219	0.2861765940	0.2927662135
45.7	0.2666121123	0.2737289473	0.2800318520	0.2861764433	0.2927660237
45.8	0.2666122178	0.2737289695	0.2800317822	0.2861762925	0.2927658340
45.9	0.2666123233	0.2737289916	0.2800317123	0.2861761417	0.2927656443
46.0	0.2666124288	0.2737290137	0.2800316425	0.2861759909	0.2927654545
46.1	0.2666125344	0.2737290359	0.2800315726	0.2861758401	0.2927652648
46.2	0.2666126399	0.2737290580	0.2800315027	0.2861756893	0.2927650751
46.3	0.2666127454	0.2737290801	0.2800314329	0.2861755385	0.2927648853
46.4	0.2666128509	0.2737291022	0.2800313630	0.2861753878	0.2927646956
46.5	0.2666129564	0.2737291244	0.2800312931	0.2861752370	0.2927645058
46.6	0.2666130620	0.2737291465	0.2800312233	0.2861750862	0.2927643161
46.7	0.2666131675	0.2737291686	0.2800311534	0.2861749354	0.2927641263
46.8	0.2666132730	0.2737291907	0.2800310835	0.2861747845	0.2927639366
46.9	0.2666133785	0.2737292128	0.2800310136	0.2861746337	0.2927637469
47.0	0.2666134840	0.2737292350	0.2800309437	0.2861744829	0.2927635571
47.1	0.2666135895	0.2737292571	0.2800308738	0.2861743321	0.2927633673
47.2	0.2666136950	0.2737292792	0.2800308039	0.2861741813	0.2927631776
47.3	0.2666138005	0.2737293013	0.2800307340	0.2861740305	0.2927629878
47.4	0.2666139060	0.2737293234	0.2800306641	0.2861738796	0.2927627981
47.5	0.2666140115	0.2737293455	0.2800305942	0.2861737288	0.2927626083
47.6	0.2666141170	0.2737293676	0.2800305243	0.2861735780	0.2927624186
47.7	0.2666142225	0.2737293897	0.2800304544	0.2861734272	0.2927622288
47.8	0.2666143280	0.2737294118	0.2800303845	0.2861732763	0.2927620390
47.9	0.2666144335	0.2737294339	0.2800303146	0.2861731255	0.2927618493
48.0	0.2666145390	0.2737294560	0.2800302447	0.2861729747	0.2927616595
48.1	0.2666146444	0.2737294780	0.2800301748	0.2861728238	0.2927614697
48.2	0.2666147499	0.2737295001	0.2800301049	0.2861726730	0.2927612800
48.3	0.2666148554	0.2737295222	0.2800300349	0.2861725221	0.2927610902
48.4	0.2666149609	0.2737295443	0.2800299650	0.2861723713	0.2927609004
48.5	0.2666150664	0.2737295664	0.2800298951	0.2861722204	0.2927607106
48.6	0.2666151719	0.2737295884	0.2800298252	0.2861720696	0.2927605208
48.7	0.2666152773	0.2737296105	0.2800297552	0.2861719187	0.2927603311
48.8	0.2666153828	0.2737296326	0.2800296853	0.2861717678	0.2927601413
48.9	0.2666154883	0.2737296547	0.2800296153	0.2861716170	0.2927599515
49.0	0.2666155938	0.2737296767	0.2800295454	0.2861714661	0.2927597617
49.1	0.2666156992	0.2737296988	0.2800294755	0.2861713152	0.2927595719
49.2	0.2666158047	0.2737297209	0.2800294055	0.2861711644	0.2927593821
49.3	0.2666159102	0.2737297429	0.2800293356	0.2861710135	0.2927591923
49.4	0.2666160156	0.2737297650	0.2800292656	0.2861708626	0.2927590025
49.5	0.2666161211	0.2737297870	0.2800291957	0.2861707117	0.2927588127
49.6	0.2666162266	0.2737298091	0.2800291257	0.2861705608	0.2927586230
49.7	0.2666163320	0.2737298311	0.2800290557	0.2861704099	0.2927584332
49.8	0.2666164375	0.2737298532	0.2800289858	0.2861702591	0.2927582434
49.9	0.2666165429	0.2737298752	0.2800289158	0.2861701082	0.2927580536
50.0	0.2666166484	0.2737298973	0.2800288458	0.2861699573	0.2927578637
50.1	0.2666167538	0.2737299193	0.2800287759	0.2861698064	0.2927576739
50.2	0.2666168593	0.2737299413	0.2800287059	0.2861696555	0.2927574841
50.3	0.2666169647	0.2737299634	0.2800286359	0.2861695046	0.2927572943
50.4	0.2666170702	0.2737299854	0.2800285659	0.2861693537	0.2927571045
50.5	0.2666171756	0.2737300074	0.2800284959	0.2861692028	0.2927569147
50.6	0.2666172811	0.2737300295	0.2800284260	0.2861690518	0.2927567249
50.7	0.2666173865	0.2737300515	0.2800283560	0.2861689009	0.2927565351
50.8	0.2666174920	0.2737300735	0.2800282860	0.2861687500	0.2927563452
50.9	0.2666175974	0.2737300956	0.2800282160	0.2861685991	0.2927561554
51.0	0.2666177028	0.2737301176	0.2800281460	0.2861684482	0.2927559656
51.1	0.2666178083	0.2737301396	0.2800280760	0.2861682972	0.2927557758
51.2	0.2666179137	0.2737301616	0.2800280060	0.2861681463	0.2927555860
51.3	0.2666180191	0.2737301836	0.2800279360	0.2861679954	0.2927553961
51.4	0.2666181246	0.2737302056	0.2800278660	0.2861678444	0.2927552063
51.5	0.2666182300	0.2737302276	0.2800277959	0.2861676935	0.2927550165
51.6	0.2666183354	0.2737302496	0.2800277259	0.2861675426	0.2927548266
51.7	0.2666184408	0.2737302717	0.2800276559	0.2861673916	0.2927546368
51.8	0.2666185463	0.2737302937	0.2800275859	0.2861672407	0.2927544470
51.9	0.2666186517	0.2737303157	0.2800275159	0.2861670897	0.2927542571
52.0	0.2666187571	0.2737303376	0.2800274458	0.2861669388	0.2927540673
52.1	0.2666188625	0.2737303596	0.2800273758	0.2861667878	0.2927538774
52.2	0.2666189679	0.2737303816	0.2800273058	0.2861666369	0.2927536876
52.3	0.2666190734	0.2737304036	0.2800272358	0.2861664859	0.2927534978
52.4	0.2666191788	0.2737304256	0.2800271657	0.2861663349	0.2927533079
52.5	0.2666192842	0.2737304476	0.2800270957	0.2861661840	0.2927531181
52.6	0.2666193896	0.2737304696	0.2800270256	0.2861660330	0.2927529282
52.7	0.2666194950	0.2737304916	0.2800269556	0.2861658820	0.2927527384
52.8	0.2666196004	0.2737305135	0.2800268855	0.2861657311	0.2927525485
52.9	0.2666197058	0.2737305355	0.2800268155	0.2861655801	0.2927523587
53.0	0.2666198112	0.2737305575	0.2800267454	0.2861654291	0.2927521688
53.1	0.2666199166	0.2737305795	0.2800266754	0.2861652781	0.2927519789
53.2	0.2666200220	0.2737306014	0.2800266053	0.2861651271	0.2927517891
53.3	0.2666201274	0.2737306234	0.2800265353	0.2861649762	0.2927515992
53.4	0.2666202328	0.2737306454	0.2800264652	0.2861648252	0.2927514094
53.5	0.2666203382	0.2737306673	0.2800263951	0.2861646742	0.2927512195
53.6	0.2666204436	0.2737306893	0.2800263251	0.2861645232	0.2927510296
53.7	0.2666205490	0.2737307112	0.2800262550	0.2861643722	0.2927508397
53.8	0.2666206544	0.2737307332	0.2800261849	0.2861642212	0.2927506499
53.9	0.2666207598	0.2737307552	0.2800261148	0.2861640702	0.2927504600
54.0	0.2666208652	0.2737307771	0.2800260447	0.2861639192	0.2927502701
54.1	0.2666209705	0.2737307991	0.2800259747	0.2861637681	0.2927500802
54.2	0.2666210759	0.2737308210	0.2800259046	0.2861636171	0.2927498904
54.3	0.2666211813	0.2737308429	0.2800258345	0.2861634661	0.2927497005
54.4	0.2666212867	0.2737308649	0.2800257644	0.2861633151	0.2927495106
54.5	0.2666213921	0.2737308868	0.2800256943	0.2861631641	0.2927493207
54.6	0.2666214974	0.2737309088	0.2800256242	0.2861630131	0.2927491308
54.7	0.2666216028	0.2737309307	0.2800255541	0.2861628620	0.2927489410
54.8	0.2666217082	0.2737309526	0.2800254840	0.2861627110	0.2927487511
54.9	0.2666218136	0.2737309746	0.2800254139	0.2861625600	0.2927485612
55.0	0.2666219189	0.2737309965	0.2800253438	0.2861624089	0.2927483713
55.1	0.2666220243	0.2737310184	0.2800252737	0.2861622579	0.2927481814
55.2	0.2666221297	0.2737310403	0.2800252036	0.2861621069	0.2927479915
55.3	0.2666222350	0.2737310623	0.2800251334	0.2861619558	0.2927478016
55.4	0.2666223404	0.2737310842	0.2800250633	0.2861618048	0.2927476117
55.5	0.2666224457	0.2737311061	0.2800249932	0.2861616537	0.2927474218
55.6	0.2666225511	0.2737311280	0.2800249231	0.2861615027	0.2927472319
55.7	0.2666226565	0.2737311499	0.2800248529	0.2861613516	0.2927470420
55.8	0.2666227618	0.2737311718	0.2800247828	0.2861612006	0.2927468521
55.9	0.2666228672	0.2737311937	0.2800247127	0.2861610495	0.2927466622
56.0	0.2666229725	0.2737312156	0.2800246425	0.2861608984	0.2927464723
56.1	0.2666230779	0.2737312375	0.2800245724	0.2861607474	0.2927462823
56.2	0.2666231832	0.2737312594	0.2800245023	0.2861605963	0.2927460924
56.3	0.2666232886	0.2737312813	0.2800244321	0.2861604452	0.2927459025
56.4	0.2666233939	0.2737313032	0.2800243620	0.2861602941	0.2927457126
56.5	0.2666234992	0.2737313251	0.2800242918	0.2861601431	0.2927455227
56.6	0.2666236046	0.2737313470	0.2800242217	0.2861599920	0.2927453328
56.7	0.2666237099	0.2737313689	0.2800241515	0.2861598409	0.2927451428
56.8	0.2666238153	0.2737313908	0.2800240813	0.2861596898	0.2927449529
56.9	0.2666239206	0.2737314127	0.2800240112	0.2861595387	0.2927447630
57.0	0.2666240259	0.2737314346	0.2800239410	0.2861593876	0.2927445731
57.1	0.2666241313	0.2737314564	0.2800238709	0.2861592365	0.2927443831
57.2	0.2666242366	0.2737314783	0.2800238007	0.2861590855	0.2927441932
57.3	0.2666243419	0.2737315002	0.2800237305	0.2861589344	0.2927440033
57.4	0.2666244472	0.2737315221	0.2800236603	0.2861587833	0.2927438133
57.5	0.2666245526	0.2737315439	0.2800235902	0.2861586321	0.2927436234
57.6	0.2666246579	0.2737315658	0.2800235200	0.2861584810	0.2927434334
57.7	0.2666247632	0.2737315877	0.2800234498	0.2861583299	0.2927432435
57.8	0.2666248685	0.2737316095	0.2800233796	0.2861581788	0.2927430536
57.9	0.2666249739	0.2737316314	0.2800233094	0.2861580277	0.2927428636
58.0	0.2666250792	0.2737316533	0.2800232392	0.2861578766	0.2927426737
58.1	0.2666251845	0.2737316751	0.2800231690	0.2861577255	0.2927424837
58.2	0.2666252898	0.2737316970	0.2800230988	0.2861575743	0.2927422938
58.3	0.2666253951	0.2737317188	0.2800230286	0.2861574232	0.2927421038
58.4	0.2666255004	0.2737317407	0.2800229584	0.2861572721	0.2927419139
58.5	0.2666256057	0.2737317625	0.2800228882	0.2861571209	0.2927417239
58.6	0.2666257110	0.2737317844	0.2800228180	0.2861569698	0.2927415340
58.7	0.2666258163	0.2737318062	0.2800227478	0.2861568187	0.2927413440
58.8	0.2666259216	0.2737318280	0.2800226776	0.2861566675	0.2927411540
58.9	0.2666260269	0.2737318499	0.2800226074	0.2861565164	0.2927409641
59.0	0.2666261322	0.2737318717	0.2800225372	0.2861563652	0.2927407741
59.1	0.2666262375	0.2737318935	0.2800224669	0.2861562141	0.2927405842
59.2	0.2666263428	0.2737319154	0.2800223967	0.2861560629	0.2927403942
59.3	0.2666264481	0.2737319372	0.2800223265	0.2861559118	0.2927402042
59.4	0.2666265534	0.2737319590	0.2800222562	0.2861557606	0.2927400142
59.5	0.2666266587	0.2737319809	0.2800221860	0.2861556095	0.2927398243
59.6	0.2666267640	0.2737320027	0.2800221158	0.2861554583	0.2927396343
59.7	0.2666268693	0.2737320245	0.2800220455	0.2861553071	0.2927394443
59.8	0.2666269746	0.2737320463	0.2800219753	0.2861551560	0.2927392543
59.9	0.2666270799	0.2737320681	0.2800219050	0.2861550048	0.2927390644
60.0	0.2666271852	0.2737320899	0.2800218348	0.2861548536	0.2927388744
60.1	0.2666272904	0.2737321118	0.2800217645	0.2861547024	0.2927386844
60.2	0.2666273957	0.2737321336	0.2800216943	0.2861545513	0.2927384944
60.3	0.2666275010	0.2737321554	0.2800216240	0.2861544001	0.2927383044
60.4	0.2666276063	0.2737321772	0.2800215538	0.2861542489	0.2927381144
60.5	0.2666277115	0.2737321990	0.2800214835	0.2861540977	0.2927379244
60.6	0.2666278168	0.2737322208	0.2800214133	0.2861539465	0.2927377345
60.7	0.2666279221	0.2737322426	0.2800213430	0.2861537953	0.2927375445
60.8	0.2666280273	0.2737322644	0.2800212727	0.2861536441	0.2927373545
60.9	0.2666281326	0.2737322862	0.2800212024	0.2861534929	0.2927371645
61.0	0.2666282379	0.2737323079	0.2800211322	0.2861533417	0.2927369745
61.1	0.2666283431	0.2737323297	0.2800210619	0.2861531905	0.2927367845
61.2	0.2666284484	0.2737323515	0.2800209916	0.2861530393	0.2927365945
61.3	0.2666285537	0.2737323733	0.2800209213	0.2861528881	0.2927364045
61.4	0.2666286589	0.2737323951	0.2800208510	0.2861527369	0.2927362145
61.5	0.2666287642	0.2737324169	0.2800207807	0.2861525857	0.2927360245
61.6	0.2666288694	0.2737324386	0.2800207105	0.2861524344	0.2927358344
61.7	0.2666289747	0.2737324604	0.2800206402	0.2861522832	0.2927356444
61.8	0.2666290799	0.2737324822	0.2800205699	0.2861521320	0.2927354544
61.9	0.2666291852	0.2737325039	0.2800204996	0.2861519808	0.2927352644
62.0	0.2666292904	0.2737325257	0.2800204293	0.2861518295	0.2927350744
62.1	0.2666293957	0.2737325475	0.2800203590	0.2861516783	0.2927348844
62.2	0.2666295009	0.2737325692	0.2800202886	0.2861515271	0.2927346943
62.3	0.2666296062	0.2737325910	0.2800202183	0.2861513758	0.2927345043
62.4	0.2666297114	0.2737326127	0.2800201480	0.2861512246	0.2927343143
62.5	0.2666298166	0.2737326345	0.2800200777	0.2861510733	0.2927341243
62.6	0.2666299219	0.2737326563	0.2800200074	0.2861509221	0.2927339342
62.7	0.2666300271	0.2737326780	0.2800199371	0.2861507708	0.2927337442
62.8	0.2666301324	0.2737326998	0.2800198667	0.2861506196	0.2927335542
62.9	0.2666302376	0.2737327215	0.2800197964	0.2861504683	0.2927333642
63.0	0.2666303428	0.2737327432	0.2800197261	0.2861503171	0.2927331741
63.1	0.2666304480	0.2737327650	0.2800196557	0.2861501658	0.2927329841
63.2	0.2666305533	0.2737327867	0.2800195854	0.2861500146	0.2927327940
63.3	0.2666306585	0.2737328085	0.2800195151	0.2861498633	0.2927326040
63.4	0.2666307637	0.2737328302	0.2800194447	0.2861497120	0.2927324140
63.5	0.2666308689	0.2737328519	0.2800193744	0.2861495607	0.2927322239
63.6	0.2666309742	0.2737328737	0.2800193040	0.2861494095	0.2927320339
63.7	0.2666310794	0.2737328954	0.2800192337	0.2861492582	0.2927318438
63.8	0.2666311846	0.2737329171	0.2800191633	0.2861491069	0.2927316538
63.9	0.2666312898	0.2737329388	0.2800190930	0.2861489556	0.2927314637
64.0	0.2666313950	0.2737329605	0.2800190226	0.2861488043	0.2927312737
64.1	0.2666315002	0.2737329823	0.2800189523	0.2861486530	0.2927310836
64.2	0.2666316055	0.2737330040	0.2800188819	0.2861485018	0.2927308936
64.3	0.2666317107	0.2737330257	0.2800188115	0.2861483505	0.2927307035
64.4	0.2666318159	0.2737330474	0.2800187412	0.2861481992	0.2927305135
64.5	0.2666319211	0.2737330691	0.2800186708	0.2861480479	0.2927303234
64.6	0.2666320263	0.2737330908	0.2800186004	0.2861478966	0.2927301333
64.7	0.2666321315	0.2737331125	0.2800185300	0.2861477453	0.2927299433
64.8	0.2666322367	0.2737331342	0.2800184596	0.2861475939	0.2927297532
64.9	0.2666323419	0.2737331559	0.2800183893	0.2861474426	0.2927295631
65.0	0.2666324471	0.2737331776	0.2800183189	0.2861472913	0.2927293731
65.1	0.2666325523	0.2737331993	0.2800182485	0.2861471400	0.2927291830
65.2	0.2666326575	0.2737332210	0.2800181781	0.2861469887	0.2927289929
65.3	0.2666327626	0.2737332427	0.2800181077	0.2861468374	0.2927288028
65.4	0.2666328678	0.2737332644	0.2800180373	0.2861466860	0.2927286128
65.5	0.2666329730	0.2737332861	0.2800179669	0.2861465347	0.2927284227
65.6	0.2666330782	0.2737333078	0.2800178965	0.2861463834	0.2927282326
65.7	0.2666331834	0.2737333294	0.2800178261	0.2861462320	0.2927280425
65.8	0.2666332886	0.2737333511	0.2800177557	0.2861460807	0.2927278524
65.9	0.2666333938	0.2737333728	0.2800176853	0.2861459294	0.2927276624
66.0	0.2666334989	0.2737333945	0.2800176149	0.2861457780	0.2927274723
66.1	0.2666336041	0.2737334161	0.2800175444	0.2861456267	0.2927272822
66.2	0.2666337093	0.2737334378	0.2800174740	0.2861454753	0.2927270921
66.3	0.2666338145	0.2737334595	0.2800174036	0.2861453240	0.2927269020
66.4	0.2666339196	0.2737334811	0.2800173332	0.2861451726	0.2927267119
66.5	0.2666340248	0.2737335028	0.2800172627	0.2861450213	0.2927265218
66.6	0.2666341300	0.2737335245	0.2800171923	0.2861448699	0.2927263317
66.7	0.2666342351	0.2737335461	0.2800171219	0.2861447185	0.2927261416
66.8	0.2666343403	0.2737335678	0.2800170514	0.2861445672	0.2927259515
66.9	0.2666344455	0.2737335894	0.2800169810	0.2861444158	0.2927257614
67.0	0.2666345506	0.2737336111	0.2800169106	0.2861442644	0.2927255713
67.1	0.2666346558	0.2737336327	0.2800168401	0.2861441131	0.2927253812
67.2	0.2666347610	0.2737336544	0.2800167697	0.2861439617	0.2927251911
67.3	0.2666348661	0.2737336760	0.2800166992	0.2861438103	0.2927250010
67.4	0.2666349713	0.2737336977	0.2800166288	0.2861436589	0.2927248109
67.5	0.2666350764	0.2737337193	0.2800165583	0.2861435076	0.2927246207
67.6	0.2666351816	0.2737337409	0.2800164878	0.2861433562	0.2927244306
67.7	0.2666352867	0.2737337626	0.2800164174	0.2861432048	0.2927242405
67.8	0.2666353919	0.2737337842	0.2800163469	0.2861430534	0.2927240504
67.9	0.2666354970	0.2737338058	0.2800162765	0.2861429020	0.2927238603
68.0	0.2666356022	0.2737338275	0.2800162060	0.2861427506	0.2927236701
68.1	0.2666357073	0.2737338491	0.2800161355	0.2861425992	0.2927234800
68.2	0.2666358124	0.2737338707	0.2800160650	0.2861424478	0.2927232899
68.3	0.2666359176	0.2737338923	0.2800159946	0.2861422964	0.2927230998
68.4	0.2666360227	0.2737339139	0.2800159241	0.2861421450	0.2927229096
68.5	0.2666361279	0.2737339356	0.2800158536	0.2861419936	0.2927227195
68.6	0.2666362330	0.2737339572	0.2800157831	0.2861418421	0.2927225294
68.7	0.2666363381	0.2737339788	0.2800157126	0.2861416907	0.2927223392
68.8	0.2666364432	0.2737340004	0.2800156421	0.2861415393	0.2927221491
68.9	0.2666365484	0.2737340220	0.2800155716	0.2861413879	0.2927219590
69.0	0.2666366535	0.2737340436	0.2800155011	0.2861412365	0.2927217688
69.1	0.2666367586	0.2737340652	0.2800154306	0.2861410850	0.2927215787
69.2	0.2666368638	0.2737340868	0.2800153601	0.2861409336	0.2927213885
69.3	0.2666369689	0.2737341084	0.2800152896	0.2861407822	0.2927211984
69.4	0.2666370740	0.2737341300	0.2800152191	0.2861406307	0.2927210082
69.5	0.2666371791	0.2737341516	0.2800151486	0.2861404793	0.2927208181
69.6	0.2666372842	0.2737341732	0.2800150781	0.2861403278	0.2927206279
69.7	0.2666373893	0.2737341948	0.2800150076	0.2861401764	0.2927204378
69.8	0.2666374945	0.2737342164	0.2800149371	0.2861400250	0.2927202476
69.9	0.2666375996	0.2737342379	0.2800148665	0.2861398735	0.2927200575
70.0	0.2666377047	0.2737342595	0.2800147960	0.2861397220	0.2927198673
70.1	0.2666378098	0.2737342811	0.2800147255	0.2861395706	0.2927196772
70.2	0.2666379149	0.2737343027	0.2800146549	0.2861394191	0.2927194870
70.3	0.2666380200	0.2737343243	0.2800145844	0.2861392677	0.2927192968
70.4	0.2666381251	0.2737343458	0.2800145139	0.2861391162	0.2927191067
70.5	0.2666382302	0.2737343674	0.2800144433	0.2861389647	0.2927189165
70.6	0.2666383353	0.2737343890	0.2800143728	0.2861388133	0.2927187263
70.7	0.2666384404	0.2737344105	0.2800143023	0.2861386618	0.2927185362
70.8	0.2666385455	0.2737344321	0.2800142317	0.2861385103	0.2927183460
70.9	0.2666386506	0.2737344537	0.2800141612	0.2861383588	0.2927181558
71.0	0.2666387557	0.2737344752	0.2800140906	0.2861382074	0.2927179656
71.1	0.2666388608	0.2737344968	0.2800140200	0.2861380559	0.2927177755
71.2	0.2666389659	0.2737345183	0.2800139495	0.2861379044	0.2927175853
71.3	0.2666390710	0.2737345399	0.2800138789	0.2861377529	0.2927173951
71.4	0.2666391760	0.2737345614	0.2800138084	0.2861376014	0.2927172049
71.5	0.2666392811	0.2737345830	0.2800137378	0.2861374499	0.2927170147
71.6	0.2666393862	0.2737346045	0.2800136672	0.2861372984	0.2927168245
71.7	0.2666394913	0.2737346261	0.2800135967	0.2861371469	0.2927166344
71.8	0.2666395964	0.2737346476	0.2800135261	0.2861369954	0.2927164442
71.9	0.2666397014	0.2737346691	0.2800134555	0.2861368439	0.2927162540
72.0	0.2666398065	0.2737346907	0.2800133849	0.2861366924	0.2927160638
72.1	0.2666399116	0.2737347122	0.2800133143	0.2861365409	0.2927158736
72.2	0.2666400167	0.2737347337	0.2800132437	0.2861363894	0.2927156834
72.3	0.2666401217	0.2737347553	0.2800131732	0.2861362378	0.2927154932
72.4	0.2666402268	0.2737347768	0.2800131026	0.2861360863	0.2927153030
72.5	0.2666403319	0.2737347983	0.2800130320	0.2861359348	0.2927151128
72.6	0.2666404369	0.2737348198	0.2800129614	0.2861357833	0.2927149226
72.7	0.2666405420	0.2737348414	0.2800128908	0.2861356317	0.2927147324
72.8	0.2666406471	0.2737348629	0.2800128202	0.2861354802	0.2927145422
72.9	0.2666407521	0.2737348844	0.2800127496	0.2861353287	0.2927143520
73.0	0.2666408572	0.2737349059	0.2800126790	0.2861351771	0.2927141617
73.1	0.2666409622	0.2737349274	0.2800126083	0.2861350256	0.2927139715
73.2	0.2666410673	0.2737349489	0.2800125377	0.2861348741	0.2927137813
73.3	0.2666411723	0.2737349704	0.2800124671	0.2861347225	0.2927135911
73.4	0.2666412774	0.2737349919	0.2800123965	0.2861345710	0.2927134009
73.5	0.2666413824	0.2737350134	0.2800123259	0.2861344194	0.2927132107
73.6	0.2666414875	0.2737350349	0.2800122552	0.2861342678	0.2927130204
73.7	0.2666415925	0.2737350564	0.2800121846	0.2861341163	0.2927128302
73.8	0.2666416976	0.2737350779	0.2800121140	0.2861339647	0.2927126400
73.9	0.2666418026	0.2737350994	0.2800120434	0.2861338132	0.2927124498
74.0	0.2666419077	0.2737351209	0.2800119727	0.2861336616	0.2927122595
74.1	0.2666420127	0.2737351424	0.2800119021	0.2861335100	0.2927120693
74.2	0.2666421177	0.2737351639	0.2800118314	0.2861333585	0.2927118791
74.3	0.2666422228	0.2737351853	0.2800117608	0.2861332069	0.2927116888
74.4	0.2666423278	0.2737352068	0.2800116901	0.2861330553	0.2927114986
74.5	0.2666424328	0.2737352283	0.2800116195	0.2861329037	0.2927113084
74.6	0.2666425379	0.2737352498	0.2800115488	0.2861327522	0.2927111181
74.7	0.2666426429	0.2737352713	0.2800114782	0.2861326006	0.2927109279
74.8	0.2666427479	0.2737352927	0.2800114075	0.2861324490	0.2927107376
74.9	0.2666428530	0.2737353142	0.2800113369	0.2861322974	0.2927105474
75.0	0.2666429580	0.2737353357	0.2800112662	0.2861321458	0.2927103571
75.1	0.2666430630	0.2737353571	0.2800111955	0.2861319942	0.2927101669
75.2	0.2666431680	0.2737353786	0.2800111249	0.2861318426	0.2927099766
75.3	0.2666432730	0.2737354000	0.2800110542	0.2861316910	0.2927097864
75.4	0.2666433781	0.2737354215	0.2800109835	0.2861315394	0.2927095961
75.5	0.2666434831	0.2737354430	0.2800109128	0.2861313878	0.2927094059
75.6	0.2666435881	0.2737354644	0.2800108422	0.2861312362	0.2927092156
75.7	0.2666436931	0.2737354859	0.2800107715	0.2861310846	0.2927090254
75.8	0.2666437981	0.2737355073	0.2800107008	0.2861309329	0.2927088351
75.9	0.2666439031	0.2737355287	0.2800106301	0.2861307813	0.2927086448
76.0	0.2666440081	0.2737355502	0.2800105594	0.2861306297	0.2927084546
76.1	0.2666441131	0.2737355716	0.2800104887	0.2861304781	0.2927082643
76.2	0.2666442181	0.2737355931	0.2800104180	0.2861303265	0.2927080740
76.3	0.2666443231	0.2737356145	0.2800103473	0.2861301748	0.2927078838
76.4	0.2666444281	0.2737356359	0.2800102766	0.2861300232	0.2927076935
76.5	0.2666445331	0.2737356574	0.2800102059	0.2861298716	0.2927075032
76.6	0.2666446381	0.2737356788	0.2800101352	0.2861297199	0.2927073130
76.7	0.2666447431	0.2737357002	0.2800100645	0.2861295683	0.2927071227
76.8	0.2666448481	0.2737357216	0.2800099938	0.2861294166	0.2927069324
76.9	0.2666449531	0.2737357431	0.2800099231	0.2861292650	0.2927067421
77.0	0.2666450581	0.2737357645	0.2800098523	0.2861291133	0.2927065518
77.1	0.2666451631	0.2737357859	0.2800097816	0.2861289617	0.2927063616
77.2	0.2666452681	0.2737358073	0.2800097109	0.2861288100	0.2927061713
77.3	0.2666453731	0.2737358287	0.2800096402	0.2861286584	0.2927059810
77.4	0.2666454780	0.2737358501	0.2800095694	0.2861285067	0.2927057907
77.5	0.2666455830	0.2737358716	0.2800094987	0.2861283551	0.2927056004
77.6	0.2666456880	0.2737358930	0.2800094280	0.2861282034	0.2927054101
77.7	0.2666457930	0.2737359144	0.2800093572	0.2861280517	0.2927052198
77.8	0.2666458980	0.2737359358	0.2800092865	0.2861279000	0.2927050295
77.9	0.2666460029	0.2737359572	0.2800092157	0.2861277484	0.2927048392
78.0	0.2666461079	0.2737359786	0.2800091450	0.2861275967	0.2927046489
78.1	0.2666462129	0.2737360000	0.2800090742	0.2861274450	0.2927044586
78.2	0.2666463178	0.2737360213	0.2800090035	0.2861272933	0.2927042683
78.3	0.2666464228	0.2737360427	0.2800089327	0.2861271417	0.2927040780
78.4	0.2666465278	0.2737360641	0.2800088620	0.2861269900	0.2927038877
78.5	0.2666466327	0.2737360855	0.2800087912	0.2861268383	0.2927036974
78.6	0.2666467377	0.2737361069	0.2800087204	0.2861266866	0.2927035071
78.7	0.2666468427	0.2737361283	0.2800086497	0.2861265349	0.2927033168
78.8	0.2666469476	0.2737361497	0.2800085789	0.2861263832	0.2927031265
78.9	0.2666470526	0.2737361710	0.2800085081	0.2861262315	0.2927029361
79.0	0.2666471575	0.2737361924	0.2800084374	0.2861260798	0.2927027458
79.1	0.2666472625	0.2737362138	0.2800083666	0.2861259281	0.2927025555
79.2	0.2666473674	0.2737362351	0.2800082958	0.2861257764	0.2927023652
79.3	0.2666474724	0.2737362565	0.2800082250	0.2861256246	0.2927021749
79.4	0.2666475773	0.2737362779	0.2800081542	0.2861254729	0.2927019845
79.5	0.2666476823	0.2737362992	0.2800080834	0.2861253212	0.2927017942
79.6	0.2666477872	0.2737363206	0.2800080127	0.2861251695	0.2927016039
79.7	0.2666478922	0.2737363420	0.2800079419	0.2861250178	0.2927014135
79.8	0.2666479971	0.2737363633	0.2800078711	0.2861248660	0.2927012232
79.9	0.2666481020	0.2737363847	0.2800078003	0.2861247143	0.2927010329
80.0	0.2666482070	0.2737364060	0.2800077295	0.2861245626	0.2927008425
