	1.530	1.540	1.550	1.560	1.570
22.40	0.0848453142	0.1024147406	0.1215560169	0.1415295853	0.1618545686
22.50	0.0827624044	0.1004044234	0.1197214290	0.1399541795	0.1605650423
22.60	0.0840467930	0.1017278646	0.1210581693	0.1413012210	0.1619606624
22.70	0.0854320979	0.1031503114	0.1224919157	0.1427434940	0.1634497704
22.80	0.0832261574	0.1010111598	0.1205217392	0.1410246276	0.1620079849
22.90	0.0832261574	0.1010111598	0.1205217392	0.1410246276	0.1620079849
23.00	0.0823842582	0.1002654305	0.1199474168	0.1407003053	0.1619967755
23.10	0.0837748830	0.1016953200	0.1213885875	0.1421467423	0.1634820907
23.20	0.0815219639	0.0994915060	0.1193359250	0.1403287964	0.1619273265
23.30	0.0806401605	0.0986902394	0.1186880191	0.1399106848	0.1617999819
23.40	0.0806401605	0.0986902394	0.1186880191	0.1399106848	0.1617999819
23.50	0.0784400776	0.0965185697	0.1166475020	0.1380878046	0.1602281497
23.60	0.0797397499	0.0978625071	0.1180044859	0.1394465952	0.1616151379
23.70	0.0788216501	0.0970092081	0.1172861426	0.1389371928	0.1613732420
23.80	0.0788216501	0.0970092081	0.1172861426	0.1389371928	0.1613732420
23.90	0.0765786357	0.0947769353	0.1151668241	0.1370181379	0.1596902297
24.00	0.0778867932	0.0961312625	0.1165338364	0.1383831824	0.1610747924
24.10	0.0778867932	0.0961312625	0.1165338364	0.1383831824	0.1610747924
24.20	0.0769361256	0.0952296117	0.1157484438	0.1377853078	0.1607203381
24.30	0.0783507853	0.0966892641	0.1172184058	0.1392494379	0.1621976433
24.40	0.0759706064	0.0943052165	0.1149308694	0.1371443512	0.1603104777
24.50	0.0736676709	0.0919866289	0.1126976740	0.1350846916	0.1584633535
24.60	0.0749912069	0.0933590569	0.1140820453	0.1364611322	0.1598458591
24.70	0.0764166872	0.0948312883	0.1155640411	0.1379332672	0.1613221302
24.80	0.0739989095	0.0923921307	0.1132029300	0.1357365070	0.1593271789
24.90	0.0739989095	0.0923921307	0.1132029300	0.1357365070	0.1593271789
25.00	0.0729947069	0.0914054531	0.1122945079	0.1349713680	0.1587551815
25.10	0.0719796014	0.0904000553	0.1113577880	0.1341666425	0.1581306586
25.20	0.0719796014	0.0904000553	0.1113577880	0.1341666425	0.1581306586
25.30	0.0734240304	0.0918937961	0.1128603570	0.1356531151	0.1596074171
25.40	0.0709546035	0.0893769838	0.1103938031	0.1333232919	0.1574544481
25.50	0.0685643068	0.0869276484	0.1079835676	0.1310406561	0.1553429263
25.60	0.0699207314	0.0883372993	0.1094036086	0.1324423109	0.1567274336
25.70	0.0713796246	0.0898471871	0.1109216595	0.1339400313	0.1582060779
25.80	0.0688790098	0.0872820759	0.1083882821	0.1315247265	0.1559505436
25.90	0.0664583122	0.0847852999	0.1059120877	0.1291574108	0.1537371410
26.00	0.0678304692	0.0862123999	0.1073489218	0.1305715970	0.1551247501
26.10	0.0653955678	0.0836929852	0.1048408504	0.1281629940	0.1528613508
26.20	0.0667761448	0.0851293688	0.1062866456	0.1295840112	0.1542510681
26.30	0.0682594943	0.0866662462	0.1078306921	0.1311013485	0.1557352083
26.40	0.0657170756	0.0840340906	0.1052025904	0.1285630869	0.1533305546
26.50	0.0657170756	0.0840340906	0.1052025904	0.1285630869	0.1533305546
26.60	0.0646543033	0.0829276823	0.1040979107	0.1275099702	0.1523643073
26.70	0.0661557916	0.0844844192	0.1056611943	0.1290423253	0.1538540670
26.80	0.0635888719	0.0818112695	0.1029737775	0.1264258346	0.1513534638
26.90	0.0635888719	0.0818112695	0.1029737775	0.1264258346	0.1513534638
27.00	0.0625218258	0.0806859847	0.1018313775	0.1253118793	0.1502992006
27.10	0.0614542099	0.0795529666	0.1006719118	0.1241693287	0.1492027315
27.20	0.0614542099	0.0795529666	0.1006719118	0.1241693287	0.1492027315
27.30	0.0603870677	0.0784133591	0.0994965947	0.1229994309	0.1480653071
27.40	0.0603870677	0.0784133591	0.0994965947	0.1229994309	0.1480653071
27.50	0.0603870677	0.0784133591	0.0994965947	0.1229994309	0.1480653071
27.60	0.0593214413	0.0772683101	0.0983066528	0.1218034564	0.1468882129
27.70	0.0608745924	0.0788812470	0.0999249062	0.1233806065	0.1483996666
27.80	0.0582583694	0.0761189707	0.0971033238	0.1205826974	0.1456727688
27.90	0.0557261845	0.0734296650	0.0943437775	0.1178375241	0.1429923824
28.00	0.0571988873	0.0749664936	0.0958878552	0.1193384660	0.1444203273
28.10	0.0546593235	0.0722621831	0.0931045059	0.1165601016	0.1416977141
28.20	0.0561440254	0.0738120328	0.0946615034	0.1180720937	0.1431322725
28.30	0.0550948084	0.0726567418	0.0934255322	0.1167849293	0.1418100185
28.40	0.0550948084	0.0726567418	0.0934255322	0.1167849293	0.1418100185
28.50	0.0550948084	0.0726567418	0.0934255322	0.1167849293	0.1418100185
28.60	0.0540522545	0.0715017732	0.0921812121	0.1154783383	0.1404550086
28.70	0.0556657480	0.0731801225	0.0938644183	0.1171112318	0.1420002465
28.80	0.0530173743	0.0703482770	0.0909298187	0.1141537013	0.1390687133
28.90	0.0530173743	0.0703482770	0.0909298187	0.1141537013	0.1390687133
29.00	0.0519911699	0.0691974003	0.0896726316	0.1128124128	0.1376526294
29.10	0.0509746341	0.0680502855	0.0884109336	0.1114558801	0.1362082784
29.20	0.0509746341	0.0680502855	0.0884109336	0.1114558801	0.1362082784
29.30	0.0499687494	0.0669080698	0.0871460088	0.1100855216	0.1347372051
29.40	0.0499687494	0.0669080698	0.0871460088	0.1100855216	0.1347372051
29.50	0.0499687494	0.0669080698	0.0871460088	0.1100855216	0.1347372051
29.60	0.0489744873	0.0657718837	0.0858791423	0.1087027657	0.1332409759
29.70	0.0506563444	0.0675244194	0.0876372022	0.1104027888	0.1348332300
29.80	0.0479928070	0.0646428504	0.0846116182	0.1073090496	0.1317211779
29.90	0.0454175400	0.0618392388	0.0816535691	0.1042737783	0.1286613666
30.00	0.0470246549	0.0635220847	0.0833447189	0.1059058177	0.1301794168
30.10	0.0444487763	0.0607114162	0.0803717388	0.1028468390	0.1270872118
30.20	0.0460709637	0.0624106918	0.0820797240	0.1044945204	0.1286173159
30.30	0.0451326515	0.0613097661	0.0808179085	0.1030766127	0.1270365141
30.40	0.0451326515	0.0613097661	0.0808179085	0.1030766127	0.1270365141
30.50	0.0451326515	0.0613097661	0.0808179085	0.1030766127	0.1270365141
30.60	0.0442106208	0.0602203908	0.0795605425	0.1016535531	0.1254386648
30.70	0.0433057579	0.0591436366	0.0783088892	0.1002268017	0.1238254340
30.80	0.0433057579	0.0591436366	0.0783088892	0.1002268017	0.1238254340
30.90	0.0433057579	0.0591436366	0.0783088892	0.1002268017	0.1238254340
31.00	0.0424189321	0.0580805604	0.0770642044	0.0987978194	0.1221984991
31.10	0.0442081809	0.0599502443	0.0789428399	0.1006110088	0.1238801226
31.20	0.0415509948	0.0570322049	0.0758277349	0.0973680664	0.1205595470
31.30	0.0407027788	0.0559995974	0.0746007177	0.0959390006	0.1189102727
31.40	0.0407027788	0.0559995974	0.0746007177	0.0959390006	0.1189102727
31.50	0.0407027788	0.0559995974	0.0746007177	0.0959390006	0.1189102727
31.60	0.0398750973	0.0549837486	0.0733843784	0.0945120764	0.1172523776
31.70	0.0390687438	0.0539856523	0.0721799307	0.0930887437	0.1155875683
31.80	0.0390687438	0.0539856523	0.0721799307	0.0930887437	0.1155875683
31.90	0.0365160048	0.0511465373	0.0691133399	0.0898618927	0.1122531953
32.00	0.0382844906	0.0530062838	0.0709885748	0.0916704460	0.1139175544
32.10	0.0382844906	0.0530062838	0.0709885748	0.0916704460	0.1139175544
32.20	0.0375230885	0.0520465995	0.0698114963	0.0902586192	0.1122440472
32.30	0.0367852663	0.0511075359	0.0686498656	0.0888546907	0.1105687583
32.40	0.0367852663	0.0511075359	0.0686498656	0.0888546907	0.1105687583
32.50	0.0367852663	0.0511075359	0.0686498656	0.0888546907	0.1105687583
32.60	0.0360717297	0.0501900087	0.0675048363	0.0874600777	0.1088933978
32.70	0.0353831610	0.0492949119	0.0663775443	0.0860761856	0.1072196727
32.80	0.0353831610	0.0492949119	0.0663775443	0.0860761856	0.1072196727
32.90	0.0353831610	0.0492949119	0.0663775443	0.0860761856	0.1072196727
33.00	0.0347202182	0.0484231171	0.0652691068	0.0847044076	0.1055492852
33.10	0.0366802577	0.0504813690	0.0673474909	0.0867156768	0.1074067274
33.20	0.0340835348	0.0475754727	0.0641806215	0.0833461226	0.1038839315
33.30	0.0334737188	0.0467528032	0.0631131651	0.0820026942	0.1022252999
33.40	0.0334737188	0.0467528032	0.0631131651	0.0820026942	0.1022252999
33.50	0.0334737188	0.0467528032	0.0631131651	0.0820026942	0.1022252999
33.60	0.0328913525	0.0459559082	0.0620677927	0.0806754695	0.1005750692
33.70	0.0323369916	0.0451855620	0.0610455367	0.0793657778	0.0989349075
33.80	0.0323369916	0.0451855620	0.0610455367	0.0793657778	0.0989349075
33.90	0.0298649848	0.0423848146	0.0579590887	0.0760494068	0.0954401161
34.00	0.0318111651	0.0444425124	0.0600474059	0.0780749295	0.0973064702
34.10	0.0318111651	0.0444425124	0.0600474059	0.0780749295	0.0973064702
34.20	0.0313143745	0.0437274807	0.0590743845	0.0768042145	0.0956913988
34.30	0.0308470937	0.0430411605	0.0581274314	0.0755549017	0.0940913192
34.40	0.0308470937	0.0430411605	0.0581274314	0.0755549017	0.0940913192
34.50	0.0308470937	0.0430411605	0.0581274314	0.0755549017	0.0940913192
34.60	0.0304097681	0.0423842173	0.0572074790	0.0743282370	0.0925078401
34.70	0.0300028145	0.0417572880	0.0563154326	0.0731254430	0.0909425520
34.80	0.0300028145	0.0417572880	0.0563154326	0.0731254430	0.0909425520
34.90	0.0300028145	0.0417572880	0.0563154326	0.0731254430	0.0909425520
35.00	0.0296266208	0.0411609798	0.0554521694	0.0719477170	0.0893970251
35.10	0.0317666001	0.0434217431	0.0577527435	0.0741921290	0.0914824372
35.20	0.0292815454	0.0405958704	0.0546185380	0.0707962308	0.0878728081
35.30	0.0289679170	0.0400625069	0.0538153573	0.0696721288	0.0863714271
35.40	0.0289679170	0.0400625069	0.0538153573	0.0696721288	0.0863714271
35.50	0.0289679170	0.0400625069	0.0538153573	0.0696721288	0.0863714271
35.60	0.0286860342	0.0395614055	0.0530434158	0.0685765275	0.0848943834
35.70	0.0284361657	0.0390930511	0.0523034710	0.0675105144	0.0834431530
35.80	0.0284361657	0.0390930511	0.0523034710	0.0675105144	0.0834431530
35.90	0.0260918537	0.0363947161	0.0492785422	0.0642029939	0.0799028565
36.00	0.0282185492	0.0386578968	0.0515962488	0.0664751466	0.0820191846
36.10	0.0282185492	0.0386578968	0.0515962488	0.0664751466	0.0820191846
36.20	0.0280333919	0.0382563635	0.0509224424	0.0654714505	0.0806238986
36.30	0.0278808702	0.0378888392	0.0502827123	0.0645004201	0.0792586854
36.40	0.0278808702	0.0378888392	0.0502827123	0.0645004201	0.0792586854
36.50	0.0278808702	0.0378888392	0.0502827123	0.0645004201	0.0792586854
36.60	0.0277611292	0.0375556794	0.0496776851	0.0635630167	0.0779249046
36.70	0.0276742828	0.0372572060	0.0491079533	0.0626601678	0.0766238836
36.80	0.0276742828	0.0372572060	0.0491079533	0.0626601678	0.0766238836
36.90	0.0276742828	0.0372572060	0.0491079533	0.0626601678	0.0766238836
37.00	0.0276204138	0.0369937075	0.0485740746	0.0617927660	0.0753569160
37.10	0.0299348996	0.0394558631	0.0511044507	0.0642917149	0.0777109796
37.20	0.0275995735	0.0367654383	0.0480765715	0.0609616688	0.0741252608
37.30	0.0276117815	0.0365726191	0.0476159307	0.0601676969	0.0729301413
37.40	0.0276117815	0.0365726191	0.0476159307	0.0601676969	0.0729301413
37.50	0.0276117815	0.0365726191	0.0476159307	0.0601676969	0.0729301413
37.60	0.0276570265	0.0364154361	0.0471926027	0.0594116345	0.0717727435
37.70	0.0277352651	0.0362940411	0.0468070014	0.0586942277	0.0706542155
37.80	0.0277352651	0.0362940411	0.0468070014	0.0586942277	0.0706542155
37.90	0.0255516185	0.0337484547	0.0439124786	0.0554835997	0.0671758258
38.00	0.0278464231	0.0362085513	0.0464595039	0.0580161842	0.0695756662
38.10	0.0278464231	0.0362085513	0.0464595039	0.0580161842	0.0695756662
38.20	0.0279903946	0.0361590493	0.0461504497	0.0573781729	0.0685381642
38.30	0.0281670425	0.0361455829	0.0458801410	0.0567808226	0.0675427370
38.40	0.0281670425	0.0361455829	0.0458801410	0.0567808226	0.0675427370
38.50	0.0260357297	0.0336532454	0.0430357966	0.0536141820	0.0641018144
38.60	0.0283761988	0.0361681651	0.0456488417	0.0562247221	0.0665903700
38.70	0.0286176642	0.0362267742	0.0454567778	0.0557104192	0.0656820055
38.80	0.0286176642	0.0362267742	0.0454567778	0.0557104192	0.0656820055
38.90	0.0286176642	0.0362267742	0.0454567778	0.0557104192	0.0656820055
39.00	0.0288912088	0.0363213534	0.0453041370	0.0552384206	0.0648185419
39.10	0.0313591783	0.0389668726	0.0480541226	0.0579952156	0.0674642750
39.20	0.0291965722	0.0364518114	0.0451910683	0.0548091911	0.0640008329
39.30	0.0316781372	0.0391140050	0.0479617164	0.0575911603	0.0666761674
39.40	0.0295334636	0.0366180224	0.0451176822	0.0544231531	0.0632296866
39.50	0.0274917215	0.0342199887	0.0423661504	0.0513429353	0.0598683982
39.60	0.0299015619	0.0368198257	0.0450840504	0.0540806867	0.0625058649
39.70	0.0303005166	0.0370570263	0.0450902056	0.0537821289	0.0618300826
39.80	0.0303005166	0.0370570263	0.0450902056	0.0537821289	0.0618300826
39.90	0.0282950597	0.0346982500	0.0423785693	0.0507406012	0.0585061745
40.00	0.0307299475	0.0373293952	0.0451361419	0.0535277734	0.0612030070
40.10	0.0307299475	0.0373293952	0.0451361419	0.0535277734	0.0612030070
40.20	0.0311894452	0.0376366692	0.0452218144	0.0533178706	0.0606252571
40.30	0.0337330268	0.0403763328	0.0480906719	0.0562222969	0.0634478579
40.40	0.0316785718	0.0379785514	0.0453471395	0.0531526269	0.0600974029
40.50	0.0297276483	0.0356798685	0.0426978304	0.0501730263	0.0568349255
40.60	0.0321968608	0.0383547112	0.0455119947	0.0530322048	0.0596199653
40.70	0.0327438178	0.0387647851	0.0457162190	0.0529567227	0.0591934152
40.80	0.0327438178	0.0387647851	0.0457162190	0.0529567227	0.0591934152
40.90	0.0327438178	0.0387647851	0.0457162190	0.0529567227	0.0591934152
41.00	0.0333189211	0.0392083765	0.0459596130	0.0529262550	0.0588181734
41.10	0.0359041360	0.0420019496	0.0488997573	0.0559232136	0.0617561775
41.20	0.0339216218	0.0396850565	0.0462419387	0.0529408316	0.0584946097
41.30	0.0365160277	0.0424908546	0.0491987357	0.0559599830	0.0614609150
41.40	0.0345513446	0.0401943639	0.0465629205	0.0530004380	0.0582230433
41.50	0.0326906031	0.0379979032	0.0440228083	0.0501329824	0.0550756550
41.60	0.0352074880	0.0407358058	0.0469222445	0.0531050158	0.0580037419
41.70	0.0333645477	0.0385599463	0.0444045931	0.0502611307	0.0548810549
41.80	0.0358894252	0.0413088581	0.0473195597	0.0532544621	0.0578369215
41.90	0.0340641756	0.0391536132	0.0448245307	0.0504344759	0.0547394381
42.00	0.0365965045	0.0419129660	0.0477544774	0.0534486298	0.0577227467
42.10	0.0365965045	0.0419129660	0.0477544774	0.0534486298	0.0577227467
42.20	0.0373280500	0.0425475442	0.0482265725	0.0536873280	0.0576613300
42.30	0.0399605065	0.0454062085	0.0512587053	0.0568107009	0.0607645366
42.40	0.0380833619	0.0432119780	0.0487353831	0.0539703218	0.0576527318
42.50	0.0388617175	0.0439056232	0.0492804115	0.0542973329	0.0576969608
42.60	0.0388617175	0.0439056232	0.0492804115	0.0542973329	0.0576969608
42.70	0.0371058616	0.0418326469	0.0468771048	0.0515757804	0.0547047973
42.80	0.0396623717	0.0446278071	0.0498611241	0.0546680393	0.0577939732
42.90	0.0396623717	0.0446278071	0.0498611241	0.0546680393	0.0577939732
43.00	0.0404845575	0.0453778291	0.0504769526	0.0550820763	0.0579436735
43.10	0.0431373201	0.0482680461	0.0535587963	0.0582794437	0.0611493086
43.20	0.0413274872	0.0461549611	0.0511272937	0.0555390362	0.0581459141
43.30	0.0439838369	0.0490514675	0.0542199605	0.0587534244	0.0613759553
43.40	0.0421903525	0.0469584485	0.0518115104	0.0560384691	0.0584004958
43.50	0.0430723256	0.0477875105	0.0525289319	0.0565798832	0.0587071674
43.60	0.0430723256	0.0477875105	0.0525289319	0.0565798832	0.0587071674
43.70	0.0413992024	0.0458157775	0.0502416381	0.0539860882	0.0558548365
43.80	0.0439725600	0.0486413413	0.0532788548	0.0571627451	0.0590656267
43.90	0.0423153333	0.0466894962	0.0510147617	0.0545949097	0.0562420913
44.00	0.0448901910	0.0495191101	0.0540605434	0.0577864803	0.0594755202
44.10	0.0448901910	0.0495191101	0.0540605434	0.0577864803	0.0594755202
44.20	0.0458243366	0.0504199627	0.0548732306	0.0584504741	0.0599364437
44.30	0.0484892696	0.0533377514	0.0580096188	0.0617401006	0.0632800412
44.40	0.0467740985	0.0513430217	0.0557161184	0.0591540717	0.0604479425
44.50	0.0477385625	0.0522873875	0.0565883785	0.0598965791	0.0610095121
44.60	0.0477385625	0.0522873875	0.0565883785	0.0598965791	0.0610095121
44.70	0.0461424082	0.0504134318	0.0544164981	0.0574332253	0.0583030519
44.80	0.0487167997	0.0532521391	0.0574891535	0.0606772635	0.0616205983
44.90	0.0487167997	0.0532521391	0.0574891535	0.0606772635	0.0616205983
45.00	0.0497078673	0.0542363348	0.0584175573	0.0614953542	0.0622805980
45.10	0.0523680347	0.0571583578	0.0615756161	0.0648322057	0.0657034014
45.20	0.0507108091	0.0552390136	0.0593726763	0.0623500432	0.0629888596
45.30	0.0533681232	0.0581602465	0.0625341989	0.0656967526	0.0664296507
45.40	0.0517246570	0.0562591951	0.0603535696	0.0632404859	0.0637446836
45.50	0.0527484311	0.0572958814	0.0613592705	0.0641658021	0.0645473234
45.60	0.0527484311	0.0572958814	0.0613592705	0.0641658021	0.0645473234
45.70	0.0512222848	0.0555146067	0.0593000960	0.0618329392	0.0619895409
45.80	0.0537811414	0.0583480573	0.0623887871	0.0651250763	0.0653959858
45.90	0.0522680725	0.0565845796	0.0603516572	0.0628180968	0.0628679985
46.00	0.0548217880	0.0594146917	0.0634411033	0.0661173593	0.0662898320
46.10	0.0548217880	0.0594146917	0.0634411033	0.0661173593	0.0662898320
46.20	0.0558693624	0.0604947382	0.0645151793	0.0671416683	0.0672279780
46.30	0.0585022472	0.0634005899	0.0676817549	0.0705251766	0.0707467144
46.40	0.0569228483	0.0615871361	0.0656099535	0.0681969884	0.0682094956
46.50	0.0579812228	0.0626908117	0.0667243423	0.0692822732	0.0692334135
46.60	0.0579812228	0.0626908117	0.0667243423	0.0692822732	0.0692334135
46.70	0.0565171652	0.0609957202	0.0647732618	0.0670774812	0.0668239969
46.80	0.0590434566	0.0638046788	0.0678572421	0.0703964456	0.0702987176
46.90	0.0590434566	0.0638046788	0.0678572421	0.0703964456	0.0702987176
47.00	0.0601085159	0.0649276401	0.0690075298	0.0715383996	0.0714043528
47.10	0.0627095377	0.0678071711	0.0721628873	0.0749355034	0.0749698174
47.20	0.0611753625	0.0660585880	0.0701740637	0.0727070001	0.0725492230
47.30	0.0637667017	0.0689295630	0.0733244350	0.0761051964	0.0761240395
47.40	0.0622429554	0.0671964053	0.0713556851	0.0739010852	0.0737321929
47.50	0.0633102511	0.0683399671	0.0725512187	0.0751194662	0.0749520885
47.60	0.0633102511	0.0683399671	0.0725512187	0.0751194662	0.0749520885
47.70	0.0618996619	0.0667234157	0.0707019595	0.0730380719	0.0726877890
47.80	0.0643762051	0.0694881410	0.0737594743	0.0763609295	0.0762076988
47.90	0.0629752324	0.0678862989	0.0719296995	0.0743034738	0.0739717909
48.00	0.0654397728	0.0706397882	0.0749792474	0.0776242372	0.0774977762
48.10	0.0654397728	0.0706397882	0.0749792474	0.0776242372	0.0774977762
48.20	0.0664999099	0.0717937652	0.0762093204	0.0789081283	0.0788210381
48.30	0.0690325939	0.0746100364	0.0793214051	0.0822974238	0.0824277846
48.40	0.0675555742	0.0729489242	0.0774484642	0.0802113204	0.0801761680
48.50	0.0686057257	0.0741041141	0.0786954385	0.0815325100	0.0815618169
48.60	0.0686057257	0.0741041141	0.0786954385	0.0815325100	0.0815618169
48.70	0.0672395522	0.0725575919	0.0769403428	0.0795678509	0.0794366934
48.80	0.0696493281	0.0752581823	0.0799489937	0.0828703744	0.0829766040
48.90	0.0696493281	0.0752581823	0.0799489937	0.0828703744	0.0829766040
49.00	0.0706853498	0.0764099749	0.0812078716	0.0842235726	0.0844191185
49.10	0.0731589991	0.0791682089	0.0842731129	0.0875880171	0.0880327333
49.20	0.0717127644	0.0775583381	0.0824708067	0.0855907468	0.0858879209
49.30	0.0741700095	0.0803000984	0.0855220735	0.0889464626	0.0895005526
49.40	0.0727305518	0.0787021196	0.0837365272	0.0869705231	0.0873815440
49.50	0.0737376995	0.0798401690	0.0850037566	0.0883615135	0.0888984945
49.60	0.0737376995	0.0798401690	0.0850037566	0.0883615135	0.0888984945
49.70	0.0724067306	0.0783545892	0.0833340837	0.0865052425	0.0869042176
49.80	0.0747332030	0.0809713392	0.0862712144	0.0897623166	0.0904372542
49.90	0.0734081750	0.0794968280	0.0846175042	0.0879265967	0.0884679611
50.00	0.0757160669	0.0820944877	0.0875376175	0.0911715191	0.0919962816
50.10	0.0757160669	0.0820944877	0.0875376175	0.0911715191	0.0919962816
50.20	0.0766853062	0.0832084772	0.0888016812	0.0925876974	0.0935740133
50.30	0.0790509708	0.0858562973	0.0917695427	0.0958844849	0.0971650290
50.40	0.0776399464	0.0843121767	0.0900621208	0.0940094181	0.0951688654
50.50	0.0785790252	0.0854044629	0.0913176524	0.0954352404	0.0967792348
50.60	0.0785790252	0.0854044629	0.0913176524	0.0954352404	0.0967792348
50.70	0.0772741644	0.0839704624	0.0897238986	0.0936776619	0.0949054385
50.80	0.0795015928	0.0864842208	0.0925669940	0.0968637164	0.0984035011
50.90	0.0795015928	0.0864842208	0.0925669940	0.0968637164	0.0984035011
51.00	0.0804067133	0.0875503451	0.0938088671	0.0982933933	0.1000400277
51.10	0.0826881201	0.0901095060	0.0966939606	0.1015246192	0.1035932767
51.20	0.0812934650	0.0886017410	0.0950419977	0.0997228141	0.1016871636
51.30	0.0835523578	0.0911369264	0.0979042128	0.1029350974	0.1052280857
51.40	0.0821609416	0.0896373250	0.0962651172	0.1011505193	0.1033432446
51.50	0.0830082530	0.0906560266	0.0974769639	0.1025750483	0.1050065952
51.60	0.0830082530	0.0906560266	0.0974769639	0.1025750483	0.1050065952
51.70	0.0817207844	0.0892642650	0.0959491942	0.1009054795	0.1032412708
51.80	0.0838345259	0.0916567884	0.0986762840	0.1039949403	0.1066755301
51.90	0.0825495411	0.0902723764	0.0971605044	0.1023416310	0.1049303440
52.00	0.0846389049	0.0926385678	0.0998618330	0.1054087361	0.1083483554
52.10	0.0846389049	0.0926385678	0.0998618330	0.1054087361	0.1083483554
52.20	0.0854205532	0.0936003374	0.1010323765	0.1068149795	0.1100233708
52.30	0.0875587258	0.0960052762	0.1037674533	0.1099174122	0.1134852551
52.40	0.0861786532	0.0945410865	0.1021866916	0.1082122182	0.1116988706
52.50	0.0869124074	0.0954598216	0.1033235679	0.1095990054	0.1133731455
52.60	0.0869124074	0.0954598216	0.1033235679	0.1095990054	0.1133731455
52.70	0.0856342469	0.0941012736	0.1018517490	0.1080061523	0.1117030658
52.80	0.0876210393	0.0963555675	0.1044418087	0.1109739015	0.1150444844
52.90	0.0876210393	0.0963555675	0.1044418087	0.1109739015	0.1150444844
53.00	0.0883037937	0.0972273682	0.1055402320	0.1123354747	0.1167111756
53.10	0.0903363569	0.0995163687	0.1081588801	0.1153322259	0.1200890135
53.20	0.0889599377	0.0980742877	0.1066176717	0.1136823028	0.1183715086
53.30	0.0909649567	0.1003327819	0.1092052627	0.1166502287	0.1217254732
53.40	0.0895887615	0.0988954109	0.1076729788	0.1150129746	0.1200237759
53.50	0.0901895786	0.0996898447	0.1087050221	0.1163260909	0.1216662742
53.60	0.0901895786	0.0996898447	0.1087050221	0.1163260909	0.1216662742
53.70	0.0889135060	0.0983560786	0.1072793506	0.1147984301	0.1200774385
53.80	0.0907617270	0.1004567185	0.1097126896	0.1176202660	0.1232973062
53.90	0.0894852965	0.0991269675	0.1082951139	0.1161042676	0.1217230032
54.00	0.0913045692	0.1011951850	0.1106948895	0.1188941290	0.1249151822
54.10	0.0913045692	0.1011951850	0.1106948895	0.1188941290	0.1249151822
54.20	0.0918174935	0.1019044212	0.1116505510	0.1201463249	0.1265182215
54.30	0.0936786848	0.1040019957	0.1140718324	0.1229562335	0.1297359846
54.40	0.0922999139	0.1025836293	0.1125786254	0.1213755161	0.1281047542
54.50	0.0927512712	0.1032320370	0.1134780872	0.1225803836	0.1296731227
54.60	0.0927512712	0.1032320370	0.1134780872	0.1225803836	0.1296731227
54.70	0.0927512712	0.1032320370	0.1134780872	0.1225803836	0.1296731227
54.80	0.0931710332	0.1038488984	0.1143479350	0.1237596279	0.1312216832
54.90	0.0931710332	0.1038488984	0.1143479350	0.1237596279	0.1312216832
55.00	0.0935586952	0.1044334950	0.1151871923	0.1249119707	0.1327488071
55.10	0.0939137806	0.1049851361	0.1159949086	0.1260361559	0.1342528828
55.20	0.0939137806	0.1049851361	0.1159949086	0.1260361559	0.1342528828
55.30	0.0956224414	0.1069093171	0.1182329352	0.1286661222	0.1373072976
55.40	0.0942358413	0.1055031593	0.1167701603	0.1271309505	0.1357323171
55.50	0.0945244584	0.1059869316	0.1175120514	0.1281951465	0.1371855366
55.60	0.0945244584	0.1059869316	0.1175120514	0.1281951465	0.1371855366
55.70	0.0945244584	0.1059869316	0.1175120514	0.1281951465	0.1371855366
55.80	0.0947792420	0.1064358495	0.1182197143	0.1292275610	0.1386109893
55.90	0.0934878849	0.1051314589	0.1168641774	0.1278040413	0.1371507064
56.00	0.0949998321	0.1068493399	0.1188923111	0.1302270383	0.1400071460
56.10	0.0937060855	0.1055462218	0.1175412672	0.1288104859	0.1385552128
56.20	0.0951858987	0.1072268606	0.1195290338	0.1311924504	0.1413725017
56.30	0.0967354727	0.1089674190	0.1215690624	0.1336225509	0.1442380755
56.40	0.0953371423	0.1075679008	0.1201291053	0.1321226980	0.1427055772
56.50	0.0954532941	0.1078719813	0.1206917804	0.1330167121	0.1440049202
56.60	0.0954532941	0.1078719813	0.1206917804	0.1330167121	0.1440049202
56.70	0.0954532941	0.1078719813	0.1206917804	0.1330167121	0.1440049202
56.80	0.0955341162	0.1081386556	0.1212163461	0.1338734546	0.1452691069
56.90	0.0955341162	0.1081386556	0.1212163461	0.1338734546	0.1452691069
57.00	0.0955794018	0.1083675098	0.1217021224	0.1346919191	0.1464967433
57.10	0.0955889758	0.1085581631	0.1221484633	0.1354711325	0.1476864664
57.20	0.0955889758	0.1085581631	0.1221484633	0.1354711325	0.1476864664
57.30	0.0969751872	0.1101073160	0.1239782377	0.1376838269	0.1503398552
57.40	0.0955626944	0.1087102685	0.1225547567	0.1362101553	0.1488369458
57.50	0.0955004458	0.1088235126	0.1229204259	0.1369080827	0.1499468844
57.60	0.0955004458	0.1088235126	0.1229204259	0.1369080827	0.1499468844
57.70	0.0955004458	0.1088235126	0.1229204259	0.1369080827	0.1499468844
57.80	0.0954021501	0.1088976165	0.1232449294	0.1375640456	0.1510150202
57.90	0.0940830870	0.1075989802	0.1219233930	0.1361941782	0.1496153954
58.00	0.0952677592	0.1089323356	0.1235277618	0.1381772114	0.1520401274
58.10	0.0939456874	0.1076336494	0.1222085087	0.1368109571	0.1506439684
58.20	0.0950972572	0.1089274603	0.1237684543	0.1387467847	0.1530210170
58.30	0.0963182017	0.1102800284	0.1253784450	0.1407272564	0.1554414827
58.40	0.0948906603	0.1088828159	0.1239665751	0.1392720080	0.1539565389
58.50	0.0946480168	0.1087982627	0.1241217296	0.1397521626	0.1548455821
58.60	0.0946480168	0.1087982627	0.1241217296	0.1397521626	0.1548455821
58.70	0.0946480168	0.1087982627	0.1241217296	0.1397521626	0.1548455821
58.80	0.0943694073	0.1086736967	0.1242335613	0.1401865694	0.1556870763
58.90	0.0943694073	0.1086736967	0.1242335613	0.1401865694	0.1556870763
59.00	0.0940549441	0.1085090492	0.1243017519	0.1405745893	0.1564799927
59.10	0.0937047719	0.1083042871	0.1243260214	0.1409156238	0.1572233452
59.20	0.0937047719	0.1083042871	0.1243260214	0.1409156238	0.1572233452
59.30	0.0947609610	0.1094578023	0.1257096161	0.1426520715	0.1593931663
59.40	0.0933190670	0.1080594130	0.1243061289	0.1412091160	0.1579161910
59.50	0.0928980378	0.1077744651	0.1242418723	0.1414545507	0.1585576319
59.60	0.0928980378	0.1077744651	0.1242418723	0.1414545507	0.1585576319
59.70	0.0928980378	0.1077744651	0.1242418723	0.1414545507	0.1585576319
59.80	0.0924419240	0.1074495176	0.1241330892	0.1416514552	0.1591468150
59.90	0.0910946155	0.1061491586	0.1228291817	0.1403073030	0.1577645020
60.00	0.0919509969	0.1070846800	0.1239796564	0.1417993997	0.1596829334
60.10	0.0906013198	0.1057842444	0.1226771338	0.1404568165	0.1583005191
60.20	0.0914255590	0.1066800977	0.1237814906	0.1418979977	0.1601652273
60.30	0.0923199188	0.1076348603	0.1249351303	0.1433818714	0.1620700548
60.40	0.0908659439	0.1062359515	0.1235385481	0.1419469065	0.1605929844
60.50	0.0902725157	0.1057524577	0.1232508252	0.1419458274	0.1609655410
60.60	0.0902725157	0.1057524577	0.1232508252	0.1419458274	0.1609655410
60.70	0.0902725157	0.1057524577	0.1232508252	0.1419458274	0.1609655410
60.80	0.0896456692	0.1052298678	0.1229183582	0.1418945063	0.1612822822
60.90	0.0896456692	0.1052298678	0.1229183582	0.1418945063	0.1612822822
61.00	0.0889858290	0.1046684683	0.1225412232	0.1417927335	0.1615426429
61.10	0.0882934498	0.1040685808	0.1221195365	0.1416403446	0.1617461084
61.20	0.0882934498	0.1040685808	0.1221195365	0.1416403446	0.1617461084
61.30	0.0890312719	0.1048276643	0.1230427951	0.1428665214	0.1633752578
61.40	0.0875690155	0.1034305612	0.1216534540	0.1414372203	0.1618922144
61.50	0.0868130388	0.1027548001	0.1211431716	0.1411832865	0.1619805481
61.60	0.0868130388	0.1027548001	0.1211431716	0.1411832865	0.1619805481
61.70	0.0868130388	0.1027548001	0.1211431716	0.1411832865	0.1619805481
61.80	0.0860260613	0.1020417218	0.1205889248	0.1408785146	0.1620107484
61.90	0.0846624472	0.1007453718	0.1193001195	0.1395465914	0.1606176832
62.00	0.0852086526	0.1012917845	0.1199909886	0.1405229216	0.1619825063
62.10	0.0838445194	0.0999966557	0.1187041144	0.1391921023	0.1605875264
62.20	0.0843614097	0.1005054796	0.1193496774	0.1401165701	0.1618955650
62.30	0.0849502573	0.1010746828	0.1200452818	0.1410834656	0.1632422392
62.40	0.0834849570	0.0996833314	0.1186653445	0.1396595682	0.1617497207
62.50	0.0825799455	0.0988258969	0.1179383821	0.1391520695	0.1615448224
62.60	0.0825799455	0.0988258969	0.1179383821	0.1391520695	0.1615448224
62.70	0.0825799455	0.0988258969	0.1179383821	0.1391520695	0.1615448224
62.80	0.0816470519	0.0979337650	0.1171692211	0.1385942732	0.1612807723
62.90	0.0816470519	0.0979337650	0.1171692211	0.1385942732	0.1612807723
63.00	0.0806869788	0.0970075560	0.1163583304	0.1379864238	0.1609575260
63.10	0.0797004534	0.0960479216	0.1155062166	0.1373288110	0.1605750924
63.20	0.0797004534	0.0960479216	0.1155062166	0.1373288110	0.1605750924
63.30	0.0801500233	0.0964356693	0.1159800085	0.1380384241	0.1616365293
63.40	0.0786882273	0.0950555436	0.1146134239	0.1366217693	0.1601335339
63.50	0.0776510755	0.0940311340	0.1136805335	0.1358656782	0.1596329666
63.60	0.0776510755	0.0940311340	0.1136805335	0.1358656782	0.1596329666
63.70	0.0776510755	0.0940311340	0.1136805335	0.1358656782	0.1596329666
63.80	0.0765897962	0.0929754341	0.1127081629	0.1350609615	0.1590735597
63.90	0.0752332092	0.0917016549	0.1114463836	0.1337441300	0.1576604739
64.00	0.0755052098	0.0918892138	0.1116969657	0.1342080872	0.1584555360
64.10	0.0741509843	0.0906191598	0.1104390791	0.1328935633	0.1570407166
64.20	0.0743981582	0.0907732711	0.1106476309	0.1333075669	0.1577791716
64.30	0.0747201015	0.0909904650	0.1109084695	0.1337654567	0.1585567148
64.40	0.0732695041	0.0896284314	0.1095608826	0.1323599558	0.1570447954
64.50	0.0721201304	0.0884555468	0.1084374789	0.1313658519	0.1562527891
64.60	0.0721201304	0.0884555468	0.1084374789	0.1313658519	0.1562527891
64.70	0.0721201304	0.0884555468	0.1084374789	0.1313658519	0.1562527891
64.80	0.0709509395	0.0872554955	0.1072782117	0.1303258955	0.1554035873
64.90	0.0709509395	0.0872554955	0.1072782117	0.1303258955	0.1554035873
65.00	0.0697628519	0.0860291806	0.1060839059	0.1292407692	0.1544976763
65.10	0.0685568063	0.0847775299	0.1048554187	0.1281111965	0.1535355945
65.20	0.0685568063	0.0847775299	0.1048554187	0.1281111965	0.1535355945
65.30	0.0687645130	0.0848373537	0.1049150270	0.1283263917	0.1540346839
65.40	0.0673337583	0.0835014948	0.1035936389	0.1269379420	0.1525179317
65.50	0.0660946795	0.0822020496	0.1022994861	0.1257218105	0.1514453286
65.60	0.0660946795	0.0822020496	0.1022994861	0.1257218105	0.1514453286
65.70	0.0660946795	0.0822020496	0.1022994861	0.1257218105	0.1514453286
65.80	0.0648405568	0.0808801905	0.1009739101	0.1244636458	0.1503184761
65.90	0.0635234088	0.0796585673	0.0997645040	0.1231811675	0.1488963207
66.00	0.0635723916	0.0795369350	0.0996178897	0.1231643311	0.1491381151
66.10	0.0622612247	0.0783224932	0.0984155626	0.1218869345	0.1477164213
66.20	0.0622911990	0.0781733209	0.0982324323	0.1218247872	0.1479050360
66.30	0.0623995489	0.0780910024	0.0981051898	0.1218096300	0.1481351187
66.40	0.0609980067	0.0767904052	0.0968185730	0.1204459723	0.1466200772
66.50	0.0596938541	0.0753892637	0.0953773734	0.1190288811	0.1452841256
66.60	0.0596938541	0.0753892637	0.0953773734	0.1190288811	0.1452841256
66.70	0.0596938541	0.0753892637	0.0953773734	0.1190288811	0.1452841256
66.80	0.0583797918	0.0739709896	0.0939099210	0.1175745438	0.1438981149
66.90	0.0583797918	0.0739709896	0.0939099210	0.1175745438	0.1438981149
67.00	0.0570568800	0.0725366927	0.0924173282	0.1160840254	0.1424630251
67.10	0.0557261883	0.0710874986	0.0909007312	0.1145584249	0.1409798820
67.20	0.0557261883	0.0710874986	0.0909007312	0.1145584249	0.1409798820
67.30	0.0557512756	0.0708800348	0.0906034184	0.1143283527	0.1409542467
67.40	0.0543887944	0.0696245477	0.0893612892	0.1129988739	0.1394497560
67.50	0.0530457832	0.0681489938	0.0878001835	0.1114065363	0.1378737611
67.60	0.0530457832	0.0681489938	0.0878001835	0.1114065363	0.1378737611
67.70	0.0530457832	0.0681489938	0.0878001835	0.1114065363	0.1378737611
67.80	0.0516982458	0.0666620038	0.0862186161	0.1097826068	0.1362530542
67.90	0.0504586954	0.0655300732	0.0850977820	0.1085683326	0.1348521905
68.00	0.0503472787	0.0651647561	0.0846178091	0.1081283099	0.1345888343
68.10	0.0491176898	0.0640440484	0.0835081310	0.1069231831	0.1331924390
68.20	0.0489939827	0.0636584399	0.0829990034	0.1064448991	0.1328823408
68.30	0.0489528186	0.0633442905	0.0825505017	0.1060181682	0.1326178768
68.40	0.0476394621	0.0621442541	0.0813634577	0.1047336559	0.1311348532
68.50	0.0462848237	0.0606234062	0.0797124474	0.1029958882	0.1293476893
68.60	0.0462848237	0.0606234062	0.0797124474	0.1029958882	0.1293476893
68.70	0.0462848237	0.0606234062	0.0797124474	0.1029958882	0.1293476893
68.80	0.0449311756	0.0590971114	0.0780472636	0.1012329297	0.1275222048
68.90	0.0449311756	0.0590971114	0.0780472636	0.1012329297	0.1275222048
69.00	0.0435796267	0.0575665913	0.0763692118	0.0994461386	0.1256597914
69.10	0.0422312852	0.0560330730	0.0746796110	0.0976368961	0.1237618762
69.20	0.0422312852	0.0560330730	0.0746796110	0.0976368961	0.1237618762
69.30	0.0421414855	0.0556318285	0.0741005659	0.0970342537	0.1232787641
69.40	0.0408872579	0.0544977883	0.0729797923	0.0958066058	0.1218299201
69.50	0.0395486496	0.0529619721	0.0712710980	0.0939566921	0.1198654167
69.60	0.0395486496	0.0529619721	0.0712710980	0.0939566921	0.1198654167
69.70	0.0395486496	0.0529619721	0.0712710980	0.0939566921	0.1198654167
69.80	0.0382165612	0.0514268616	0.0695548803	0.0920885988	0.1178698910
69.90	0.0370944682	0.0504260571	0.0685657895	0.0909874634	0.1165371189
70.00	0.0368920899	0.0498936954	0.0678325001	0.0902037884	0.1158448980
70.10	0.0357838698	0.0489082950	0.0668590859	0.0891167252	0.1145220054
70.20	0.0355763271	0.0483637121	0.0661053260	0.0883037404	0.1137920212
70.30	0.0354557913	0.0478957440	0.0654177791	0.0875480510	0.1131133614
70.40	0.0342703584	0.0468381494	0.0643747329	0.0863899502	0.1117128718
70.50	0.0329752621	0.0453182429	0.0626421010	0.0844639278	0.1096090866
70.60	0.0329752621	0.0453182429	0.0626421010	0.0844639278	0.1096090866
70.70	0.0329752621	0.0453182429	0.0626421010	0.0844639278	0.1096090866
70.80	0.0316921084	0.0438052254	0.0609088145	0.0825271963	0.1074823269
70.90	0.0316921084	0.0438052254	0.0609088145	0.0825271963	0.1074823269
71.00	0.0304219584	0.0423003253	0.0591762603	0.0805812909	0.1053342773
71.10	0.0291658634	0.0408047658	0.0574458270	0.0786277573	0.1031666436
71.20	0.0291658634	0.0408047658	0.0574458270	0.0786277573	0.1031666436
71.30	0.0290324516	0.0402908656	0.0566728262	0.0777435928	0.1023180293
71.40	0.0279248639	0.0393197640	0.0557189036	0.0766681504	0.1009811520
71.50	0.0266999882	0.0378465294	0.0539968784	0.0747040332	0.0987795470
71.60	0.0266999882	0.0378465294	0.0539968784	0.0747040332	0.0987795470
71.70	0.0266999882	0.0378465294	0.0539968784	0.0747040332	0.0987795470
71.80	0.0254922525	0.0363862634	0.0522811374	0.0727369750	0.0965635903
71.90	0.0245247914	0.0355572531	0.0514691050	0.0718001183	0.0953572861
72.00	0.0243026589	0.0349401577	0.0505730638	0.0707685504	0.0943350592
72.10	0.0233524715	0.0341303890	0.0497811540	0.0698510032	0.0931448758
72.20	0.0231321954	0.0335093936	0.0488740360	0.0688003378	0.0920957445
72.30	0.0230034101	0.0329704086	0.0480392308	0.0678135381	0.0911047904
72.40	0.0219818346	0.0320951410	0.0471854269	0.0668339181	0.0898474500
72.50	0.0208525330	0.0306985572	0.0455086028	0.0648708731	0.0875919898
72.60	0.0208525330	0.0306985572	0.0455086028	0.0648708731	0.0875919898
72.70	0.0208525330	0.0306985572	0.0455086028	0.0648708731	0.0875919898
72.80	0.0197452298	0.0293207859	0.0438449218	0.0629127843	0.0853311874
72.90	0.0197452298	0.0293207859	0.0438449218	0.0629127843	0.0853311874
73.00	0.0186608469	0.0279629564	0.0421957328	0.0609612317	0.0830668738
73.10	0.0176002871	0.0266261824	0.0405623745	0.0590177919	0.0808008862
73.20	0.0176002871	0.0266261824	0.0405623745	0.0590177919	0.0808008862
73.30	0.0174929671	0.0260826553	0.0396896050	0.0579550065	0.0796967211
73.40	0.0165644341	0.0253115612	0.0389461740	0.0570840373	0.0785350659
73.50	0.0155541512	0.0240201725	0.0373484456	0.0551615343	0.0762712572
73.60	0.0155541512	0.0240201725	0.0373484456	0.0551615343	0.0762712572
73.70	0.0155541512	0.0240201725	0.0373484456	0.0551615343	0.0762712572
73.80	0.0145702809	0.0227530778	0.0357704900	0.0532518422	0.0740113054
73.90	0.0137876219	0.0221309286	0.0351776478	0.0525308128	0.0729951204
74.00	0.0136136440	0.0215113191	0.0342135928	0.0513565116	0.0717570553
74.10	0.0128507361	0.0209114301	0.0336447035	0.0506597317	0.0707633749
74.20	0.0126850389	0.0202959184	0.0326790236	0.0494770834	0.0695103497
74.30	0.0126150706	0.0197677388	0.0317919121	0.0483653033	0.0683230847
74.40	0.0117852409	0.0191078765	0.0311680348	0.0476150871	0.0672730275
74.50	0.0109150014	0.0179481721	0.0296818605	0.0457720394	0.0650469224
74.60	0.0109150014	0.0179481721	0.0296818605	0.0457720394	0.0650469224
74.70	0.0109150014	0.0179481721	0.0296818605	0.0457720394	0.0650469224
74.80	0.0100750476	0.0168177612	0.0282217154	0.0439494434	0.0628338611
74.90	0.0100750476	0.0168177612	0.0282217154	0.0439494434	0.0628338611
75.00	0.0092660814	0.0157175761	0.0267887940	0.0421487869	0.0606356616
75.10	0.0084887791	0.0146485246	0.0253842690	0.0403715409	0.0584541318
75.20	0.0084887791	0.0146485246	0.0253842690	0.0403715409	0.0584541318
75.30	0.0084708315	0.0141545990	0.0245058223	0.0392376303	0.0572143154
75.40	0.0077437909	0.0136114891	0.0240092909	0.0386191587	0.0562910679
75.50	0.0070317399	0.0126073263	0.0226649866	0.0368930746	0.0541482527
75.60	0.0070317399	0.0126073263	0.0226649866	0.0368930746	0.0541482527
75.70	0.0070317399	0.0126073263	0.0226649866	0.0368930746	0.0541482527
75.80	0.0063532219	0.0116368656	0.0213524586	0.0351947024	0.0520274538
75.90	0.0057746811	0.0112464901	0.0210124311	0.0347352874	0.0512631634
76.00	0.0057088047	0.0107009093	0.0200727840	0.0335254342	0.0499304228
76.10	0.0051512248	0.0103345706	0.0197594115	0.0330942961	0.0491944270
76.20	0.0050990279	0.0098002314	0.0188270132	0.0318866396	0.0478588928
76.30	0.0051463170	0.0093581790	0.0179792439	0.0307568777	0.0465969640
76.40	0.0045244021	0.0089355767	0.0176161698	0.0302796638	0.0458145775
76.50	0.0039854085	0.0081076608	0.0164412490	0.0287058270	0.0437991696
76.60	0.0039854085	0.0081076608	0.0164412490	0.0287058270	0.0437991696
76.70	0.0039854085	0.0081076608	0.0164412490	0.0287058270	0.0437991696
76.80	0.0034824985	0.0073171691	0.0153032167	0.0271664229	0.0418143390
76.90	0.0034824985	0.0073171691	0.0153032167	0.0271664229	0.0418143390
77.00	0.0030160936	0.0065647558	0.0142030093	0.0256627179	0.0398617318
77.10	0.0025865846	0.0058510444	0.0131415323	0.0241959496	0.0379429684
77.20	0.0025865846	0.0058510444	0.0131415323	0.0241959496	0.0379429684
77.30	0.0027106720	0.0054769239	0.0123451067	0.0230955909	0.0366887196
77.40	0.0021943314	0.0051766260	0.0121196597	0.0227673258	0.0360596422
77.50	0.0018396628	0.0045420594	0.0111382331	0.0213780240	0.0342133183
77.60	0.0018396628	0.0045420594	0.0111382331	0.0213780240	0.0342133183
77.70	0.0018396628	0.0045420594	0.0111382331	0.0213780240	0.0342133183
77.80	0.0015228762	0.0039478707	0.0101980613	0.0200291893	0.0324055323
77.90	0.0011539054	0.0038001902	0.0101311523	0.0198654554	0.0319457104
78.00	0.0012442371	0.0033945525	0.0092999194	0.0187219345	0.0306377882
78.10	0.0008959264	0.0032711146	0.0092608049	0.0185890306	0.0302107423
78.20	0.0010039792	0.0028825635	0.0084445478	0.0174573383	0.0289115581
78.30	0.0012146082	0.0025906375	0.0077184675	0.0164102017	0.0276936195
78.40	0.0008023039	0.0024123285	0.0076326523	0.0162364449	0.0272282799
78.50	0.0006393804	0.0019842374	0.0068649025	0.0150602627	0.0255893568
78.60	0.0006393804	0.0019842374	0.0068649025	0.0150602627	0.0255893568
78.70	0.0006393804	0.0019842374	0.0068649025	0.0150602627	0.0255893568
78.80	0.0005153453	0.0015986454	0.0061419323	0.0139297635	0.0239961556
78.90	0.0005153453	0.0015986454	0.0061419323	0.0139297635	0.0239961556
79.00	0.0004303026	0.0012558725	0.0054643384	0.0128458821	0.0224500057
79.10	0.0003843237	0.0009562032	0.0048326804	0.0118095146	0.0209521978
79.20	0.0003843237	0.0009562032	0.0048326804	0.0118095146	0.0209521978
79.30	0.0006892966	0.0007587432	0.0041940040	0.0108376085	0.0197975529
79.40	0.0003774471	0.0006998860	0.0042474800	0.0108215185	0.0195039828
79.50	0.0004096786	0.0004871339	0.0037092206	0.0098827113	0.0181065708
79.60	0.0004096786	0.0004871339	0.0037092206	0.0098827113	0.0181065708
79.70	0.0004096786	0.0004871339	0.0037092206	0.0098827113	0.0181065708
79.80	0.0004809912	0.0003181233	0.0032183470	0.0089938702	0.0167611299
79.90	0.0003112988	0.0004073247	0.0034277051	0.0091429896	0.0166423473
80.00	0.0005913250	0.0001929946	0.0027752649	0.0081557312	0.0154687851
80.10	0.0004403644	0.0003048712	0.0030116802	0.0083363056	0.0153853254
80.20	0.0007405875	0.0001118517	0.0023803404	0.0073689884	0.0142306176
80.30	0.0011456858	0.0000189898	0.0018439505	0.0064921806	0.0131641614
80.40	0.0009286535	0.0000747619	0.0020339000	0.0066342938	0.0130476634
80.50	0.0011553654	0.0000817561	0.0017362301	0.0059522560	0.0119209128
80.60	0.0011553654	0.0000817561	0.0017362301	0.0059522560	0.0119209128
80.70	0.0011553654	0.0000817561	0.0017362301	0.0059522560	0.0119209128
80.80	0.0014205329	0.0001328284	0.0014875770	0.0053234405	0.0108513094
80.90	0.0014205329	0.0001328284	0.0014875770	0.0053234405	0.0108513094
81.00	0.0017239338	0.0002279364	0.0012881461	0.0047483685	0.0098397490
81.10	0.0020653137	0.0003670012	0.0011381025	0.0042275168	0.0088870791
81.20	0.0020653137	0.0003670012	0.0011381025	0.0042275168	0.0088870791
81.30	0.0025742637	0.0003866278	0.0007165228	0.0034632541	0.0079312265
81.40	0.0024443863	0.0005499073	0.0010375701	0.0037613174	0.0079940981
81.50	0.0028608339	0.0007765029	0.0009866322	0.0033501570	0.0071615547
81.60	0.0028608339	0.0007765029	0.0009866322	0.0033501570	0.0071615547
81.70	0.0028608339	0.0007765029	0.0009866322	0.0033501570	0.0071615547
81.80	0.0033143076	0.0010465998	0.0009853309	0.0029943767	0.0063901467
81.90	0.0033173104	0.0013487669	0.0014544788	0.0034527471	0.0066273496
82.00	0.0038044272	0.0013599740	0.0010336673	0.0026942716	0.0056805212
82.10	0.0038226284	0.0016814219	0.0015270978	0.0031824937	0.0059531853
82.20	0.0043307821	0.0017163653	0.0011316013	0.0024500907	0.0050332734
82.30	0.0049452641	0.0018540776	0.0008348663	0.0018131749	0.0042076266
82.40	0.0048929314	0.0021154780	0.0012790521	0.0022620366	0.0044489461
82.50	0.0054904043	0.0025569809	0.0014758975	0.0021302655	0.0039280298
82.60	0.0054904043	0.0025569809	0.0014758975	0.0021302655	0.0039280298
82.70	0.0054904043	0.0025569809	0.0014758975	0.0021302655	0.0039280298
82.80	0.0061227003	0.0030405078	0.0017219749	0.0020548866	0.0034709615
82.90	0.0061227003	0.0030405078	0.0017219749	0.0020548866	0.0034709615
83.00	0.0067892903	0.0035656576	0.0020170808	0.0020359625	0.0030781249
83.10	0.0074896161	0.0041319947	0.0023609712	0.0020735089	0.0027498496
83.20	0.0074896161	0.0041319947	0.0023609712	0.0020735089	0.0027498496
83.30	0.0082093183	0.0043910943	0.0021965512	0.0015759327	0.0020709311
83.40	0.0082230918	0.0047390497	0.0027533616	0.0021674946	0.0024864113
83.50	0.0089891037	0.0053863193	0.0031939279	0.0023178418	0.0022880310
83.60	0.0089891037	0.0053863193	0.0031939279	0.0023178418	0.0022880310
83.70	0.0089891037	0.0053863193	0.0031939279	0.0023178418	0.0022880310
83.80	0.0097870112	0.0060732669	0.0036823057	0.0025244255	0.0021548754
83.90	0.0099206965	0.0065465501	0.0043743013	0.0032654824	0.0027375033
84.00	0.0106161471	0.0067993235	0.0042180916	0.0027870743	0.0020870561
84.10	0.0107600556	0.0072867698	0.0049295702	0.0035540366	0.0027025994
84.20	0.0114758184	0.0075638875	0.0048008428	0.0031055704	0.0020846303
84.30	0.0122985331	0.0079454274	0.0047736250	0.0027564158	0.0015656854
84.40	0.0123653068	0.0083663258	0.0054300779	0.0034796495	0.0021475998
84.50	0.0132838692	0.0092059740	0.0061052771	0.0039090012	0.0022759119
84.60	0.0132838692	0.0092059740	0.0061052771	0.0039090012	0.0022759119
84.70	0.0132838692	0.0092059740	0.0061052771	0.0039090012	0.0022759119
84.80	0.0142307387	0.0100821373	0.0068258830	0.0043932693	0.0024694587
84.90	0.0142307387	0.0100821373	0.0068258830	0.0043932693	0.0024694587
85.00	0.0152051249	0.0109940907	0.0075913005	0.0049320523	0.0027280779
85.10	0.0162062149	0.0119410799	0.0084008981	0.0055249033	0.0030515523
85.20	0.0162062149	0.0119410799	0.0084008981	0.0055249033	0.0030515523
85.30	0.0171279740	0.0124439592	0.0085132230	0.0053303040	0.0027024264
85.40	0.0172331737	0.0129223220	0.0092540076	0.0061713309	0.0034396104
85.50	0.0182851451	0.0139370060	0.0101499254	0.0068707990	0.0038919264
85.60	0.0182851451	0.0139370060	0.0101499254	0.0068707990	0.0038919264
85.70	0.0182851451	0.0139370060	0.0101499254	0.0068707990	0.0038919264
85.80	0.0193612528	0.0149842937	0.0110879127	0.0076227280	0.0044081207
85.90	0.0195704080	0.0155706459	0.0119462685	0.0085967009	0.0052983692
86.00	0.0204606003	0.0160633203	0.0120671962	0.0084264949	0.0049877602
86.10	0.0206738545	0.0166572514	0.0129383990	0.0094201710	0.0059056483
86.20	0.0215822724	0.0171731951	0.0130869691	0.0092814338	0.0056303585
86.30	0.0225975194	0.0177942981	0.0133387212	0.0092446019	0.0054574495
86.40	0.0227253361	0.0183130026	0.0141463913	0.0101868366	0.0063353766
86.50	0.0237584881	0.0189572114	0.0144258082	0.0101816922	0.0061981763
86.60	0.0238888406	0.0194818027	0.0152445904	0.0111419537	0.0071022230
86.70	0.0238888406	0.0194818027	0.0152445904	0.0111419537	0.0071022230
86.80	0.0250718190	0.0206786323	0.0163806627	0.0121459946	0.0079302547
86.90	0.0250718190	0.0206786323	0.0163806627	0.0121459946	0.0079302547
87.00	0.0262732887	0.0219025054	0.0175536734	0.0131981284	0.0088187774
87.10	0.0274922523	0.0231524145	0.0187626580	0.0142974849	0.0097670463
87.20	0.0274922523	0.0231524145	0.0187626580	0.0142974849	0.0097670463
87.30	0.0287276986	0.0244273311	0.0200066229	0.0154431551	0.0107742667
87.40	0.0287276986	0.0244273311	0.0200066229	0.0154431551	0.0107742667
87.50	0.0298458628	0.0251836216	0.0204222886	0.0155959057	0.0108164544
87.60	0.0299786034	0.0257262070	0.0212845460	0.0166341919	0.0118395946
87.70	0.0299786034	0.0257262070	0.0212845460	0.0166341919	0.0118395946
87.80	0.0312439303	0.0270479748	0.0225953781	0.0178696113	0.0129621377
87.90	0.0314635762	0.0276763436	0.0235467092	0.0190053035	0.0140955820
88.00	0.0325226318	0.0283915491	0.0239380437	0.0191483930	0.0141409560
88.10	0.0327395034	0.0290198371	0.0248941034	0.0202956174	0.0152942289
88.20	0.0338136501	0.0297558272	0.0253114415	0.0204694814	0.0153750628
88.30	0.0351159181	0.0311396905	0.0267144458	0.0218317863	0.0166634252
88.40	0.0351159181	0.0311396905	0.0267144458	0.0218317863	0.0166634252
88.50	0.0363107982	0.0320011997	0.0272614057	0.0221396133	0.0168840166
88.60	0.0364283603	0.0325420049	0.0281459076	0.0232341843	0.0180049655
88.70	0.0364283603	0.0325420049	0.0281459076	0.0232341843	0.0180049655
88.80	0.0377498934	0.0339616223	0.0296046549	0.0246755194	0.0193985618
88.90	0.0377498934	0.0339616223	0.0296046549	0.0246755194	0.0193985618
89.00	0.0390794281	0.0353973814	0.0310894946	0.0261546041	0.0208430492
89.10	0.0404158691	0.0368481084	0.0325992130	0.0276702206	0.0223372207
89.20	0.0404158691	0.0368481084	0.0325992130	0.0276702206	0.0223372207
89.30	0.0417581165	0.0383126188	0.0341325769	0.0292211215	0.0238798284
89.40	0.0417581165	0.0383126188	0.0341325769	0.0292211215	0.0238798284
89.50	0.0430205668	0.0392711663	0.0348040319	0.0296787727	0.0242747373
89.60	0.0431050670	0.0397897174	0.0356883349	0.0308060316	0.0254695844
89.70	0.0431050670	0.0397897174	0.0356883349	0.0308060316	0.0254695844
89.80	0.0444556144	0.0412782004	0.0372652183	0.0324236481	0.0271051623
89.90	0.0446153706	0.0418689375	0.0382234364	0.0336321417	0.0283937497
90.00	0.0458086507	0.0427768557	0.0388619423	0.0340726425	0.0287851979
90.10	0.0459584849	0.0433592723	0.0398157818	0.0352829959	0.0300836904
90.20	0.0471630673	0.0442844641	0.0404772070	0.0357516614	0.0305082908
90.30	0.0485177555	0.0457998007	0.0421096987	0.0374593277	0.0322730054
90.40	0.0485177555	0.0457998007	0.0421096987	0.0374593277	0.0322730054
90.50	0.0498380506	0.0468461649	0.0428972794	0.0380593804	0.0328352951
90.60	0.0498716082	0.0473216354	0.0437580909	0.0391942419	0.0340778723
90.70	0.0498716082	0.0473216354	0.0437580909	0.0391942419	0.0340778723
90.80	0.0512235199	0.0488487347	0.0454210455	0.0409549834	0.0359213897
90.90	0.0512235199	0.0488487347	0.0454210455	0.0409549834	0.0359213897
91.00	0.0525723886	0.0503798620	0.0470972143	0.0427401115	0.0378020244
91.10	0.0539171161	0.0519137793	0.0487852394	0.0445481669	0.0397182135
91.20	0.0539171161	0.0519137793	0.0487852394	0.0445481669	0.0397182135
91.30	0.0552566093	0.0534492478	0.0504837550	0.0463776728	0.0416683655
91.40	0.0552566093	0.0534492478	0.0504837550	0.0463776728	0.0416683655
91.50	0.0566247215	0.0545734601	0.0513778241	0.0471108390	0.0423885581
91.60	0.0565897810	0.0549850293	0.0521913886	0.0482271364	0.0436508619
91.70	0.0565897810	0.0549850293	0.0521913886	0.0482271364	0.0436508619
91.80	0.0579155509	0.0565198872	0.0539067620	0.0500950499	0.0456640586
91.90	0.0579445778	0.0569900272	0.0547784966	0.0512750644	0.0470012621
92.00	0.0592328465	0.0580525873	0.0556284921	0.0519798922	0.0477062873
92.10	0.0592450398	0.0585061468	0.0564863457	0.0531512043	0.0490419810
92.20	0.0605406041	0.0595818995	0.0573551932	0.0538801299	0.0497758571
92.30	0.0618377696	0.0611065981	0.0590854770	0.0557942187	0.0518710557
92.40	0.0618377696	0.0611065981	0.0590854770	0.0557942187	0.0518710557
92.50	0.0632436479	0.0622982458	0.0600754514	0.0566496838	0.0527374924
92.60	0.0631232996	0.0626254635	0.0608179545	0.0577206051	0.0539901514
92.70	0.0631232996	0.0626254635	0.0608179545	0.0577206051	0.0539901514
92.80	0.0643961622	0.0641372828	0.0625512371	0.0596577272	0.0561313939
92.90	0.0643961622	0.0641372828	0.0625512371	0.0596577272	0.0561313939
93.00	0.0656553377	0.0656408511	0.0642839377	0.0616040165	0.0582930168
93.10	0.0668998199	0.0671349725	0.0660146720	0.0635578992	0.0604732382
93.20	0.0668998199	0.0671349725	0.0660146720	0.0635578992	0.0604732382
93.30	0.0681286166	0.0686184610	0.0677420595	0.0655177971	0.0626702631
93.40	0.0681286166	0.0686184610	0.0677420595	0.0655177971	0.0626702631
93.50	0.0695624600	0.0698669940	0.0688167475	0.0664835860	0.0636695052
93.60	0.0693407508	0.0700901419	0.0694647251	0.0674821299	0.0648822843
93.70	0.0693407508	0.0700901419	0.0694647251	0.0674821299	0.0648822843
93.80	0.0705352611	0.0715488524	0.0711812998	0.0694493157	0.0671074844
93.90	0.0703673708	0.0718178324	0.0718721136	0.0704938002	0.0683752192
94.00	0.0717112028	0.0729934426	0.0728904222	0.0714177728	0.0693440374
94.10	0.0715203073	0.0732381399	0.0735581033	0.0724428103	0.0705981237
94.20	0.0728676490	0.0744227768	0.0745907396	0.0733859211	0.0715901100
94.30	0.0740036906	0.0758357345	0.0762809093	0.0753521832	0.0738438637
94.40	0.0740036906	0.0758357345	0.0762809093	0.0753521832	0.0738438637
94.50	0.0754562099	0.0771307666	0.0774288507	0.0764155420	0.0749611258
94.60	0.0751184380	0.0772312107	0.0779595994	0.0773149861	0.0761034559
94.70	0.0751184380	0.0772312107	0.0779595994	0.0773149861	0.0761034559
94.80	0.0762110213	0.0786081179	0.0796254903	0.0792727624	0.0783670419
94.90	0.0762110213	0.0786081179	0.0796254903	0.0792727624	0.0783670419
95.00	0.0772805910	0.0799653862	0.0812772758	0.0812239518	0.0806327763
95.10	0.0783263192	0.0813019643	0.0829136641	0.0831670020	0.0828988147
95.20	0.0783263192	0.0813019643	0.0829136641	0.0831670020	0.0828988147
95.30	0.0793473999	0.0826168210	0.0845333788	0.0851003708	0.0851633156
95.40	0.0793473999	0.0826168210	0.0845333788	0.0851003708	0.0851633156
95.50	0.0808100620	0.0839484205	0.0857431837	0.0862481580	0.0863829194
95.60	0.0803430498	0.0839089454	0.0861351604	0.0870225269	0.0874244415
95.70	0.0803430498	0.0839089454	0.0861351604	0.0870225269	0.0874244415
95.80	0.0813125088	0.0851773481	0.0877177670	0.0889319512	0.0896803607
95.90	0.0808910179	0.0851726988	0.0881386604	0.0897353772	0.0907570999
96.00	0.0822550413	0.0864210620	0.0892799754	0.0908271385	0.0919292492
96.10	0.0818055685	0.0863855348	0.0896693813	0.0916009355	0.0929803302
96.20	0.0831699359	0.0876391432	0.0908205827	0.0927065984	0.0941692920
96.30	0.0840565067	0.0888306716	0.0923384063	0.0945688570	0.0963986848
96.40	0.0840565067	0.0888306716	0.0923384063	0.0945688570	0.0963986848
96.50	0.0855217554	0.0901896325	0.0935990818	0.0957879318	0.0977045233
96.60	0.0849140936	0.0899947517	0.0938322860	0.0964124578	0.0986156355
96.70	0.0849140936	0.0899947517	0.0938322860	0.0964124578	0.0986156355
96.80	0.0857420628	0.0911305138	0.0953010842	0.0982359631	0.1008183658
96.90	0.0857420628	0.0911305138	0.0953010842	0.0982359631	0.1008183658
97.00	0.0865398076	0.0922371141	0.0967436874	0.1000379554	0.1030051129
97.10	0.0873067487	0.0933137359	0.0981590066	0.1018170383	0.1051741308
97.20	0.0873067487	0.0933137359	0.0981590066	0.1018170383	0.1051741308
97.30	0.0880423347	0.0943595898	0.0995459789	0.1035718379	0.1073236920
97.40	0.0880423347	0.0943595898	0.0995459789	0.1035718379	0.1073236920
97.50	0.0895037834	0.0957376791	0.1008472373	0.1048494393	0.1086996928
97.60	0.0887460426	0.0953739151	0.1009035678	0.1053010043	0.1094520891
97.70	0.0887460426	0.0953739151	0.1009035678	0.1053010043	0.1094520891
97.80	0.0894173783	0.0963559797	0.1022307645	0.1070032119	0.1115576359
97.90	0.0886992960	0.0960185162	0.1023044352	0.1074689673	0.1123270551
98.00	0.0900558768	0.0973050812	0.1035265885	0.1086771614	0.1136386694
98.10	0.0893063993	0.0969317259	0.1035619055	0.1091043896	0.1143714148
98.20	0.0906611029	0.0982205470	0.1047900886	0.1103215806	0.1156935507
98.30	0.0912326513	0.0991017357	0.1060203435	0.1119352253	0.1177206670
98.40	0.0912326513	0.0991017357	0.1060203435	0.1119352253	0.1177206670
98.50	0.0926852423	0.1004919097	0.1073528847	0.1132593302	0.1191512433
98.60	0.0917701470	0.0999480366	0.1072164628	0.1135168807	0.1197184324
98.70	0.0917701470	0.0999480366	0.1072164628	0.1135168807	0.1197184324
98.80	0.0922732457	0.1007588709	0.1083775877	0.1150653621	0.1216852897
98.90	0.0922732457	0.1007588709	0.1083775877	0.1150653621	0.1216852897
99.00	0.0927416340	0.1015336922	0.1095028915	0.1165795164	0.1236197119
99.10	0.0931750295	0.1022719863	0.1105915806	0.1180582224	0.1255202029
99.20	0.0931750295	0.1022719863	0.1105915806	0.1180582224	0.1255202029
99.30	0.0935731814	0.1029732724	0.1116428951	0.1195003923	0.1273852992
99.40	0.0935731814	0.1029732724	0.1116428951	0.1195003923	0.1273852992
99.50	0.0950133092	0.1043698580	0.1129986560	0.1208600468	0.1288557787
99.60	0.0939358702	0.1036371030	0.1126561090	0.1209049724	0.1292135715
99.70	0.0939358702	0.1036371030	0.1126561090	0.1209049724	0.1292135715
99.80	0.0942629084	0.1042630644	0.1136305317	0.1222709443	0.1310036250
99.90	0.0932221088	0.1035511444	0.1132968692	0.1223182140	0.1313630484
100.00	0.0945541401	0.1048507771	0.1145655076	0.1235973251	0.1327541016
